gfx,gfy,gfz,pil0_fx,pil0_fy,pil0_fz,pil0_contact,pil1_fx,pil1_fy,pil1_fz,pil1_contact,pil2_fx,pil2_fy,pil2_fz,pil2_contact,pil3_fx,pil3_fy,pil3_fz,pil3_contact,pil4_fx,pil4_fy,pil4_fz,pil4_contact,pil5_fx,pil5_fy,pil5_fz,pil5_contact,pil6_fx,pil6_fy,pil6_fz,pil6_contact,pil7_fx,pil7_fy,pil7_fz,pil7_contact,pil8_fx,pil8_fy,pil8_fz,pil8_contact
-0.5572216510772705,4.1099467277526855,10.540776252746582,0.0102180549874901,-0.0022251682821661,-0.0276269745081663,0,0.6718371510505676,5.622638702392578,2.417128086090088,1,-0.3386714160442352,-0.2590853273868561,0.4868464469909668,0,0.4072291553020477,1.777314066886902,0.834693193435669,1,-0.8847676515579224,-2.6346449851989746,5.036593437194824,1,0.0049904119223356,-0.002154761692509,0.0198451280593872,0,-0.429666668176651,-0.4056334495544433,1.793063044548035,1,-0.0025975084863603,0.0024444884620606,-0.0366467386484146,0,0.0042067989706993,0.0112935500219464,0.016880590468645,0
0.4017821550369262,-0.5451231002807617,8.702740669250488,-0.0175988730043172,0.0034747917670756,0.0215641632676124,0,-0.1322219222784042,0.1193216666579246,3.715855360031128,1,0.0054600071161985,-0.0230220034718513,-0.061242539435625,0,0.0010185516439378,-0.0049640419892966,0.0069993422366678,0,0.3094209730625152,-0.444076806306839,1.4004127979278564,1,0.0141943031921982,0.0024101547896862,-0.0229138918220996,0,0.0009735554340295,-0.0059446771629154,-0.0099991308525204,0,-0.0045272223651409,-0.0166287291795015,0.062697447836399,0,0.2250627726316452,-0.1756934523582458,3.589367389678955,1
-1.1178700923919678,-1.2400715351104736,15.193608283996582,-0.0001256576360901,-0.000811108155176,-0.0122400019317865,0,-0.0055706864222884,0.0101511143147945,-0.0261066704988479,0,0.0686839967966079,0.0713685601949691,2.487127780914306,1,0.0013363130856305,0.0015087713254615,0.0187842603772878,0,0.0083021782338619,0.0077836439013481,-0.130974605679512,0,-0.9579566717147828,-1.220639944076538,12.207491874694824,1,-0.0017598093254491,-0.0019548099953681,-0.0087698120623826,0,0.0420870743691921,0.0175784435123205,0.0780268982052803,0,-0.2728667259216308,-0.1250562369823455,0.5802692770957947,1
-1.2005561590194702,1.017219066619873,3.465205669403076,-0.0188327617943286,-0.0358590744435787,0.0136376218870282,0,-1.5809144973754885,-0.8136019706726074,1.6996567249298096,1,0.0088468715548515,-0.0149657791480422,-0.0239336434751749,0,0.293178915977478,-0.1023822724819183,0.2031167298555374,0,-0.3003924787044525,-0.3147692382335663,3.1546733379364014,1,0.0656967163085937,0.0999141111969947,1.0043931007385254,1,0.3864200115203857,2.220791339874268,-2.7172319889068604,0,-0.0536724887788295,-0.0061147483065724,0.1310648620128631,0,-0.0008864242699928,-0.0157933644950389,-0.0001708776835585,0
-2.624685287475586,0.4333454966545105,2.779080867767334,0.0203857142478227,0.0030001879204064,0.0166213437914848,0,-3.152735710144043,-0.0770152956247329,0.7049837112426758,1,-0.0012860579881817,-0.014791801571846,-0.0589049197733402,0,0.4762486815452575,0.339271605014801,1.2189369201660156,1,-0.9220162034034728,-0.5775412917137146,1.077904224395752,1,0.0095111047849059,-0.0034733989741653,0.0204134322702884,0,0.9769363403320312,0.7165951132774353,-0.2335435897111892,0,-0.0268475003540515,0.0088063357397913,0.0385844707489013,0,-0.0048816599883139,0.0384940393269062,-0.0059147644788026,0
4.412155151367188,0.581510603427887,8.407872200012207,1.326215386390686,0.2132364511489868,0.8177408576011658,1,-0.4436789453029632,-0.2644049525260925,2.054403066635132,1,-0.0087769171223044,0.0059703742153942,0.0227569974958896,0,2.253453493118286,0.2527790367603302,2.4133236408233643,1,-0.2167771011590957,0.0444270819425582,1.3282108306884766,1,-0.0115724578499794,0.0160650480538606,-0.0167688727378845,0,1.579384446144104,0.401978075504303,1.5227159261703491,1,-0.0601869486272335,-0.0908268317580223,0.2586061954498291,0,-0.0059060798957943,0.0022863156627863,0.0068839318118989,0
0.1014478057622909,1.110612869262695,6.515158653259277,-0.0083087785169482,0.0092199789360165,-0.0361647605895996,0,-0.3107724785804748,0.3030672967433929,2.333043575286865,1,0.0096255093812942,-0.0186454840004444,-0.0231552720069885,0,-0.0034481878392398,0.0054190764203667,-0.031490284949541,0,-0.2571801245212555,0.4178090691566467,2.2946112155914307,1,0.0027397603262215,0.0018577701412141,0.0045750001445412,0,0.0040546911768615,-0.0049206689000129,-0.0149152977392077,0,0.6642195582389832,0.3936137557029724,1.9996076822280884,1,0.0005178915453143,0.0031920576002448,-0.0109525229781866,0
1.209033489227295,0.0897351056337356,16.83037567138672,-0.0014105999143794,0.0136600788682699,-0.0236618611961603,0,-0.1139342635869979,0.7249670028686523,-0.4160380363464355,0,0.0024009831249713,-0.0150957452133297,-0.0221052411943674,0,-0.00227682152763,0.0022129537537693,-0.020209776237607,0,0.2884920835494995,0.9655535221099854,13.24248504638672,1,0.0151105262339115,0.0059762964956462,-0.0030008989851921,0,0.0020111016929149,-0.1427752822637558,-0.0098059736192226,0,1.075265407562256,-1.5201939344406128,4.173503398895264,1,-0.0566248632967472,0.055430244654417,-0.0907921940088272,0
-2.052943468093872,6.507185935974121,18.40107536315918,0.504475474357605,-0.0838582888245582,1.8634053468704224,1,-1.1955748796463013,1.278545379638672,1.5993847846984863,1,0.0002400973753537,-0.0094846850261092,-0.0104340640828013,0,1.6412047147750854,-0.0234863329678773,3.919025182723999,1,-0.2099779695272445,0.3911058008670807,4.135263919830322,1,0.0070368656888604,0.0081905145198106,0.0008010346791706,0,0.6951642036437988,0.7116184830665588,2.23173189163208,1,-3.509150743484497,4.199429988861084,4.693204879760742,1,0.0136388391256332,0.0351248569786548,-0.0313077680766582,0
0.4268740117549896,0.4781218469142914,11.96672248840332,0.008115722797811,0.003999822307378,-0.0083064278587698,0,-1.03701651096344,-0.2038211822509765,1.6074100732803345,1,-0.0002513664367143,-0.0015342776896432,-0.0039225071668624,0,1.1316856145858765,1.1382079124450684,5.609450817108154,1,-0.005066514480859,0.0291956253349781,-0.0099755870178341,0,0.0151309967041015,0.0018410915508866,-0.0033159251324832,0,0.3504473567008972,-0.4881936609745025,4.790059566497803,1,0.0014222239842638,0.0636040791869163,0.0163025688380002,0,-0.037593524903059,-0.0651775300502777,-0.0309796314686536,0
-0.1573289930820465,0.0649125501513481,15.595592498779297,0.0073673827573657,0.00590730458498,-0.0179241020232439,0,0.437958687543869,0.8992289304733276,2.447715282440185,1,0.0020359922200441,0.0055554877035319,-0.0354728773236274,0,0.0045543941669166,0.001276391907595,0.0265051703900098,0,-0.4545462727546692,-0.4417349100112915,10.950828552246094,1,0.0175731163471937,0.0030985733028501,-0.0317689180374145,0,0.2231146395206451,0.0927646681666374,0.2729720175266266,0,-0.4043885767459869,-0.506644070148468,1.9858704805374143,1,0.0090016489848494,0.0054601929150521,-0.0031337039545178,0
0.6563642024993896,0.0466604977846145,6.506381988525391,0.0310781188309192,0.0046281204558908,-0.0039068320766091,0,0.3051965534687042,1.4431748390197754,4.371695518493652,1,-0.0030558733269572,-0.0029136212542653,-0.0179940089583396,0,0.0017743639182299,-0.0087563470005989,-0.0070793945342302,0,0.4640388488769531,-1.4334982633590698,1.931998610496521,1,0.0119856242090463,0.007675610948354,0.0061798761598765,0,-0.0030893345829099,-0.0751428231596946,0.0051022307015955,0,0.0112079922109842,-0.0439438633620739,0.0457646176218986,0,-0.1627721041440963,0.1554369330406189,0.1746213585138321,0
0.5942908525466919,-0.5725617408752441,9.743660926818848,0.1819501668214798,-0.2328982055187225,0.7682306170463562,1,-0.1650717705488205,0.3136477172374725,0.2527294754981994,0,0.0037073036655783,-0.0044663255102932,-0.0341724604368209,0,-0.007680139504373,0.0039247595705091,-0.0133184930309653,0,0.2809236943721771,-0.0497813336551189,7.066675662994385,1,0.008928732946515,0.0109232570976018,-0.0013754320098087,0,0.0058865924365818,0.0185121428221464,0.0087218526750803,0,0.3236137628555298,-0.7579307556152344,1.3454134464263916,1,-0.0379675142467021,0.1255069971084594,0.3507561385631561,0
-0.3878288865089416,-0.1954336464405059,6.175004005432129,-0.0108617898076772,0.0020506670698523,-0.0044895787723362,0,0.0050541581586003,-0.000852556375321,-0.0141854044049978,0,3.127703530481085e-05,-0.0117415012791752,-0.0321410410106182,0,0.3731130957603454,0.1133787855505943,1.9878947734832764,1,0.0045506758615374,0.0060906619764864,0.0093709966167807,0,-0.0089705269783735,0.0013112373417243,-0.0089283976703882,0,-0.7854777574539185,-0.3082178831100464,4.34799337387085,1,0.0366349257528781,0.003697007196024,-0.0929197371006012,0,-0.0019029411487281,-0.0011500731343403,-0.017591044306755,0
-0.4175605475902557,0.6393939852714539,12.968134880065918,0.0089783919975161,0.0002192855608882,-0.0160879325121641,0,-0.9319810271263124,-0.6280381083488464,8.42484188079834,1,-0.0031263129785656,-0.008792333304882,-0.0201903041452169,0,0.7616590857505798,0.6250323057174683,1.6592791080474854,1,-0.3566779196262359,0.2603630125522613,1.455618381500244,1,-0.0175933204591274,-0.0084948604926466,0.0050690863281488,0,0.1175059229135513,0.4078888595104217,1.4008080959320068,1,0.0031555774621665,-0.0100939478725194,0.044902678579092,0,0.0005191219388507,0.001309759565629,0.0138934031128883,0
0.1228895485401153,0.6471124887466431,19.409439086914062,0.0176963843405246,0.0107521442696452,-0.0314198285341262,0,0.9808912873268129,-1.323278546333313,1.652537822723389,1,-1.0188924074172974,0.8942793011665344,3.8345768451690674,1,0.0121611217036843,0.0005334469024091,-0.0019982950761914,0,0.1810434013605117,-0.4289305210113525,-0.4918192923069,0,-0.4126167595386505,-0.3223030865192413,5.385343074798584,1,0.0020303879864513,-0.1346413642168045,0.0056814760901033,0,0.0261862762272357,0.0164714735001325,-0.0756807103753089,0,0.334389865398407,1.934229612350464,9.13221836090088,1
-0.2803240418434143,-0.2940387427806854,14.069120407104492,0.0164995249360799,-0.0145805403590202,-0.0362893566489219,0,0.1043294817209243,-0.0726185292005539,2.1764235496521,1,-0.0009572354028932,-0.0022402931936085,-0.0366534180939197,0,0.000795962754637,0.0004194778739474,-0.0125024383887648,0,-0.0160974692553281,0.0153325023129582,-0.0294267032295465,0,-1.2546250820159912,0.5175526142120361,5.581857681274414,1,0.0035318115260452,-0.0008248381200246,-0.02143170312047,0,-0.0055074887350201,-0.0046829557977616,0.0185072813183069,0,0.8717064261436462,-0.7323961853981018,6.42863655090332,1
0.0364378467202186,0.6249479055404663,12.728005409240724,-0.0030074683018028,0.0056189149618148,-0.0131837399676442,0,-0.0061488128267228,0.0200683791190385,-0.0064407628960907,0,-0.0004372644471004,-0.0046538156457245,-0.0486647300422191,0,0.6686521172523499,0.697271466255188,3.972138404846192,1,-0.002143203979358,0.0122959930449724,-0.0236527789384126,0,0.0002914970682468,0.0067323478870093,-0.0076452642679214,0,-0.6158583164215088,-0.1059178560972213,8.838662147521973,1,-0.00265374337323,-0.0073819612152874,0.0251829847693443,0,-0.0022569843567907,0.0009144459036178,-0.0083908587694168,0
1.0295571088790894,-0.1202929466962814,12.845758438110352,0.1439771354198455,0.4624468088150024,2.2839534282684326,1,-0.0057455943897366,0.0297141578048467,-0.1125373393297195,0,0.0004294831887818,-0.0010256605455651,-0.0055084880441427,0,1.2634313106536863,-1.319790244102478,6.491502285003662,1,-0.0006223429809324,0.0405070036649704,-0.0214698482304811,0,0.0003372413630131,-0.0022408280055969,0.0009229168063029,0,0.0021616972517222,-0.0042056748643517,-0.0166568849235773,0,-0.3818682730197906,0.6181456446647644,4.297391891479492,1,0.00745644653216,0.0561558119952678,-0.0718391612172126,0
-1.0356509685516355,-3.2357497215271,17.30902862548828,-0.0010672740172594,0.0049322098493576,-0.0064412299543619,0,0.9228143692016602,-1.794116497039795,2.7940688133239746,1,-0.5388689637184143,0.0602718405425548,1.0437374114990234,1,0.004017240833491,-0.0028214533813297,0.0038257371634244,0,0.0075931600295007,-0.0378929823637008,-0.0278578735888004,0,-0.7683591842651367,-0.3166802227497101,4.615242004394531,1,0.0094191087409853,-0.1350646018981933,0.0189188048243522,0,-0.026815989986062,0.0642576441168785,-0.0849096402525901,0,-0.644383430480957,-1.078635573387146,8.952444076538086,1
0.8776307702064514,0.0907292813062667,17.382976531982422,0.0101261707022786,8.522986900061369e-05,-0.0205954145640134,0,1.0286810398101809,1.0208237171173096,10.045988082885742,1,-0.0005217579891905,0.0121864536777138,0.0258883293718099,0,0.0026978882960975,0.0029597089160233,-0.0011590069625526,0,-1.0429902076721191,-0.9831245541572572,4.080305576324463,1,0.0063196523115038,0.0062417825683951,-0.0176445208489894,0,0.8742758631706238,0.0319056957960128,3.285106897354126,1,-0.0016750382492318,-0.00157784181647,-0.0143452007323503,0,0.0007171700126491,0.0012291051680222,-0.0005692436243407,0
1.071492314338684,-1.1517605781555176,7.90446662902832,0.1164370402693748,-0.4659077525138855,3.52917742729187,1,0.0446369126439094,0.0338583178818225,0.1909437626600265,0,0.0032050444278866,0.0131219560280442,-0.0051060612313449,0,0.2255880832672119,-0.1225179508328437,0.3359019160270691,0,0.0149748101830482,0.0031293958891183,-0.0104618063196539,0,-0.001104699447751,0.0062376330606639,-0.0041239624843001,0,-0.0602820217609405,0.1418672055006027,-0.0542041361331939,0,0.6672655344009399,-0.7906691431999207,3.921199083328247,1,0.060771569609642,0.0291196852922439,0.0011408089194446,0
1.3595919609069824,0.0892199054360389,21.26449203491211,0.0047570592723786,0.013039774261415,-0.0227257516235113,0,0.210674375295639,0.6544866561889648,0.1657963246107101,0,-0.115726001560688,-0.1375922858715057,0.2278604954481125,0,0.0031577385962009,0.0006196844624355,0.001333013176918,0,0.8282557129859924,-0.1185596138238906,18.41749382019043,1,-0.0022013860289007,-0.002034684177488,-0.0146657647565007,0,0.8043704032897949,0.4041655659675598,0.4256674647331238,0,-0.36679407954216,-0.7300927042961121,2.078202724456787,1,-0.0069018686190247,0.0051874271593987,-0.0144716408103704,0
0.912901759147644,0.7038215398788452,4.751262187957764,0.0062835682183504,0.0066113173961639,0.0314180627465248,0,0.8591070771217346,0.3885188400745392,0.2209991812705993,0,-0.0168827176094055,0.0094718616455793,0.0161046609282493,0,0.0028373531531542,0.0094992332160472,0.076179414987564,0,0.9194756150245668,0.1577030718326568,1.7114927768707275,1,-0.5738197565078735,0.0496757887303829,1.3245497941970823,1,0.0045429915189743,-0.0049173766747117,-0.0040452554821968,0,0.5137220025062561,-0.0504811480641365,0.6284871101379395,1,-0.8023642301559448,0.1377400308847427,0.7460761070251465,1
1.966369867324829,0.8272340297698975,15.4581937789917,0.007165438029915,0.0079885963350534,-0.0538812726736068,0,1.75551176071167,-0.1737968325614929,10.193266868591309,1,-0.0109825460240244,-0.0406890138983726,-0.0368943028151989,0,-0.0083155613392591,0.0119605530053377,-0.0476368069648742,0,-0.5093284845352173,-2.0957181453704834,2.116817712783813,1,0.0187342427670955,0.0117563791573047,0.0171329844743013,0,0.7477887272834778,3.109635591506958,3.367454290390014,1,-0.0248724855482578,-0.0795573592185974,-0.0311637036502361,0,-0.0093312608078122,0.0756542310118675,-0.0669007897377014,0
-1.0227142572402954,1.0105358362197876,8.708057403564453,1.2631677389144895,-0.3714182376861572,1.9078549146652224,1,-0.2168344557285308,0.9322972297668456,0.7459473609924316,1,0.0002034257049672,-0.0077437902800738,0.0047544497065246,0,0.5752432346343994,-0.6009464859962463,2.3880269527435303,1,-0.4180462062358856,0.4590303003787994,2.3432233333587646,1,0.0060401964001357,-0.0015088499058037,0.00227135210298,0,-0.0095645003020763,0.0112551031634211,-0.0063621844165027,0,-2.2159583568573,0.5831695199012756,1.353015422821045,1,-0.006965335458517,0.0064010415226221,-0.030675008893013,0
0.5887767672538757,-0.0480870828032493,19.1057186126709,0.1310455799102783,-1.669861912727356,4.446402072906494,1,-0.0122217033058404,0.0608214884996414,-0.0714071616530418,0,0.0005154168466106,0.0002051601040875,-0.00783097371459,0,0.0006407147739082,0.0012647667899727,0.0061791539192199,0,0.2160165607929229,2.2380247116088867,13.814847946166992,1,0.0101306298747658,0.0018776677316054,0.0037112378049641,0,-0.0105877444148063,-0.0443351790308952,-0.0434149540960788,0,0.2331336587667465,-0.6598913073539734,0.9751128554344176,1,0.0201036073267459,0.0238074418157339,-0.0178814753890037,0
-1.6608692407608032,0.6231633424758911,22.496082305908203,0.0727557837963104,-0.0764952898025512,0.2761033177375793,0,-0.3105605542659759,0.8506113886833191,0.1553591340780258,0,0.0030907317996025,-0.0262377224862575,-0.0249892082065343,0,-0.0146266398951411,0.0139495534822344,-0.0373966731131076,0,-1.988497734069824,1.89275336265564,15.48603630065918,1,0.0048485975712537,0.0071521773934364,0.0148674761876463,0,-0.0085658719763159,0.1979430764913559,-0.0833560973405838,0,0.5337697863578796,-2.2253732681274414,6.760532855987549,1,0.046916838735342,-0.0111397765576839,-0.0510746017098426,0
-0.0435827709734439,-0.2383691221475601,9.641018867492676,0.001081860740669,-0.0061756144277751,-0.0360369123518466,0,0.0441354475915432,0.1190661564469337,2.08179783821106,1,0.0010563401738181,-0.0052575441077351,-0.0227776858955621,0,0.0027469105552881,0.0005774745950475,-0.0028384558390825,0,0.020885782316327,-0.0653838589787483,4.724438190460205,1,0.0042898687534034,0.0001928331330418,-0.0375769324600696,0,0.0051151956431567,-0.0044024935923516,-0.0019816746935248,0,-0.1223265975713729,-0.272223025560379,2.9618492126464844,1,-0.0005675731808878,-0.004763051867485,-0.0258549526333808,0
-0.2935299873352051,0.0550493597984313,9.183256149291992,0.0018213541479781,0.0043098516762256,0.0110858315601944,0,0.789931058883667,-0.7914171814918518,3.052525758743286,1,0.0045029977336525,0.0021895009558647,-0.0356612652540206,0,-0.000930055975914,0.0047522829845547,-0.0051532736979424,0,-8.682095358381048e-05,0.029349585995078,-0.0921713337302208,0,-0.9566000699996948,1.077880620956421,4.405583381652832,1,-0.0034777496475726,-0.0011137488763779,-0.0042353016324341,0,-0.0025026481598615,-0.0044403905048966,0.0219184700399637,0,-0.1261879950761795,-0.2664611339569092,1.8293639421463013,1
0.8769183158874512,2.6093969345092773,13.22744369506836,-0.0080089960247278,0.0091852592304348,0.0115635385736823,0,0.4442474842071533,-0.1453142613172531,0.7158835530281067,1,-0.316973477602005,-0.2499601542949676,1.255638599395752,1,0.0012958307052031,-0.0014899128582328,-0.0229365713894367,0,1.3361362218856812,0.0914244875311851,1.8870986700057983,1,-0.3373515009880066,-0.1967719048261642,1.788827657699585,1,0.00520870834589,-0.0063400212675333,-0.0176014639437198,0,2.3437836170196533,0.4277469515800476,2.2505600452423096,1,-2.5914196968078613,2.680916547775269,5.358410358428955,1
3.045737743377685,-0.5630303621292114,7.027613639831543,0.8624215126037598,-0.1138066500425338,1.498884916305542,1,-0.1424632668495178,-0.0369435958564281,0.8114929795265198,1,0.0023212488740682,-0.0052013164386153,-0.0362138114869594,0,1.3564202785491943,-0.2294099479913711,1.3429596424102783,1,-0.4051666557788849,0.0894234403967857,0.9531124830245972,1,0.0016242460114881,-0.0024764579720795,-0.0011163017479702,0,1.476359248161316,-0.2875239253044128,2.0856306552886963,1,-0.1052269861102104,0.018077066168189,0.3639522492885589,0,-0.0005520244012586,0.0048310230486094,0.0089108906686306,0
-7.85139799118042,-12.313844680786133,11.995794296264648,0.0160896200686693,0.0054396889172494,-0.0262551996856927,0,0.7510588765144348,-0.9574203491210938,1.6342259645462036,1,-1.3379324674606323,0.2185712605714798,1.4137767553329468,1,0.011792367324233,0.0718226134777069,0.4521650075912475,0,0.6993244290351868,-0.2769540846347809,2.19570541381836,1,-1.201839566230774,-0.5704168081283569,2.484093427658081,1,-0.0033688221592456,0.0566257238388061,0.0066040833480656,0,0.4569377601146698,-0.4560614228248596,0.7914621829986572,1,-7.243460178375244,-10.405450820922852,3.0440163612365723,1
1.0221152305603027,1.2183836698532104,6.910880088806152,-0.0088864099234342,0.0029272607062011,0.0022742424625903,0,0.8084718585014343,0.1502665281295776,0.4053834080696106,0,-0.0253812614828348,0.0560004636645317,0.1417113840579986,0,-0.0051678162999451,-0.0009302066173404,-0.0515834093093872,0,1.3628193140029907,0.0831373110413551,1.815477967262268,1,-0.1495567113161087,0.3074510097503662,1.309445023536682,1,0.0046395421959459,-0.0141480723395943,-0.0264432225376367,0,0.1920708864927292,-0.039516907185316,0.421968013048172,0,-1.1568942070007324,0.6731962561607361,2.892646312713623,1
0.5847792625427246,-0.262948215007782,11.70311164855957,0.0409250706434249,0.0088420007377862,0.0113826589658856,0,0.0585706047713756,-0.0443565398454666,0.339447945356369,0,-0.2927165627479553,0.1642006188631057,1.6648098230361938,1,0.0013164649717509,-0.0021795367356389,0.016650078818202,0,0.2529816329479217,0.5741249322891235,2.778328895568848,1,-0.0665840432047844,-0.0657720416784286,0.2649299800395965,0,0.0204821601510047,0.0243914276361465,0.0739088356494903,0,0.5628775358200073,-0.9820348024368286,6.592756748199463,1,0.0069264229387044,0.0598357245326042,-0.0391026176512241,0
1.3586398363113403,1.4975429773330688,18.714475631713867,0.5345808863639832,0.147124245762825,0.4857683777809143,0,-0.6529356241226196,-0.058682233095169,3.2319023609161377,1,-0.0266947578638792,0.1302558332681656,1.452182054519653,1,1.1496529579162598,0.063088022172451,1.1176066398620603,1,-0.6803410649299622,0.4226482510566711,4.08210563659668,1,-0.0825929790735244,0.5258273482322693,3.352258920669556,1,1.3150283098220823,-0.0959548726677894,0.6504956483840942,1,-0.1599812507629394,0.2089926898479461,2.708781242370605,1,-0.0380765981972217,0.1542435586452484,1.6333755254745483,1
0.7044459581375122,1.4370667934417725,21.336166381835938,0.0175063051283359,0.0030532586388289,-0.0205051600933074,0,0.0844583213329315,0.0060526742599904,-0.1661705523729324,0,-0.8534986972808838,0.7995644807815552,4.671453475952148,1,0.00384375709109,0.0087601775303483,-0.0290428157895803,0,1.0948771238327026,1.5577352046966553,6.130799770355225,1,0.0076606343500316,0.00402357801795,-0.0260292440652847,0,-0.0082651693373918,0.0986248180270195,-0.1282341331243515,0,0.3352196216583252,-1.1227182149887085,10.95860767364502,1,0.0226440578699111,0.081971064209938,-0.0547116063535213,0
-1.6308157444000244,-3.375844955444336,5.179083824157715,0.4972931444644928,-0.4682819843292236,0.6776506304740906,1,-1.5869635343551636,-1.0766383409500122,1.0898396968841553,1,0.0023430753499269,-0.0023819128982722,-0.0147965429350733,0,0.5809102058410645,-0.6099454164505005,1.0171310901641846,1,-0.3942568302154541,-0.5579332113265991,0.8929982781410217,1,0.0094655295833945,0.0013321765,-0.0047759679146111,0,0.006131762638688,0.0966225489974021,0.0538625493645668,0,-0.7437137365341187,-0.7867920994758606,1.5336403846740725,1,-0.0020254077389836,0.028173292055726,-0.066466100513935,0
-0.160904049873352,-0.6010475754737854,8.122859001159668,-0.0685604289174079,-0.2944650650024414,4.3502702713012695,1,0.0165019519627094,0.0861773714423179,0.1202038899064064,0,-0.0016896697925403,-0.01764134503901,-0.0031197313219308,0,0.7068677544593811,-0.5252764821052551,1.129496932029724,1,0.0098965400829911,-0.0026111693587154,0.074585735797882,0,0.0002097060350934,0.0008479475509375,-0.0067465351894497,0,-0.0088042374700307,0.0234652645885944,-0.0474788099527359,0,-0.8233077526092529,0.1053604260087013,2.463476657867432,1,0.0079821348190307,0.0230954475700855,0.0421708710491657,0
-0.2171109318733215,0.1451872587203979,1.3621586561203003,0.0950094908475875,0.0038843401707708,0.2646373510360718,0,-0.2093397378921508,0.1404124796390533,0.125246912240982,0,-0.0098413238301873,-0.0374996699392795,0.01486511901021,0,0.1512714773416519,-0.0031901500187814,0.2082915604114532,0,-0.0788851827383041,0.0250091478228569,0.4942595958709717,0,-0.0032393531873822,-0.009007154032588,-0.0117409713566303,0,0.0552837923169136,0.0193197950720787,0.0578095540404319,0,-0.200273260474205,0.0032101734541356,0.2042236477136612,0,-0.0170968361198902,0.0030482907313853,0.0045658349990844,0
0.2644329369068146,0.0443999655544757,6.662214279174805,0.0767485052347183,0.0349035710096359,0.2571628987789154,0,-0.0065154624171555,0.0080233197659254,-0.0219249110668897,0,-0.0018778423545882,0.0072305393405258,0.0548809841275215,0,0.3182767033576965,0.0171785559505224,4.150368690490723,1,-0.0025557335466146,-0.0087953396141529,0.0258663967251777,0,-0.0076809702441096,-0.0091722412034869,0.0078654559329152,0,-0.1195328161120414,-0.0121235679835081,2.2468130588531494,1,0.006581091787666,0.0020830160938203,-0.0712147057056427,0,0.000989464810118,0.0050721154548227,0.0123957972973585,0
0.2324339300394058,-0.6226669549942017,4.775699615478516,-0.0149899246171116,0.003339015180245,0.0556078255176544,0,0.0012127521913498,0.0023606354370713,-0.0011192016536369,0,-0.6851525902748108,-0.2454300075769424,2.1739776134490967,1,0.0019630324095487,-0.0004658020043279,-0.0147024486213922,0,0.0015297376085072,0.0381591022014617,-0.0540762618184089,0,-0.0364358946681022,-0.0621978379786014,0.0002229033561889,0,-0.0038125503342598,-0.1331104189157486,-0.0553038530051708,0,0.9425655007362366,-0.2497767508029937,2.702104330062866,1,0.0255539026111364,0.0244550667703151,-0.0310116223990917,0
1.5870678424835205,3.1229827404022217,4.521897792816162,0.8403334021568298,0.8090035319328308,1.0845203399658203,1,-0.0144837126135826,0.0073871803469955,0.0099679492413997,0,0.000975739036221,0.0083825886249542,0.0436305999755859,0,1.2104787826538086,0.7480985522270203,1.4996973276138306,1,-0.4972018897533417,0.4935038387775421,0.3585646152496338,0,0.0089367199689149,-0.0001124215123127,0.0018375335494056,0,0.7301624417304993,0.4462661147117615,0.7002321481704712,1,-0.68913733959198,0.6229854822158813,0.8555500507354736,1,-0.0029963173437863,-0.0125320423394441,-0.0321028605103492,0
3.220289468765259,-1.6986665725708008,19.242794036865234,0.0076755094341933,0.0065176365897059,-0.0386969335377216,0,2.318101644515991,-2.0924007892608643,6.994372844696045,1,-0.0197117142379283,0.0014689534436911,-0.1002573519945144,0,-0.0049005984328687,0.0122234877198934,-0.0143217789009213,0,0.3307622969150543,-0.6532866954803467,-0.9573009610176086,0,-0.353226751089096,0.4439370930194855,4.402119159698486,1,0.0026096941437572,0.0705646127462387,0.0199046712368726,0,0.125074490904808,-0.0745403468608856,-0.0891677811741828,0,0.8139050602912903,0.5868496298789978,9.026141166687012,1
0.2162624299526214,-0.5499830842018127,7.796635150909424,-0.0003222413943149,-0.0025755439419299,-0.0359719507396221,0,-0.8774087429046631,-1.0246597528457642,4.801826477050781,1,0.0017345045926049,0.0015796689549461,-0.0036248613614588,0,0.5589495301246643,0.2201947271823883,1.5319229364395142,1,-0.0820076167583465,-0.0869075208902359,0.2536219358444214,0,0.0050332192331552,-0.0002895363722927,-0.0064440523274242,0,0.597528874874115,0.3286716043949127,1.287758708000183,1,0.0081986561417579,0.008343662135303,-0.0499308444559574,0,0.0045562358573079,0.0056596905924379,0.0174772329628467,0
-1.0143446922302246,2.408403158187866,17.329917907714844,0.0044315159320831,-0.0015727361897006,-0.0019892007112503,0,0.2134701162576675,1.4842382669448853,2.871242046356201,1,-0.0009176433668471,-0.0171722285449504,-0.0143676325678825,0,-0.0007647668826393,0.0057840859517455,-0.0039977361448109,0,-0.7773769497871399,0.038196638226509,8.272329330444336,1,-0.0133352568373084,-0.0062602530233561,0.0027767261490225,0,-0.0047650812193751,0.0052656433545053,0.0056369542144238,0,-0.4331600964069366,0.8970130085945129,6.183765411376953,1,-0.0019265881273895,0.0029108454473316,0.0145221455022692,0
-4.208249568939209,-6.73811149597168,12.450437545776367,-0.0230488404631614,-0.0468471236526966,0.0369254499673843,0,1.517009735107422,-1.4219133853912354,2.0969908237457275,1,-0.1991409957408905,0.0133360298350453,0.1661501824855804,0,0.013688831590116,-0.0248374342918396,0.2399618625640869,0,0.6124685406684875,0.0507397390902042,2.1400623321533203,1,-1.2281429767608645,-0.0006848351913504,3.041017532348633,1,0.0294389873743057,-0.0557040199637413,0.0377748049795627,0,0.0872568637132644,-0.2448804676532745,0.6297497153282166,1,-5.017779350280762,-5.007320404052734,4.061804294586182,1
0.0048320116475224,0.5836882591247559,6.458126068115234,-0.0018467876361683,0.000161505799042,-0.0119400350376963,0,-0.1667441576719284,0.303981602191925,2.5020265579223637,1,-0.0034019832964986,-0.0002943665895145,0.0305577181279659,0,0.0012387399328872,0.0031190828885883,0.0282784011214971,0,-0.2315179407596588,-0.2115136384963989,0.8567063808441162,1,0.0138178616762161,0.0042119841091334,-0.0113960206508636,0,0.3920934796333313,0.4805676937103271,3.060776233673096,1,-0.0012011533835902,0.0008237299625761,0.0017941591795533,0,0.0023939439561218,0.0026306440122425,0.0013222253182902,0
1.1253935098648071,-2.880983829498291,14.61859893798828,-0.0360234305262565,-0.0359037965536117,0.0529762655496597,0,0.8128113746643066,-1.9069266319274905,4.589227676391602,1,0.000960505742114,-0.0263164956122636,-0.0449656844139099,0,0.0036998535506427,-0.0006727629806846,-0.0076533346436917,0,0.0309020057320594,-0.0313431248068809,0.0748164877295494,0,-0.6228917241096497,0.5434595346450806,3.647479295730591,1,0.0053278878331184,0.0618496015667915,0.0156766660511493,0,0.0976018831133842,0.0048221591860055,0.0643169954419136,0,0.8330051302909851,-1.4899520874023438,6.226724147796631,1
0.8481104969978333,0.2383915930986404,10.266758918762209,0.6329255700111389,-0.3442378342151642,1.491130828857422,1,-0.0128056351095438,0.0665699988603591,0.0048014842905104,0,0.0008323539514094,-0.0008710542460903,-0.0405481494963169,0,0.0038643928710371,-0.0018477896228432,0.0026422168593853,0,-0.1145040392875671,0.2790720760822296,1.9685444831848145,1,0.0143294772133231,0.004271668381989,0.03107151389122,0,0.0053407582454383,0.0238389745354652,-0.0218212287873029,0,0.3036717474460602,0.2089618295431137,6.857938766479492,1,0.0144558493047952,0.0026337346062064,-0.0270009748637676,0
0.445198655128479,-0.1715921759605407,6.247739315032959,-0.0118206217885017,0.0060670492239296,0.0049031525850296,0,0.2893345057964325,-0.2155178934335708,3.336243152618408,1,0.0045636356808245,0.001786857843399,-0.0105789862573146,0,0.197133406996727,0.095359943807125,0.3772761523723602,0,0.0038222190923988,0.0144900381565094,-0.0438948161900043,0,0.0196939911693334,0.0116896163672208,-0.0310293696820735,0,-0.0653408244252204,-0.0885088667273521,2.5555076599121094,1,0.0014463502448052,-0.007785502821207,0.0454563908278942,0,0.0063660498708486,0.0108265718445181,0.0138560878112912,0
0.8416942358016968,-0.7606196403503418,16.171401977539062,1.220426321029663,-1.079635500907898,3.5848944187164307,1,-0.0032511102035641,0.0018012358341366,-0.014904337003827,0,0.0045613795518875,-0.0027254887390881,-0.0270746480673551,0,0.0066311666741967,-0.0072558536194264,0.0610219798982143,0,-0.6249524354934692,0.3831637501716614,0.7556825280189514,1,0.0056754797697067,0.0006068581133149,-0.0134060913696885,0,0.0064597111195325,-0.0032408100087195,-0.0099596744403243,0,0.2274126857519149,-0.0516409911215305,11.847899436950684,1,-0.0012690161820501,-0.0016927701653912,-0.0127523317933082,0
1.7543293237686155,0.4860959351062774,11.003419876098633,-0.0015519420849159,0.0026470671873539,-0.0270519591867923,0,0.8789860606193542,0.3900941014289856,1.0018970966339111,1,-1.169611930847168,-0.4130135774612427,1.2325044870376587,1,-0.006694249343127,0.0182481557130813,0.7691265940666199,1,1.5473686456680298,0.2948457896709442,2.78751802444458,1,-0.7764260172843933,0.052321620285511,2.8681697845458984,1,-0.0005669324309565,-0.0050488854758441,-0.0216342229396104,0,2.097352266311645,0.1036277636885643,1.098917841911316,1,-0.8145264387130737,0.0423739068210125,1.2939722537994385,1
0.1857907772064209,-0.3207254409790039,6.350366592407227,-0.0453504025936126,0.0085076196119189,0.0673769563436508,0,0.2131260633468628,-0.1214841306209564,0.2614963352680206,0,0.0045602633617818,-0.0132648590952157,-0.0522249452769756,0,-0.0020013332832604,-0.0057381452061235,-0.0244212858378887,0,-0.0070800678804516,-0.0035082772374153,-0.0345051661133766,0,-0.5112674832344055,0.2133357375860214,2.9644975662231445,1,-0.0045397975482046,0.0065052295103669,-0.0086108669638633,0,-0.0558080486953258,-0.0015609913971275,0.0476628988981246,0,0.5941515564918518,-0.4035176038742065,3.1290948390960693,1
-0.2641175985336303,-1.4770464897155762,8.454733848571777,-0.0126929357647895,0.0115906856954097,-0.0235047042369842,0,0.1483267545700073,0.0538485124707222,2.433297872543335,1,-0.0051155001856386,-0.000363284634659,-0.0136234201490879,0,1.4221044693840668e-05,0.0102009922266006,-0.0163137316703796,0,-0.4011554718017578,-1.4145338535308838,5.613512992858887,1,0.0283073205500841,-0.0006955782300792,-0.0126960491761565,0,0.0142418714240193,-0.0023538521490991,-0.0091192685067653,0,-0.0379451662302017,-0.1449333131313324,0.4702767133712768,0,0.0019012574339285,0.0101933209225535,0.0129028083756566,0
1.327845335006714,-2.9789905548095703,8.981863975524902,0.02905591763556,-0.01429951377213,0.0234762225300073,0,2.139385223388672,-2.1794989109039307,7.034142017364502,1,0.0033024088479578,0.0098285926505923,-0.033492062240839,0,-0.0020345773082226,-0.0020767610985785,0.003302146680653,0,0.6234042048454285,-1.4977463483810425,0.4323722124099731,0,0.0175854284316301,0.0024501646403223,0.027837298810482,0,-0.0011649077059701,0.0171019155532121,-0.0191753860563039,0,0.0167959723621606,-0.0685367956757545,0.0591304525732994,0,-1.4984841346740725,0.7537869215011597,1.454271674156189,1
5.541499137878418,-0.9825225472450256,17.260034561157227,-0.0063962736167013,0.0052340519614517,-0.0383112989366054,0,4.786701679229736,-2.5410213470458984,10.064740180969238,1,-0.0025332737714052,0.0045401747338473,0.0039887414313852,0,-0.0029197589028626,-0.0017828299896791,-0.0086346641182899,0,1.0380371809005735,1.4418686628341677,6.492356300354004,1,0.0085049429908394,0.0108800157904624,0.0135924285277724,0,-0.0232328660786151,0.2363331019878387,0.431667149066925,0,-0.2582991421222687,-0.1222158297896385,0.2873357236385345,0,0.0016369018703699,-0.0163584779947996,0.0133007960394024,0
-0.7644392848014832,-7.581307411193848,21.28519821166992,-0.0988392531871795,0.0347488671541214,0.0121835228055715,0,1.6024175882339478,-2.223237991333008,3.1844794750213623,1,0.0004227918980177,-0.0294196736067533,-0.1668361127376556,0,0.004741923417896,-0.0079505397006869,0.0047393441200256,0,0.0166924111545085,0.0344069376587867,-0.0306700840592384,0,-3.2472736835479736,0.3316630423069,12.352546691894531,1,0.0207354817539453,-0.0156241934746503,-0.0333927422761917,0,0.0531785897910594,-0.0740623548626899,-0.0744012519717216,0,0.8834848999977112,-5.631831169128418,6.036550521850586,1
2.081063270568848,-0.8032739758491516,14.389633178710938,0.025520771741867,0.0035215537063777,-0.0426410287618637,0,1.2267420291900637,0.1381766349077224,4.998039722442627,1,-0.0022502175997942,0.0264718532562255,-0.0298998765647411,0,0.0021807032171636,0.0003256984928157,-0.0145195322111248,0,1.1872987747192385,-0.4682198762893677,6.804704189300537,1,0.0169429760426282,0.0133574465289711,0.0261005461215972,0,0.0102709764614701,0.0366635657846927,-0.1050282642245292,0,-0.405523806810379,-0.592229425907135,2.766549825668335,1,0.0198807064443826,0.0386585816740989,-0.0136720100417733,0
0.3573596477508545,0.5451223254203796,14.538108825683594,0.0021054793614894,0.0066836536861956,-0.0114935478195548,0,1.8599205017089844,0.2711309492588043,2.3943066596984863,1,-0.2722341120243072,-0.0279324129223823,0.5919188261032104,1,0.0004928343696519,-0.0036980980075895,-0.0129524553194642,0,1.9970327615737915,0.0555681958794593,2.362823009490967,1,-1.693820834159851,0.1150785014033317,3.5957729816436768,1,0.0030141768511384,-0.0035863148514181,-0.0197659246623516,0,1.1177871227264404,-0.1896699070930481,0.5210085511207581,1,-2.656938314437866,0.3215477466583252,5.116491317749023,1
0.3337011337280273,-0.1722698509693145,5.439135551452637,0.0182947982102632,0.002372502349317,-0.0025825223419815,0,-0.0001859533658716,-0.0154876001179218,0.014000934548676,0,-0.0485553406178951,0.0503543093800544,1.068423628807068,1,-0.002516770735383,0.0050159841775894,0.0027231543790549,0,0.0025363797321915,0.0210069417953491,0.0400134734809398,0,0.1112947463989257,-0.1194034591317176,2.78985595703125,1,-0.0146088823676109,0.0159206464886665,-0.0844326317310333,0,0.0044240076094865,-0.0381148494780063,-0.0182538665831089,0,0.2630181610584259,-0.0939343199133873,1.6293874979019165,1
1.895545244216919,-0.2862856686115265,9.853630065917969,2.5243585109710693,-0.6436290144920349,0.7593291997909546,1,-0.5696163773536682,-0.0103098005056381,2.082510232925415,1,-0.0062719974666833,0.0006802425486966,0.00752645265311,0,1.7068179845809937,-0.4403019249439239,0.8748809695243835,1,-1.6325361728668213,0.5062639117240906,2.4252374172210693,1,0.0209888238459825,0.0117258634418249,-0.0404347479343414,0,1.6757240295410156,-0.3250366747379303,1.7387971878051758,1,-1.8203552961349487,0.6147927045822144,2.005509614944458,1,-0.0035645342431962,-0.0004710128705482,0.0002733033616095,0
0.0500782653689384,-0.3893197476863861,4.512584686279297,-0.0004109341243747,8.170544606400654e-05,-0.0043718465603888,0,-0.0012413799995556,-0.0087424013763666,-0.0043735434301197,0,-0.3813638091087341,-0.36090287566185,2.8223717212677,1,-0.0004305448092054,0.0057345749810338,-0.0073080211877822,0,0.1620367020368576,0.0783599615097045,0.1174147352576255,0,-0.290021151304245,-0.164778470993042,0.7880996465682983,1,0.0032176615204662,0.0018583396449685,-0.0001069803038262,0,0.5559861063957214,0.0592704154551029,0.8032510876655579,1,0.0023056189529597,-0.0002009937888942,-0.0023917483631521,0
0.8354906439781189,-0.1965555995702743,3.3810677528381348,0.0023823657538741,-0.0050434805452823,-0.0321465916931629,0,-0.6068760752677917,-0.2031882405281067,0.9162761569023132,1,-0.0002599739818833,-0.0214572250843048,-0.0801675394177436,0,0.5312666296958923,0.0189794730395078,0.2630353271961212,0,-0.1243283748626709,0.0437034592032432,0.5068220496177673,1,-0.005170137155801,0.0225972719490528,0.0882433652877807,0,1.042445182800293,-0.0544779524207115,1.6877292394638062,1,-0.0041504111140966,-0.0071333218365907,0.0382123254239559,0,0.000181523442734,0.0094644101336598,-0.006936521269381,0
0.2160884290933609,-0.1345781534910202,7.755117893218994,0.0017890481976792,0.0066323513165116,-0.0362699553370475,0,0.0024970574304461,0.0155885303393006,-0.0372818633913993,0,0.3705384135246277,0.1294420212507248,3.8543155193328857,1,0.001127092167735,-0.0015755755594,0.0033331722952425,0,0.2712698578834533,0.2059067636728286,0.4768039286136627,0,-0.1808821260929107,-0.2233681380748748,0.9069451689720154,1,-0.0071556763723492,0.0028766570612788,-0.0049008638598024,0,-0.2400067150592804,-0.25994673371315,2.6351547241210938,1,-0.0030884908046573,-0.0101340357214212,-0.0429814830422401,0
2.0827083587646484,-1.1162396669387815,13.116926193237305,-0.0667109414935112,0.0063399402424693,-0.0787608250975608,0,2.25079345703125,0.1190694123506546,8.38271713256836,1,0.004456867929548,0.0108423288911581,0.0202066265046596,0,0.0028287523891776,0.0016076426254585,-0.0131281316280364,0,-0.1066992878913879,-1.221892237663269,4.595960140228272,1,0.0092868795618414,0.0051871081814169,-0.0054587665945291,0,0.0101095354184508,0.0961148142814636,0.2207874804735183,0,-0.0085844593122601,-0.1103129312396049,0.0203393530100584,0,-0.012772305868566,-0.0231958776712417,-0.0257347971200943,0
-2.156228542327881,-4.570499420166016,10.143606185913086,-0.0260956287384033,0.0014603658346459,-0.021184017881751,0,2.802077531814575,-2.5920886993408203,2.543967962265014,1,0.0095281349495053,-0.0281948503106832,-0.0210137423127889,0,-0.0110585130751132,0.0015061071608215,-0.0106302592903375,0,0.7631064057350159,-1.2869198322296145,-0.7436942458152771,0,-0.8926882743835449,0.4126305878162384,3.665462017059326,1,-0.0088627999648451,0.1371117532253265,0.064284861087799,0,0.0782079473137855,-0.0135141434147953,-0.0536462105810642,0,-4.870443344116211,-1.2024903297424316,4.720060348510742,1
1.2470455169677734,0.6602338552474976,13.833559036254885,2.599665403366089,-0.8607713580131531,1.818332314491272,1,-0.0129633992910385,-0.0164529029279947,-0.0210114084184169,0,0.0020401813089847,-0.0201090574264526,-0.0004831755650229,0,0.2044553309679031,-0.181803897023201,0.2471028864383697,0,0.2971051931381225,1.222809672355652,5.974983215332031,1,0.0084715262055397,-0.0018197986064478,0.0098268138244748,0,-0.0373830907046794,-0.1210765466094017,0.1159772872924804,0,-1.8253918886184688,0.6534408330917358,5.685482025146484,1,0.0110461078584194,-0.0139830661937594,0.0033494867384433,0
1.870994448661804,-0.0493613258004188,4.700726509094238,2.620086193084717,-0.6428897976875305,1.4312032461166382,1,0.0169948153197765,-0.0072654751129448,0.007184580899775,0,-0.0038960056845098,-0.0105149475857615,0.0089152948930859,0,1.2862318754196167,-0.5311539173126221,1.22278094291687,1,-0.4458223581314087,0.4036586284637451,0.2794052064418793,0,-0.0141267664730548,0.0145718408748507,-0.0270949359983205,0,0.0899343639612197,-0.0314094722270965,0.1357650011777877,0,-1.6722655296325684,0.7454541921615601,1.6334284543991089,1,-0.0061422367580235,0.0101876500993967,0.0091384425759315,0
0.5405988097190857,-0.0212781000882387,7.462761402130127,0.026045611128211,-0.0060508623719215,-0.0516014173626899,0,-0.0007777833961881,-0.0031490686815232,0.002741472562775,0,-0.0007565899868495,-0.0199707839637994,-0.0489699728786945,0,0.934082567691803,-0.7994440793991089,5.249668598175049,1,0.0171119272708892,-0.0069953277707099,-0.0337133817374706,0,0.0007654106011614,-0.0093053029850125,0.0053074308671057,0,0.0032443844247609,-0.0012465940089896,-0.0104527454823255,0,-0.4368786811828613,0.8220187425613403,2.365910768508911,1,-0.0022380396258085,0.0028651191387325,-0.0161289572715759,0
1.7330952882766724,-5.032703876495361,24.99566650390625,-0.0147980535402894,-0.0026221382431685,0.0135085256770253,0,2.5603396892547607,-3.1958272457122803,9.839988708496094,1,0.0001023544828058,-0.0222216956317424,-0.112319529056549,0,-0.0031057046726346,-0.0069737606681883,0.0151564758270978,0,0.3822847008705139,-1.3832451105117798,-1.7607966661453247,0,-0.9021193385124208,0.317943662405014,6.27946138381958,1,0.019697830080986,-0.0873729288578033,0.1102945059537887,0,0.0304242260754108,-0.1160963922739029,-0.0404127836227417,0,-0.3397301137447357,-0.5362880825996399,10.650784492492676,1
-0.5882096886634827,0.5217658281326294,9.28557586669922,0.7901212573051453,-0.067933402955532,0.909470558166504,1,-0.2466238886117935,0.3214175999164581,0.7001063823699951,1,0.0180327352136373,-0.0043975128792226,-0.003716507460922,0,0.349250316619873,0.0041961399838328,0.2175680994987487,0,-0.4074790775775909,0.22597137093544,4.983975410461426,1,0.0697430074214935,0.0705732479691505,0.906314730644226,1,-0.000277529557934,-0.0520306713879108,-0.0047727059572935,0,-1.158277153968811,0.0196687467396259,1.5965930223464966,1,-0.0026994324289262,0.0043002986349165,-0.0199628360569477,0
0.8346357941627502,-0.4765994548797607,7.737324714660644,-0.0020629707723855,0.0372661277651786,-0.0799957960844039,0,0.1565331220626831,-0.2747735977172851,0.2337775081396103,0,0.0050821537151932,-0.0121405208483338,-0.0508711114525795,0,0.008175584487617,0.0054171034134924,0.0065041156485676,0,0.0096254497766494,0.0075987349264323,0.0525137335062027,0,-0.0172132104635238,0.0864286944270134,3.710449934005737,1,-0.001365425530821,0.0802055895328521,-0.0049366001039743,0,0.0636637955904007,0.0250210855156183,-0.0460747480392456,0,0.6121972799301147,-0.4316226541996002,3.9159576892852783,1
-0.9206110239028932,-1.1197527647018433,12.43942642211914,0.4611342251300812,-0.2557551860809326,0.3054281771183014,0,-0.5871556997299194,0.0440219305455684,2.0683369636535645,1,-0.0107295401394367,0.0071218628436326,0.1578226834535598,0,0.4982824623584747,-0.2578421831130981,0.7123906016349792,1,-0.3900584876537323,-0.252064973115921,4.963711261749268,1,0.1292568743228912,0.1666981279850006,2.119307041168213,1,0.1383540630340576,-0.2119750827550888,0.100189134478569,0,-1.1767641305923462,-0.4375411868095398,1.9341633319854736,1,0.0170692354440689,0.0775838568806648,0.0780783668160438,0
1.3005828857421875,-0.2823538184165954,8.587113380432129,0.8734114766120911,-0.2513478100299835,0.7817082405090332,1,-0.0089433072134852,0.0266535505652427,0.8083084225654602,1,-0.0165606159716844,-0.0301137957721948,0.1875381022691726,0,0.7057555317878723,-0.2150330990552902,0.731287956237793,1,-0.3498163819313049,0.1291325688362121,2.190536499023437,1,-0.0293045118451118,0.1345565766096115,1.640239119529724,1,0.5399143099784851,-0.1059256047010421,0.4589837789535522,0,-0.396807312965393,0.0341311544179916,1.5318812131881714,1,-0.0170663241297006,-0.0044074202887713,0.256630003452301,0
1.0834336280822754,0.1039750203490257,14.452646255493164,0.0085213407874107,0.0011036114301532,-0.0251129530370235,0,0.5031930208206177,0.5313026905059814,8.220170021057129,1,-0.0142657281830906,0.0184152219444513,-0.0124036148190498,0,0.3550122082233429,0.4954411089420318,1.0217103958129885,1,0.0046307537704706,-0.0082275513559579,0.0960777103900909,0,0.004458540584892,0.0034480113536119,0.0131347337737679,0,0.2328561544418335,-0.9241414666175842,5.175475120544434,1,0.0084009021520614,-0.032279796898365,0.03699916228652,0,-0.0193737037479877,0.0189132373780012,-0.0734041333198547,0
0.3421129286289215,-0.4636920094490051,6.575395584106445,0.0078281620517373,0.0020862992387264,-0.0305570513010025,0,-0.3085224628448486,-0.446791261434555,2.3005762100219727,1,0.0002412755566183,-0.0090824179351329,0.0032361261546611,0,0.615032434463501,-0.0711553543806076,2.764606714248657,1,-0.0017276227008551,-0.0059037045575678,-0.0419938936829566,0,-0.0152248162776231,0.0024480079300701,0.0027932678349316,0,0.0518797524273395,0.0719161927700042,1.5322881937026978,1,-0.0125622376799583,-0.0035898350179195,0.0490193031728267,0,0.0051683941856026,-0.0036199556197971,-0.0045728995464742,0
0.2624442875385284,-0.4230635166168213,9.532164573669434,0.636836051940918,-0.2530789077281952,3.0959761142730717,1,-0.0448904335498809,0.0123193142935633,-0.0665808469057083,0,0.0067725321277976,-0.0251872912049293,0.0017450805753469,0,0.3563185632228851,-0.1212538406252861,0.846803605556488,1,-0.1891035586595535,0.2934176921844482,2.281591415405273,1,0.0098246885463595,0.000650656002108,0.0053187026642262,0,0.0107704196125268,-0.2285115867853164,0.0578832738101482,0,-0.5426170229911804,-0.1594138145446777,3.341461420059204,1,0.0185329597443342,0.0579942725598812,-0.0320340320467948,0
1.0879621505737305,1.941309928894043,4.704578399658203,0.5357281565666199,0.4023789465427398,0.2449402660131454,0,-0.1142557859420776,0.1030637174844741,0.4856850206851959,0,0.0059457942843437,-0.0180850829929113,-0.0487419627606868,0,0.8051866888999939,0.5100906491279602,0.2684756219387054,0,-0.4251474142074585,0.3984675705432892,1.5862243175506592,1,0.0204146057367324,0.1305572390556335,0.9083995223045348,1,0.4967851340770721,0.2414742261171341,0.3149585723876953,0,-0.2387651205062866,0.1704366356134414,0.9550362229347228,1,0.0020701116882264,0.0029260392766445,-0.0103994067758321,0
0.265091598033905,-0.3391374051570892,7.549264907836914,0.0056828157976269,-0.0003240889054723,-0.0432489849627018,0,0.1036948636174202,0.1104017868638038,0.072171114385128,0,0.0019762518350034,0.0029200112912803,-0.0562792904675006,0,0.0005041498225182,0.0009055752307176,0.0076408134773373,0,-0.012965278699994,-0.5087980628013611,6.1359171867370605,1,-0.000498917826917,-0.0106308823451399,0.0102753350511193,0,0.1716371178627014,0.0710456296801567,1.4459474086761477,1,-0.0016585629200562,-0.0017743502976372,-0.011045261286199,0,-0.0032808554824441,-0.0028830426745116,-0.012113768607378,0
0.9154442548751832,0.4225583970546722,6.150928020477295,0.3461755812168121,0.1869087517261505,1.1178592443466189,1,-0.0011517431121319,-0.0053643090650439,0.273669421672821,0,-0.001730978838168,0.0001295060355914,-0.0320603810250759,0,0.8512740731239319,0.049669574946165,0.2583037316799164,0,-0.2703378200531006,0.0328909270465374,1.4982542991638184,1,-0.023876940831542,0.0322935096919536,0.9071176052093506,1,0.7982494235038757,0.1446172147989273,0.0835439637303352,0,-0.7799549698829651,-0.0304708667099475,2.045604467391968,1,-0.0032023910898715,0.0118840932846069,-0.0013642602134495,0
4.140086174011231,-0.5930468440055847,20.77656555175781,-0.0684204250574112,-0.0039617829024791,-0.0249894298613071,0,2.7317209243774414,-0.48518106341362,7.826314926147461,1,-0.003308524377644,-0.002891075098887,-0.0758570879697799,0,0.0002523360017221,-0.01108562014997,-0.0082747461274266,0,0.3075610697269439,-0.4720509946346283,-0.6498419046401978,0,-0.549724280834198,0.752676248550415,5.430395126342773,1,0.0173115879297256,-0.0263488255441188,0.0945019870996475,0,0.0285084750503301,-0.0910328924655914,-0.0091045750305056,0,1.676185131072998,-0.2531708776950836,8.19342041015625,1
2.167158603668213,0.1154219955205917,11.34361743927002,0.0028631968889385,0.0036453139036893,0.0027810058090835,0,0.1843763589859008,0.1576045304536819,1.1443772315979004,1,-1.1831212043762207,-0.4384016990661621,1.5798192024230957,1,0.0101411826908588,-0.0095423469319939,0.82359379529953,1,1.7257568836212158,0.4878358840942383,2.8314473628997803,1,-0.6062219738960266,-0.0940537080168724,3.093224287033081,1,0.0167357213795185,-0.0020635605324059,-0.0152108129113912,0,2.0852456092834477,0.0489586405456066,1.2415155172348022,1,-0.0686171129345893,-0.0385610610246658,0.6420710682868958,1
0.5327774882316589,0.6302334666252136,14.51683521270752,-0.0127205336466431,0.0092160375788807,-0.0187613051384687,0,0.4954676032066345,-0.2427567541599273,0.9768685102462769,1,0.0185097567737102,-0.0017877290956676,0.0175708215683698,0,0.0012245464604347,-9.473042882746086e-05,0.0064099817536771,0,0.6984152793884277,1.5029325485229492,7.486320972442627,1,0.0214096046984195,-0.0022686249576509,0.0279298685491085,0,-0.0417701303958892,0.021939093247056,0.0442500598728656,0,-0.6382452249526978,-0.6787987351417542,6.023831367492676,1,-0.0095134219154715,0.0218524858355522,-0.0475853458046913,0
0.0082316966727375,-0.8166665434837341,10.537842750549316,-0.4423172175884247,0.0068376041017472,5.533744812011719,1,0.0846623927354812,-0.076351523399353,0.0418594032526016,0,0.0004776885034516,-0.0029947401490062,-0.0121618574485182,0,1.137399196624756,-1.1346253156661987,4.125387668609619,1,-0.0049409051425755,0.0134274140000343,-0.0405844338238239,0,0.0042119002901017,-0.0042281080968678,0.0150080909952521,0,0.0023651623632758,0.0566846467554569,-0.0221548564732074,0,-0.7610810995101929,0.3255460858345032,0.8703324198722839,1,-0.0125454096123576,-0.000962505058851,0.0264112949371337,0
1.090647578239441,-0.7546800374984741,12.92020034790039,0.0116171445697546,-0.0027433349750936,-0.01410898193717,0,-0.0105912741273641,-0.0041066091507673,-0.0146433198824524,0,-1.4150731563568115,-0.8412973880767822,3.10718846321106,1,0.0048113036900758,0.0055303578265011,0.0246042236685752,0,1.1145777702331543,0.7449628114700317,1.0444581508636477,1,-0.0028278455138206,-0.0097596496343612,-0.0145794488489627,0,0.0010748913045972,0.0024931451771408,0.0103694759309291,0,1.3895543813705444,-0.6546878218650818,8.775247573852539,1,-0.0024955926928669,0.0049284659326076,0.0016640223329886,0
0.8874560594558716,-0.6380921602249146,17.920671463012695,-0.151186391711235,0.5233795642852783,5.334327220916748,1,0.0719269439578056,0.038412656635046,0.0445565916597843,0,0.0002119360724464,-0.0130570074543356,-0.0109491292387247,0,1.1817576885223389,-1.1277835369110107,10.522309303283691,1,-0.0161276292055845,0.021870944648981,0.039678506553173,0,-0.0012058505089953,0.0066404333338141,0.0063058566302061,0,0.2303679138422012,-0.2627383470535278,0.7271676063537598,1,-0.4564493000507355,0.1474270820617675,1.2639713287353516,1,0.0281607005745172,0.027756055817008,-0.0066950609907507,0
-2.778392791748047,-6.797975540161133,11.146120071411133,0.027306443080306,0.0158409513533115,-0.0401142425835132,0,1.4927377700805664,-1.5146234035491943,1.827280044555664,1,-0.99644535779953,0.2481371611356735,1.2379724979400637,1,-0.0092667723074555,0.0129010733217,-0.017719006165862,0,0.6818166971206665,-0.6034003496170044,0.335786372423172,0,-1.013638973236084,-0.3002146184444427,3.345956325531006,1,-0.0212359521538019,0.1920858323574066,-0.1444599628448486,0,0.6303849220275879,-0.6520208120346069,0.9606829881668092,1,-3.570051670074463,-4.196681499481201,3.640735149383545,1
1.8563846349716189,1.318485140800476,21.15653419494629,0.0009365486330352,0.0051186950877308,0.0086064301431179,0,-0.0252412594854831,0.9492966532707214,13.815718650817873,1,-0.0057664290070533,-0.0120599260553717,-0.0058289435692131,0,-0.0010457450989633,0.0073293941095471,-0.0033780881203711,0,2.3353066444396973,-0.2454456835985183,6.488286018371582,1,0.0100180683657526,0.0027542454190552,-0.0356241129338741,0,0.0034640617668628,0.0030266321264207,0.0034708743914961,0,-0.0260650534182786,0.0104926265776157,0.0501404404640197,0,-0.4352220594882965,0.5979725122451782,0.8351422548294067,1
2.317446231842041,-2.028520345687866,6.627577304840088,0.0379491820931434,0.007363490294665,0.0055260164663195,0,2.012784004211426,-0.7277473211288452,5.278685092926025,1,0.0057030222378671,0.0081383995711803,0.0001686360628809,0,0.0014304269570857,0.0054148235358297,-0.0017018857179209,0,-0.0267043877393007,-1.2664759159088137,1.0943206548690796,1,0.0092291831970214,-0.0029098074883222,-0.0037266160361468,0,0.3194125592708587,-0.124220572412014,0.3411370813846588,0,-0.041904293000698,0.0577429383993148,-0.0748802199959755,0,-0.0004534930340014,0.0141735281795263,-0.0119517911225557,0
0.1115452125668525,-0.1258560866117477,6.862984657287598,-0.0012921722372993,0.0055713336914777,-0.0137709844857454,0,-0.2276555597782135,-0.4579972326755523,1.9636746644973757,1,-0.0078088282607495,0.001163168461062,-0.0124978674575686,0,0.6511723399162292,0.3485426306724548,0.8430506587028503,1,0.0061606047675013,0.0033414980862289,-0.0278601609170436,0,-0.0204192586243152,0.0122611802071332,-0.039684522897005,0,-0.3037459850311279,-0.0209455657750368,4.103684425354004,1,0.0145017895847558,-0.0284078698605299,0.0600011460483074,0,0.0006322877015918,0.010614788159728,-0.0136127388104796,0
0.0955942496657371,-0.3248971700668335,14.82798194885254,0.2428351938724517,0.419561356306076,0.8947092294692993,1,-0.0103815738111734,0.0067490562796592,-0.0542235225439071,0,0.0013888481771573,0.0071220532990992,0.0161241795867681,0,0.3112493455410003,-0.4340273737907409,13.436707496643066,1,0.0032875423785299,-0.0079033449292182,0.0312206279486417,0,0.0046908757649362,0.0113527392968535,-0.0468377172946929,0,-0.4640691578388214,-0.3332487642765045,0.5581070780754089,1,-0.0016501240897923,-0.0017258598236367,0.0005101364804431,0,0.0082432823255658,0.0072229877114295,-0.0083358502015471,0
-0.0902658253908157,1.6990374326705933,17.300933837890625,1.1584430932998655,-0.0582763999700546,1.8917325735092163,1,-0.1183176785707473,0.3656206727027893,1.874292492866516,1,0.0460053198039531,-0.0516799353063106,0.2886307835578918,0,0.5009437203407288,0.0701218247413635,0.9573897123336792,1,-0.1868539005517959,0.5401012301445007,6.623013019561768,1,0.1913863718509674,0.1492699384689331,2.5745081901550293,1,-0.0015992068219929,0.0840020924806594,-0.0520306415855884,0,-1.7376048564910889,0.574486255645752,2.8998236656188965,1,0.0573312528431415,0.0253917053341865,0.2435720115900039,0
0.4257362782955169,-0.4713300168514251,8.947240829467773,-0.0120469136163592,0.0017916117794811,-0.0002539448905736,0,0.3405950963497162,-0.4957064390182495,3.0146193504333496,1,0.0041640736162662,-0.0068266103044152,-0.0369812883436679,0,-0.0001287340128328,-0.0083146318793296,0.0248150415718555,0,-0.0033312165178358,0.0134152462705969,-0.0002140580763807,0,-0.5667405128479004,0.583491325378418,2.5162713527679443,1,-0.0008597545675002,-0.006924538873136,-0.0148425577208399,0,0.0050082644447684,-0.0025471062399446,0.008459772914648,0,0.6590759754180908,-0.549708902835846,3.4353671073913574,1
0.5961723327636719,0.629264771938324,6.868291854858398,-0.0032009019050747,0.0074914521537721,0.0187835451215505,0,1.3044406175613403,0.3088023960590362,0.5896511077880859,1,0.0048238825984299,0.0171043667942285,0.0378250852227211,0,0.010154110379517,-0.0096150413155555,0.3343113660812378,0,1.1989854574203491,0.1683329790830612,2.2604920864105225,1,-0.3950631618499756,0.1295856982469558,1.3947834968566897,1,-0.0013226536102592,0.00182601576671,0.0042024017311632,0,0.2483643591403961,-0.0627705082297325,0.9462460279464722,1,-1.7710094451904297,0.0685074478387832,1.281996488571167,1
-0.1201362609863281,1.7603055238723757,7.1985931396484375,0.0286538787186145,-0.0009180478518828,-0.0105325235053896,0,1.399610996246338,0.1630556881427765,2.0960142612457275,1,0.0034015856217592,0.025887070223689,-0.0098828868940472,0,0.0151261743158102,0.01014856249094,-0.0015879328129813,0,0.5331947803497314,0.3109157979488373,0.9377596974372864,1,-0.5507392883300781,0.5996789932250977,1.8841882944107056,1,0.0004056370526086,-0.092637188732624,0.0573115646839141,0,0.0013749768259003,-0.0818622708320617,0.0814845710992813,0,-1.5511651039123535,0.8260368704795837,2.1638376712799072,1
1.9217177629470823,-0.5681853294372559,11.48162078857422,0.6782324910163879,0.0400495454668998,0.7190778851509094,1,-1.108241319656372,-0.5442337393760681,4.422866821289063,1,-0.0042557041160762,0.0048452415503561,0.0068503161892294,0,1.6633468866348269,0.1942944228649139,1.2790307998657229,1,-0.4215661883354187,-0.0777234435081482,1.7020790576934814,1,0.0036617564037442,-0.0016913397703319,-0.042688813060522,0,1.3008198738098145,-0.1327072381973266,2.337766408920288,1,-0.193528950214386,-0.0573537610471248,1.0497418642044067,1,0.0032487839926034,0.0063349460251629,0.0068957549519836,0
-0.0017082528211176,-0.8497145175933838,7.844589233398437,0.0123244570568203,-0.0058352868072688,0.0072208056226372,0,-0.2271741479635238,-0.4655396938323974,5.160090923309326,1,-0.0029075923375785,-0.0130267422646284,-0.0341479033231735,0,0.0033865943551063,-0.0022449961397796,0.0152814304456114,0,0.2138448357582092,-0.3789916038513183,2.713580846786499,1,-0.0048919729888439,-0.0020301663316786,-0.0003344611322972,0,0.0003616461181081,0.000815971638076,-0.0019319315906614,0,-0.0028025747742503,0.0067726029083132,-0.0361199900507926,0,0.0061505106277763,0.0103654721751809,0.0209495835006237,0
-0.7639856338500977,-1.0281466245651243,7.894067287445068,0.0041083483956754,-0.0006196365575306,-0.0272164121270179,0,-0.0008685110951773,0.1982569098472595,0.1095863729715347,0,-1.3476331233978271,-1.0459680557250977,2.3204762935638428,1,-0.0001943292154464,0.0016740323044359,0.0022117544431239,0,0.5683685541152954,-0.1009559631347656,5.038706302642822,1,0.0060746031813323,-0.0035952031612396,-0.0188406277447938,0,0.0025830119848251,0.0023945437278598,-0.0066459728404879,0,0.0049935481511056,-0.0813054516911506,0.4778141379356384,0,-0.0014178378041833,0.001972209662199,-0.002024475717917,0
-1.755220890045166,-0.7021632194519043,5.040387153625488,-0.0096668060868978,-0.0083596752956509,0.0282665658742189,0,0.2532366514205932,-0.016997480764985,0.3186518251895904,0,-1.240426540374756,0.3336159288883209,1.4231888055801392,1,-0.0037137409672141,0.0057606105692684,-0.0008473271154798,0,0.4479779601097107,-0.2694772779941559,0.2313555032014846,0,-1.0612154006958008,-0.2056364119052887,1.481170892715454,1,-0.0168641936033964,0.0509027950465679,-0.1058100163936615,0,0.6741598844528198,-0.4111708700656891,0.7198149561882019,1,-0.7987086772918701,-0.1808008849620819,0.9445956349372864,1
0.1229209527373313,0.3591554760932922,16.10089111328125,0.0112651232630014,0.0013090831926092,-0.0132621070370078,0,-0.0056008649989962,0.0055927908979356,-0.0055727916769683,0,-0.4958222508430481,-0.1063659489154815,0.7808952927589417,1,0.0015494480030611,0.004761247895658,0.0042219222523272,0,1.4015151262283323,1.0568619966506958,2.6927924156188965,1,-0.0048041292466223,-0.0117375934496521,-0.0151693085208535,0,0.0014048321172595,-0.0003142201749142,-0.0028672486077994,0,-0.782356858253479,-0.5936629176139832,12.66149616241455,1,-0.004229465033859,0.0027110518421977,-0.0016440175240859,0
0.4433835446834564,0.2816522121429443,18.197633743286133,-0.546609103679657,0.5582717657089233,6.046767711639404,1,-0.0050982325337827,0.0585206523537635,-0.0181004758924245,0,-0.0005421515670605,-0.021177040413022,0.0139993317425251,0,1.7005740404129028,-1.1244195699691772,8.954462051391602,1,-0.0028239618986845,-0.0766194835305213,0.1799845844507217,0,-0.0034854584373533,0.0045124366879463,0.0001152795302914,0,0.2174911051988601,-0.2013692557811737,0.2846023738384247,0,-0.9052297472953796,1.0946788787841797,2.757451057434082,1,-0.0108929574489593,-0.0107461092993617,-0.0216508004814386,0
1.0437350273132324,-0.2762912809848785,4.550324440002441,-0.0251659769564867,-0.0032134032808244,0.0374357067048549,0,0.4076406061649322,0.0797282829880714,0.0919004529714584,0,-0.5806372165679932,-0.1345302164554596,0.9445762634277344,1,0.0042368965223431,-0.0061832554638385,0.0409432984888553,0,0.9628825187683104,-0.1306589245796203,1.6721299886703491,1,-0.3619634509086609,0.1073494926095008,1.0445433855056765,1,-0.0015639441553503,0.0028752877842634,-0.0030164704658091,0,0.6376922726631165,-0.1846951097249984,0.7394927144050598,1,0.0006133224233053,-0.0069634397514164,-0.017681173980236,0
-2.3818044662475586,-3.858187437057495,11.569499969482422,0.0380214229226112,-0.0016164311673492,0.0230222214013338,0,0.3480155766010284,-0.1142991706728935,0.2365727871656417,0,-0.3481096923351288,0.1960280835628509,1.6314078569412231,1,-0.0018370422767475,0.0005437672371044,0.0004505184479057,0,0.1765143722295761,-0.0570653304457664,-0.0415080785751342,0,-0.4336731731891632,-0.2369693219661712,4.572705268859863,1,-0.0012828849721699,0.0204310957342386,0.0346232242882251,0,-0.0063510392792522,0.1094883978366851,-0.0840364694595336,0,-2.153101921081543,-3.774728536605835,5.196262836456299,1
0.5493585467338562,4.296617031097412,25.089967727661133,-0.0340588465332984,0.0418200306594371,-0.0607300400733947,0,0.0267862975597381,0.1164204403758049,-0.0903222039341926,0,-0.6019514203071594,2.733771562576294,6.903921127319336,1,-0.0029537815134972,0.0088433185592293,-0.0102562457323074,0,1.8261067867279053,2.8383629322052,7.638750553131103,1,0.035551730543375,0.0053831478580832,0.0136494431644678,0,-0.0223889872431755,-0.1307418793439865,-0.1593914628028869,0,-0.6950711011886597,-1.3706163167953491,10.956501960754396,1,0.0173377431929111,0.0533737801015377,-0.1021552607417106,0
1.0069706439971924,-1.3520764112472534,9.012619972229004,-0.0216077547520399,-0.0011122459545731,0.0237992238253355,0,1.1678858995437622,-0.1189895868301391,5.121510028839111,1,0.0204798486083745,0.0120504098013043,0.0612321943044662,0,-0.0049605113454163,0.0039814296178519,-0.0017549319891259,0,-0.057293027639389,-0.1288072019815445,0.057676576077938,0,0.0012607935350388,-0.003539795288816,-0.0065194978378713,0,-0.0922262370586395,-1.0132722854614258,3.771199941635132,1,0.001870613428764,-0.0497417263686656,-0.0055128331296145,0,-0.0084387883543968,-0.0526453629136085,-0.009011635556817,0
0.0442436710000038,0.0774731412529945,6.191353797912598,0.0023542691487818,-0.0010067898547276,-0.029027409851551,0,1.2519811391830444,0.3473643958568573,0.1524488925933838,0,-2.001363754272461,-0.7892755270004272,0.7600998878479004,1,-0.005083396565169,0.054520696401596,0.3219101428985595,0,0.976931095123291,0.1649201810359954,2.269992589950561,1,-0.6895418167114258,0.1580144315958023,1.8513333797454836,1,-0.0001140668973675,0.0011090086773037,-0.0053433272987604,0,0.5255249738693237,0.127546027302742,0.8583173751831055,1,-0.0164447948336601,0.0142807075753808,0.0116223897784948,0
1.4210035800933838,1.2623590230941772,4.7534613609313965,-0.0030699407216161,0.0057445033453404,-0.0028831886593252,0,0.7681246399879456,0.4031940996646881,0.6794358491897583,1,-0.0332123152911663,0.001150163821876,0.0704148113727569,0,0.0004648060421459,0.011099717579782,-0.0510743558406829,0,0.7721021175384521,0.4794983565807342,1.8371498584747317,1,-0.4303222894668579,0.199580430984497,0.7125306129455566,1,0.0122224623337388,-0.0007697356049902,-0.0124033652245998,0,0.4428519904613495,0.1298796683549881,1.420445680618286,1,-0.1081578359007835,0.0329817458987236,0.0998453572392463,0
-0.9329110980033876,2.674583911895752,13.623300552368164,0.2131769359111786,0.0652834549546241,0.1230910569429397,0,-1.059438943862915,1.7570719718933103,2.375660896301269,1,-0.0103606851771473,-0.0128228543326258,0.0735565200448036,0,0.5476402044296265,0.1010626927018165,0.6457640528678894,1,-0.7360637187957764,0.3159976899623871,7.260833263397217,1,0.1491472125053405,0.1237455531954765,2.036092519760132,1,0.4010578393936157,0.3166827261447906,-0.1335659176111221,0,-0.4313200116157532,-0.0590777434408664,1.2495429515838623,1,-0.0067500201985239,0.0666406005620956,-0.0076752956956624,0
-1.6110806465148926,-4.307600498199463,11.611663818359377,-0.0279038902372121,-0.0105311525985598,-0.0108031528070569,0,1.5559312105178833,-1.3484920263290403,4.384068489074707,1,0.0042911916971206,-0.0266774576157331,-0.0506690666079521,0,-0.0024946928024291,0.0131825841963291,-0.0195466913282871,0,0.3586126267910003,-0.4406411051750183,0.0536884702742099,0,-0.7084783315658569,0.1194103360176086,2.304536819458008,1,0.0058672726154327,-0.0273403339087963,0.0581791847944259,0,0.0228693541139364,-0.1285582780838012,-0.0163773652166128,0,-2.819775342941284,-2.457952976226806,4.9085869789123535,1
0.0801476463675499,0.8049862384796143,22.0481185913086,-0.0277716498821973,0.0037149456329643,-0.0287464037537574,0,0.0090536810457706,-0.0070034232921898,-0.0193007793277502,0,1.101479172706604,1.9407716989517207,10.28294277191162,1,-0.0014205632032826,0.00075232621748,0.0042799171060323,0,0.4491029381752014,0.7171370387077332,1.907732605934143,1,-0.1429177522659301,-0.0332137793302536,0.4094144701957702,0,0.0044760783202946,-0.1040112078189849,0.0002475703659001,0,-1.3279460668563845,-1.7626742124557495,9.528666496276855,1,0.0160919670015573,0.0495130009949207,-0.0371185094118118,0
0.3472215831279754,-1.3087037801742554,16.886741638183594,0.0172281637787818,-0.0016843641642481,-0.0467883944511413,0,0.5796411633491516,0.7903972864151001,8.001981735229492,1,-0.0048108198679983,-0.0094832954928278,0.0110483253374695,0,0.403841108083725,0.2266953140497207,0.4981988966464996,0,-0.6409289836883545,-1.730423092842102,4.930363178253174,1,-0.0260656308382749,-0.0050988770090043,0.0097893103957176,0,0.0086860675364732,-0.5768905878067017,3.520787715911865,1,0.0092842457816004,0.0003624668170232,-0.0301781482994556,0,0.000346186250681,-0.0025787411723285,-0.0084610385820269,0
-0.9138689637184144,0.0165593512356281,8.51467514038086,0.6435710191726685,-0.2367143630981445,0.361398696899414,0,-1.357679009437561,0.8089741468429565,1.3496531248092651,1,-0.0096323024481534,-0.004782976116985,-0.0312804281711578,0,0.4082910418510437,-0.15585258603096,0.3253978490829468,0,-0.386915773153305,-0.0740270912647247,4.337971687316895,1,0.0766987204551696,0.1091021820902824,1.255724310874939,1,0.0174452830106019,-0.0403841361403465,-0.0450904108583927,0,-0.3056026697158813,-0.3492878675460815,0.9533295631408693,1,-4.526194607024081e-05,-0.0404679588973522,0.0075701191090047,0
-0.0391092672944068,-0.3012769520282745,6.192386150360107,-0.0399773642420768,-0.0158742275089025,0.8570394515991211,1,0.0038330073002725,-0.0208621453493833,0.040641114115715,0,0.0066888271830976,-0.0007340578013099,0.0331397168338298,0,-0.0643051043152809,-0.3269511461257934,2.677124261856079,1,0.0010731252841651,0.0074523822404444,-0.0534594915807247,0,-0.0166626814752817,-0.0008993935189209,0.0075209382921457,0,0.0636221170425415,0.0664319321513176,2.6346678733825684,1,0.0063535002991557,-0.0003620913194026,0.0188470762223005,0,0.0002653051051311,-0.0094781909137964,-0.0231346581131219,0
2.4381866455078125,0.0258326344192028,21.300262451171875,-0.0108850933611392,0.0002899499668274,0.0071856873109936,0,0.7392857074737549,1.29534113407135,5.509757995605469,1,0.0012196592288091,0.0102637214586138,-0.015542222186923,0,0.001349012251012,-0.0004954733303748,-0.0047622653655707,0,0.8018649816513062,-0.3746222555637359,8.340864181518555,1,0.0134246125817298,0.0064687733538448,0.0053325649350881,0,-0.008721106685698,0.1072205752134323,-0.0586431473493576,0,0.8605880737304688,-1.0606693029403689,7.552788734436035,1,0.0400607213377952,0.0420355610549449,-0.0367193855345249,0
-1.492948055267334,0.8365871906280518,5.946147918701172,0.0239893998950719,-0.0012814181391149,0.026118429377675,0,0.1210149303078651,0.1129170507192611,0.2168113142251968,0,-0.5123249888420105,0.4754173457622528,0.7540073990821838,1,0.0032610062044113,-0.0015926318010315,0.0056148213334381,0,0.45864999294281,0.2671966254711151,1.7917845249176023,1,-0.6527611613273621,0.4553818106651306,2.1020309925079346,1,-0.0073148482479155,-0.1633319705724716,-0.0302312579005956,0,0.6212908029556274,0.2578825950622558,-0.1447148323059082,0,-1.548753261566162,-0.5660021305084229,1.224726676940918,1
1.461032152175903,-0.7193556427955627,9.96828842163086,0.0444936715066432,0.0079517485573887,1.658097505569458,1,-0.0443475507199764,0.0881677120923996,0.0448753759264946,0,0.0011859562946483,-0.006278533488512,0.0072000930085778,0,-0.0078673874959349,0.0064286179840564,0.0043434211984276,0,0.3985031545162201,0.4921102821826935,4.012265682220459,1,0.0056523121893405,-0.0010482420912012,0.0320809185504913,0,-0.0022329473868012,-0.0485412552952766,-0.011528736911714,0,1.029186487197876,-1.2618050575256348,4.223515510559082,1,0.0364585109055042,0.0036590681411325,-0.0025614497717469,0
1.0288959741592407,-0.4003193378448486,15.013803482055664,0.1208889260888099,0.2284895628690719,0.4422278702259063,0,-1.9225176572799685,-1.2429327964782717,5.319191932678223,1,-0.0073470566421747,-0.001932016108185,-0.0140669457614421,0,1.5146396160125732,0.2597303390502929,3.699116945266724,1,-0.8014679551124573,-0.2683059573173523,3.4339818954467773,1,0.029368057847023,0.0067131500691175,-0.0145649071782827,0,2.13932728767395,0.7024076581001282,1.8810081481933596,1,-0.0440165065228939,-0.0944240465760231,0.2560209929943084,0,2.1294777980074286e-05,0.0099348621442914,0.0108884591609239,0
1.1184931993484497,-0.4078072011470794,21.976476669311523,-0.0205001235008239,-0.0038457550108432,0.0087813716381788,0,-0.8311051726341248,-1.162466526031494,5.951672554016113,1,0.0108445100486278,-0.0180675275623798,-0.0053674350492656,0,1.5067732334136963,0.6887128949165344,5.417042255401611,1,-0.0397064201533794,0.0758420228958129,0.0435137785971164,0,0.0157645083963871,0.0050005302764475,0.0014608619967475,0,0.6332549452781677,-0.023567546159029,10.574763298034668,1,-0.1595888435840606,0.0338764935731887,0.0043928371742367,0,0.0027564654592424,-0.0032917638309299,-0.0197838079184293,0
0.2657791376113891,0.406366229057312,8.934337615966797,0.3676137924194336,-0.1420435309410095,2.058476686477661,1,-0.002011751756072,-0.0016137544298544,-0.0021230687852948,0,0.0034340426791459,-0.0162721686065197,-0.0096017010509967,0,0.1793125867843628,-0.137462317943573,0.6460790634155273,1,-0.1539827585220337,0.3117719292640686,0.5002610683441162,1,-0.0183070208877325,-0.0188911128789186,0.0316125266253948,0,0.0047179027460515,-0.0003117276646662,-0.0122716994956135,0,-0.1185050904750824,0.4032321572303772,5.71943473815918,1,0.0035074402112513,0.0079567460343241,0.002469546161592,0
2.124064922332764,-0.7608274817466736,9.835580825805664,1.240261793136597,-0.1246091052889823,0.4909937679767608,0,-1.0135231018066406,-0.388519674539566,3.4598426818847656,1,-0.0085212048143148,-0.0053646801970899,-0.0096760252490639,0,1.4699076414108276,-0.1802697926759719,0.964049518108368,1,-1.015031337738037,0.0585987456142902,1.9878969192504885,1,-0.0004655757220461,-0.0102372737601399,0.0006090801907703,0,1.7848899364471436,-0.1236555576324462,2.2952237129211426,1,-0.3259560763835907,0.0099744731560349,0.6389235258102417,1,-0.0074969585984945,0.0032552953343838,0.0077172182500362,0
-0.2499251961708068,-0.3674154281616211,15.798946380615234,-0.020745925605297,0.0163508132100105,0.0266178175806999,0,-0.7886497974395752,0.0110511407256126,7.675886154174805,1,-0.0026823326479643,-0.0134970787912607,-0.0173775665462017,0,0.0051744123920798,-0.0117947002872824,-0.0075439978390932,0,1.1352647542953491,-1.1138876676559448,3.524700403213501,1,0.0141031164675951,0.0020894450135529,-0.0298358779400587,0,-0.0050328094512224,0.0006566020892933,-0.0071176453493535,0,-0.0180596411228179,-0.0186727382242679,0.0954422280192375,0,-0.5692969560623169,0.7602887153625488,4.538174152374268,1
-0.2482344806194305,0.6794489622116089,14.477423667907717,0.0840141549706459,0.2638850808143616,6.226640701293945,1,-0.1237538456916809,0.0453488864004612,-0.0481192246079444,0,-0.0064956974238157,0.0179880410432815,-0.2860055565834045,0,1.3682703971862793,-0.4928154349327087,5.440703392028809,1,-0.4207184612751007,0.4421228766441345,-0.2714389264583587,0,-0.0024374262429773,-0.0040520611219108,-0.0113762421533465,0,0.0211866218596696,-0.141928419470787,0.396844744682312,0,-1.151370406150818,0.5012630224227905,3.094599485397339,1,-0.0169298388063907,0.0476369857788085,-0.0644255876541137,0
1.578322172164917,0.2920878231525421,17.541053771972656,0.1263644844293594,0.1048111245036125,1.5552281141281128,1,-0.007122685201466,0.0399720408022403,-0.0663220807909965,0,0.0016672511119395,-0.0072765960358083,-0.0375128239393234,0,0.1731119751930236,0.051075741648674,0.3103783428668976,0,0.1046790108084678,0.956885039806366,8.387295722961426,1,0.0149823660030961,0.0014777033356949,0.0144064389169216,0,-0.0071358759887516,0.0749889388680458,-0.1056779697537422,0,1.166798114776611,-0.929352045059204,7.513918399810791,1,0.004977507982403,-0.000494206615258,-0.0306607950478792,0
-0.7678027749061584,1.6157515048980713,19.01333999633789,0.3816520869731903,0.0804314389824867,0.4364386200904846,0,-0.6892056465148926,1.036601185798645,2.5527591705322266,1,0.1077722907066345,-0.0482710264623165,0.6239737868309021,1,0.6381834149360657,-0.0120745245367288,1.193611741065979,1,-0.6926482915878296,0.4275884330272674,8.260030746459961,1,0.2282169312238693,0.1219732388854026,3.1900367736816406,1,0.0307522509247064,0.0548354648053646,-0.1004820317029953,0,-0.8585488200187683,-0.1546726077795028,2.4061293601989746,1,0.0860230103135109,0.1093397960066795,0.4508421123027801,0
0.8904569745063782,-0.6899033188819885,10.890681266784668,1.0776581764221191,-0.405952900648117,0.4606050252914428,0,-0.0136456955224275,0.0570380762219429,1.0402371883392334,1,-0.0180398318916559,-0.0173406433314085,0.3535414040088653,0,1.0125494003295898,-0.4157495200634002,0.5687763094902039,1,-0.6193719506263733,0.1666071861982345,2.7677910327911377,1,-0.0558716394007205,0.2777850031852722,1.867910861968994,1,0.6581952571868896,-0.2495252937078476,0.2180371433496475,0,-1.122438907623291,-0.1037857830524444,3.15597939491272,1,-0.0285779554396867,0.0010204907739534,0.4578028321266174,0
-2.2968366146087646,-0.7542842030525208,21.16954231262207,-0.0201774146407842,-0.0107399877160787,0.0305369924753904,0,2.012535333633423,-1.41765296459198,3.242532968521118,1,-2.7536749839782715,1.0787357091903689,3.179482698440552,1,0.0948210433125495,0.0894542187452316,1.1583783626556396,1,1.0642263889312744,0.0242180544883012,3.5672447681427,1,-2.2359960079193115,-0.2553153336048126,6.608983993530273,1,0.0005970540805719,-0.1195224747061729,0.045431412756443,0,0.3127843737602234,-0.2367536872625351,1.7442132234573364,1,-0.7719524502754211,0.0932923182845115,1.592738389968872,1
-0.1647174060344696,0.8258258104324341,7.878100872039795,-0.0095692751929163,0.0036577591672539,0.0004532253660727,0,0.16132552921772,0.3036573827266693,0.3298981785774231,0,0.0016180373495444,0.0006206633406691,0.0272008012980222,0,-0.0039476309902966,0.003548142267391,-0.0372258350253105,0,-0.2182382643222808,0.5721020698547363,6.759222030639648,1,0.0064628706313669,0.0171417146921157,-0.0369489714503288,0,-0.0007120383670553,0.0026892577297985,-0.0044947476126253,0,-0.0985504835844039,-0.0778093785047531,0.8520556092262268,1,-0.0031061579938977,0.0002181960007874,-0.0120593830943107,0
0.6570919752120972,0.6081855297088623,18.27103805541992,1.448670744895935,-1.7749621868133545,5.2578325271606445,1,-1.3319923877716064,1.9977788925170896,2.416440010070801,1,0.0113011999055743,0.0205404683947563,-0.0148169621825218,0,1.297582507133484,-0.2525481581687927,2.8357434272766118,1,-0.0484024472534656,0.4806185960769653,4.3856072425842285,1,0.002852322300896,-0.0043023908510804,0.0013449465623125,0,0.1109539046883583,-0.317111611366272,0.6232004165649414,1,-0.8496630787849426,0.4869950115680694,2.7009565830230717,1,0.0157892256975173,-0.0288231205195188,0.0647294893860817,0
0.3994989395141601,0.0980869233608245,16.339616775512695,1.0484189987182615,-0.0240792520344257,2.79954195022583,1,-0.082580417394638,-0.0306322257965803,0.1226679682731628,0,0.0043647168204188,-0.0043923696503043,0.0006631802534684,0,1.601304054260254,-0.3052865862846374,2.3920023441314697,1,-0.3918773531913757,0.2848090529441833,2.0082788467407227,1,0.012128759175539,-0.0165392085909843,0.0078330310061573,0,0.2982145249843597,-0.039024855941534,0.3948480784893036,0,-2.0874993801116943,0.2276106178760528,8.61032485961914,1,-0.0029749921523034,0.0056217485107481,0.0034566058311611,0
0.3027713298797607,-2.9652023315429688,12.827449798583984,0.059688813984394,-0.0054611074738204,0.0137162785977125,0,-0.1859651803970337,-0.9557140469551086,11.190482139587402,1,-0.0049292957410216,-0.0135938413441181,-0.0543426387012004,0,0.0025066451635211,-0.0009876907570287,-0.0005478370003402,0,0.8611704111099243,-2.061147689819336,1.2872028350830078,1,0.019124561920762,0.0091852014884352,0.0373264327645301,0,-0.0034441626630723,0.0555058978497982,-0.0485186725854873,0,0.012159121222794,-0.0614713504910469,0.0180979073047637,0,-0.4575396180152893,0.0684821754693985,0.3840320110321045,0
0.9104748368263244,2.6465084552764893,20.52227210998535,0.2285229116678238,0.1710938811302185,2.9550135135650635,1,-0.1801345497369766,1.9842883348464968,1.135104060173035,1,0.0019403717014938,-0.0319605395197868,0.6526387929916382,1,1.1179972887039185,-0.2340197563171386,2.738515853881836,1,0.1546998023986816,0.2034027278423309,5.685074329376221,1,0.0071707153692841,0.0126389162614941,-0.0250255707651376,0,0.0023957844823598,0.0363343581557273,-0.0585595369338989,0,-0.4177086353302002,0.4659764766693115,7.505103588104248,1,-0.0044087790884077,0.0387542061507701,-0.065592922270298,0
-0.2496080249547958,-0.7095425128936768,8.59237003326416,-0.0086282435804605,0.0091456649824976,-0.0178822521120309,0,-0.2413647174835205,-0.5665428638458252,5.63207483291626,1,0.0048401467502117,-0.0055742627009749,-0.0573719516396522,0,-0.005830327514559,0.005390303209424,-0.0124825984239578,0,0.0689684376120567,-0.581347644329071,0.7217786312103271,1,0.0172417238354682,0.0062376307323575,0.0077625168487429,0,0.0120655708014965,-0.0735623687505722,0.0823168158531189,0,0.0494638346135616,0.0062087485566735,-0.0616137757897377,0,-0.1463644504547119,0.4905023574829101,2.29778790473938,1
-2.158175468444824,2.875638723373413,14.910181045532228,0.1213127970695495,0.0017169194761663,0.0503409579396247,0,-0.6801811456680298,0.3441900908946991,2.29085373878479,1,0.0520195923745632,-0.046834859997034,0.433493047952652,0,0.6392387747764587,-0.0117132887244224,0.908071219921112,1,-0.4091662168502807,0.2995871305465698,6.6535515785217285,1,0.195529505610466,0.1125131174921989,2.7902300357818604,1,0.5011940002441406,1.2213023900985718,-1.5038727521896362,0,-2.675382375717163,0.9529029726982116,2.9118568897247314,1,0.0972594767808914,0.0019740636926144,0.3756572902202606,0
0.286435455083847,1.3674169778823853,19.31521797180176,1.3921523094177246,0.1227163225412368,3.0108492374420166,1,-0.3368741273880005,0.8107113242149353,0.8415908217430115,1,0.0032836310565471,-0.0086118783801794,-0.0032014024909585,0,1.4042885303497314,-0.2660782635211944,1.6743136644363403,1,-0.5329430103302002,0.6059629917144775,7.7698493003845215,1,0.0043801506981253,-0.0026914307381957,0.0166806690394878,0,0.1206856518983841,0.1536189168691635,0.1151657029986381,0,-1.741896390914917,-0.0714183822274208,5.93630313873291,1,-0.0266412664204835,0.0232073403894901,-0.0463339537382125,0
-1.4527029991149902,0.7359950542449951,13.733861923217772,-0.0138718169182538,-0.0114874904975295,0.0465206652879715,0,0.5191745162010193,-0.4207055270671844,8.064943313598633,1,-0.0052278386428952,0.00620634900406,0.0134446676820516,0,-0.0061546927317976,0.0036100836005061,0.0137150259688496,0,0.1497912406921386,-1.202713966369629,2.535247325897217,1,0.0233310982584953,0.019815307110548,0.036471638828516,0,-0.0141369570046663,0.0271465014666318,-0.015297838486731,0,-0.0110767679288983,-0.0464009940624237,-0.0551949851214885,0,-2.094531774520874,2.360524892807007,3.09401273727417,1
0.2454354763031005,0.1927028596401214,11.42226219177246,-0.0053023658692836,0.0168463848531246,0.0122855091467499,0,1.2955752611160278,0.3128078281879425,1.20827317237854,1,-0.6385467052459717,-0.0334893763065338,1.0117257833480835,1,0.0117605859413743,-0.0038456339389085,0.0630126371979713,0,1.799200415611267,-0.1168434172868728,2.2833268642425537,1,-1.418563723564148,0.0604596324265003,3.030332088470459,1,0.0076861991547048,0.0026490937452763,0.0051583750173449,0,1.2055766582489014,-0.1875411570072174,0.967112958431244,1,-2.011950969696045,0.1416594982147216,2.8410351276397705,1
-0.7044020891189575,-0.5193233489990234,4.756326198577881,-0.1886751502752304,0.2604776322841644,-0.3123656213283539,0,1.008315920829773,-0.2861572206020355,-0.8790627121925354,0,-1.6319595575332642,0.1626859456300735,1.4497849941253662,1,0.0104440310969948,-0.0059170136228203,0.0053247595205903,0,0.0531059727072715,-0.3102006614208221,2.562824487686157,1,0.0053450064733624,0.0056483759544789,0.0071680964902043,0,0.0118480818346142,0.0422875694930553,0.0335555896162986,0,0.0290319342166185,-0.4391899406909942,1.887338399887085,1,-0.0018582713091745,0.0510419905185699,0.0017580079147592,0
-2.0941412448883057,1.7624132633209229,16.422199249267578,0.4666269421577453,0.1591971963644027,1.2072304487228394,1,-2.0606460571289062,1.1439220905303955,3.6146109104156494,1,-0.0380521304905414,0.0087769329547882,-0.0552272088825702,0,1.3264752626419067,-0.0724571049213409,2.0920894145965576,1,-1.0247087478637695,0.0523636080324649,6.730849266052246,1,0.0102396206930279,-0.0040506534278392,0.029258269816637,0,0.6017193794250488,0.4092101156711578,0.3142357170581817,0,-1.3497986793518066,0.0485487878322601,2.525817632675171,1,-0.0259969588369131,0.0169021617621183,-0.0366653352975845,0
-0.1361838579177856,-1.2565244436264038,8.981134414672852,0.0081144263967871,0.0088796997442841,-0.0293799992650747,0,0.6579955816268921,-0.9594136476516724,3.98024845123291,1,-0.055152554064989,0.0091313710436224,0.032145719975233,0,-0.0075113396160304,0.0002169426734326,-0.0237006805837154,0,0.8232108354568481,-0.4457456767559051,2.4348745346069336,1,-0.5004098415374756,0.0076494640670716,0.5683703422546387,1,-0.0029497356154024,-0.0344066433608531,0.0050565646961331,0,0.1611330062150955,-0.3763861358165741,0.6783188581466675,1,-1.220614314079285,0.5335502624511719,1.3352007865905762,1
0.0323648080229759,2.145998954772949,10.615503311157228,0.0018955989507958,0.0020883008837699,-0.0290471706539392,0,0.6791666150093079,3.538090467453003,3.2131500244140625,1,-0.001350745325908,0.0005200212472118,-0.0266692135483026,0,0.3815147876739502,1.0180732011795044,0.2195339500904083,0,-0.5631983876228333,-1.7837954759597778,3.617406129837036,1,-0.0108906831592321,0.0156177636235952,-0.0310665313154459,0,-0.4561002552509308,-0.6456326842308044,3.666035652160645,1,0.0018584524514153,0.0033756578341126,-0.0067188255488872,0,-0.0005305578233674,-0.0023385949898511,-0.0071208234876394,0
-3.0154595375061035,-3.2905383110046387,17.137920379638672,0.0159130468964576,-0.004889577627182,0.003619413357228,0,1.8759009838104248,-1.2669757604599,2.937474489212036,1,-0.1697839200496673,0.0412170626223087,0.699186384677887,1,0.0642569810152053,0.0170951914042234,0.7355495691299438,1,0.7671204209327698,0.0782101526856422,2.7779541015625,1,-1.215605616569519,0.2544770538806915,4.652828216552734,1,0.0011226370697841,0.0555169768631458,-0.0147288842126727,0,0.1458420902490615,-0.2637253105640411,1.3225754499435425,1,-4.500226020812988,-2.2014639377593994,4.023461818695068,1
0.8601678013801575,-0.3804701268672943,11.675368309020996,0.7316568493843079,0.95759254693985,3.46042537689209,1,-0.0185801573097705,-0.0212323684245347,0.0429354198276996,0,-0.0124690365046262,0.0035025698598474,-0.0593828186392784,0,0.175300046801567,-1.2085319757461548,8.409684181213379,1,-0.0127170477062463,0.008786360733211,-0.076825350522995,0,0.005284076090902,0.0041139847598969,-0.0322533510625362,0,-0.0138747580349445,-0.0802318677306175,-0.0739495456218719,0,0.0037394531536847,-0.0241530332714319,0.0073779397644102,0,0.0018283544341102,-0.0203162897378206,-0.0026432275772094,0
-0.2136269062757492,-0.6710546016693115,5.793191432952881,-0.0057102474384009,0.0077040460892021,-0.028057862073183,0,0.1671898961067199,0.0614769905805587,0.6722109317779541,1,-1.4146121740341189,-0.6259132027626038,2.1541192531585693,1,0.0024454714730381,0.0073301289230585,-0.0128055093809962,0,0.8999002575874329,0.2903228104114532,1.876966953277588,1,-0.1999631524085998,-0.3197093307971954,0.7165198922157288,1,0.0134949954226613,-0.0052984347566962,-0.0048863217234611,0,0.3234550356864929,-0.0973841026425361,0.4022234976291656,0,0.0001731027587084,0.0104164853692054,0.016900360584259,0
-1.3339699506759644,-3.472620248794556,4.312700748443604,0.2789870500564575,-0.1616512686014175,0.3325214684009552,0,-1.7204868793487549,-0.8954383730888367,1.3136781454086304,1,0.0056613623164594,-0.0114360889419913,0.0185822490602731,0,0.934361696243286,-0.6424221396446228,1.111250638961792,1,-0.9642857313156128,-1.0318959951400757,0.6682745218276978,1,0.0212117861956357,-0.0064338454976677,0.0478449091315269,0,0.5228820443153381,-0.4752112030982971,0.3541311621665954,0,-0.419648677110672,-0.2711182832717895,0.5031054615974426,1,0.0073475027456879,0.0229872390627861,-0.0366879664361476,0
0.0887596383690834,-2.3571605682373047,5.6894145011901855,0.0079430472105741,-0.0158235002309083,-0.0016452133422717,0,-0.0633769854903221,-0.6617518663406372,1.699176788330078,1,-0.0033009783364832,-0.0082100313156843,-0.0490309223532676,0,0.0127828111872076,-0.0236121751368045,0.0181166343390941,0,0.0361611358821392,-1.096360683441162,2.640798091888428,1,-0.0044137518852949,1.8507826098357327e-05,-0.0020353449508547,0,0.0084714163094758,-0.0094396453350782,-0.006758140400052,0,0.0970613360404968,-0.5473341941833496,1.3987369537353516,1,-0.0025683916173875,0.0053528947755694,-0.0079446211457252,0
-0.1371530592441558,2.6449742317199707,12.562115669250488,0.0488049164414405,0.0096534602344036,-0.0235679820179939,0,-1.140643835067749,1.4328689575195312,2.4843032360076904,1,0.0265235733240842,-0.0330791473388671,0.1863871812820434,0,0.5070102214813232,0.0680328905582428,0.8093361854553223,1,-0.3136162459850311,0.2750296592712402,6.495084762573242,1,0.1580672264099121,0.127784863114357,2.2452638149261475,1,0.6679379343986511,1.0561485290527344,-0.9180452227592468,0,-0.0834765136241912,-0.2849934697151184,1.2129095792770386,1,-0.0077602877281606,-0.0064714709296822,0.0704428926110267,0
0.4532786309719085,-1.0328150987625122,18.36368179321289,0.316231220960617,-0.5715238451957703,1.0607165098190308,1,-0.3939200043678283,2.8148443698883057,3.50028657913208,1,0.0006136329029686,-0.0014842288801446,-0.0473888479173183,0,-0.0002126640902133,0.0058576492592692,-0.0284192338585853,0,0.1551107615232467,-2.2700388431549072,12.827696800231934,1,0.0168491415679454,0.0031261194963008,0.0007431891863234,0,0.0039329552091658,-0.0258097909390926,-0.0210822317749261,0,0.3616245090961456,-1.020255446434021,1.0284327268600464,1,-0.0069509176537394,0.0324687547981739,0.0426944456994533,0
2.3024439811706543,0.7740680575370789,19.99068069458008,0.7932133078575134,-0.1734961867332458,3.666839361190796,1,0.0796145051717758,0.1052607968449592,0.013223024085164,0,-0.0056220260448753,-0.0066863158717751,0.0201339144259691,0,0.4589467048645019,-0.2104499638080597,1.250301718711853,1,0.392529159784317,0.7687824368476868,6.521978855133057,1,0.0104183359071612,0.0052278232760727,-0.0094692623242735,0,-0.0179706830531358,0.0044844741933047,0.0473765023052692,0,0.5675052404403687,0.2466820180416107,8.589083671569824,1,0.0238094683736562,0.0342629365622997,-0.1087872385978698,0
0.0328266620635986,-0.1525849252939224,5.607421398162842,0.0049329013563692,0.0027057623956352,-0.0287002958357334,0,0.0206931214779615,0.0013911012792959,0.0663878470659256,0,0.0053299199789762,0.0003695974592119,0.0042097861878573,0,0.0062740668654441,-0.0030860693659633,0.0248476695269346,0,0.1263812333345413,-0.1992724239826202,3.661698341369629,1,0.0058315196074545,0.005184584762901,0.0002428225852781,0,0.0032203407026827,-0.0073151933029294,-0.0074302670545876,0,-0.1437225192785263,0.0346835479140281,1.8825048208236692,1,0.0038860894273966,0.0127541609108448,0.0036608921363949,0
0.6925846338272095,-1.1741063594818115,7.041051864624023,-0.0009202833171002,0.001917518209666,-0.0074815000407397,0,-0.2787025868892669,-1.0136069059371948,4.838667869567871,1,-0.0096934912726283,-0.0014812746085226,0.0235875099897384,0,0.7808449864387512,-0.0203615073114633,0.9593179225921632,1,-0.0894640162587165,-0.1305879205465316,0.5494111180305481,1,0.0028442316688597,-0.0052511254325509,-0.0057662827894091,0,0.2842770218849182,-0.0190018359571695,0.6547995209693909,1,-0.0041852369904518,-0.0032433939632028,0.0054447380825877,0,0.007584020961076,0.0175103060901165,0.0230714119970798,0
1.507552981376648,3.869736671447754,15.165804862976074,0.0023526805453002,0.0026721502654254,-0.002174150198698,0,1.010326266288757,0.2736360430717468,1.2954424619674685,1,-0.2431421428918838,0.4091268181800842,0.7949040532112122,1,-0.0052806683816015,0.0046245977282524,-0.0431925579905509,0,0.231128305196762,0.0627669990062713,0.2942512631416321,0,-0.4335083961486816,1.1614686250686646,4.562337398529053,1,-0.0003412543446756,0.0018858227413147,-0.0040556155145168,0,0.0033290423452854,0.011901507154107,-0.0304779428988695,0,0.9426891207695008,1.9416543245315552,8.2987699508667,1
1.849136471748352,0.1429846435785293,23.14598846435547,0.077194944024086,0.0031223567202687,0.0184658467769622,0,1.1772271394729614,1.1071922779083252,12.664209365844728,1,-0.0053455079905688,-0.0309392660856246,-0.0241857096552848,0,0.4225851595401764,0.7403407096862793,0.9502312541007996,1,-0.2980308532714844,-0.6411021947860718,0.3207104504108429,0,0.0181100275367498,0.0018028584308922,0.0385627187788486,0,0.4418342709541321,-0.9993583559989928,9.147127151489258,1,0.0039646318182349,-0.045288510620594,-0.003419432323426,0,0.0115965595468878,0.0072147967293858,0.0342877730727195,0
-0.351682037115097,-0.4551655948162079,13.962547302246094,-0.0048163067549467,0.0079649379476904,0.0140301333740353,0,0.0059185111895203,0.0097645968198776,-0.026244580745697,0,-1.431864619255066,-0.8875965476036072,8.6712646484375,1,-0.001285312930122,-0.0017113517969846,-0.0108957029879093,0,0.5466198921203613,0.6032269597053528,0.8985562920570374,1,-0.1857208311557769,-0.3611185848712921,2.3970272541046143,1,0.0039035324007272,-0.0104672610759735,-0.0217762403190135,0,0.7878360748291016,0.3050787448883056,1.672179102897644,1,-0.0722729787230491,-0.1203070506453514,0.3684066236019134,0
-3.1977689266204834,-1.5685889720916748,14.370964050292969,-0.0141214532777667,0.00635821884498,-0.0093829240649938,0,0.0050288657657802,-0.0077258092351257,-0.0328607857227325,0,-0.9235801100730896,2.087230682373047,5.972082614898682,1,-0.0058309864252805,0.0075992411002516,-0.0014077485539019,0,0.2260870337486267,-0.0245870016515254,0.5603870749473572,1,-0.0265106502920389,0.2473532408475875,3.2201507091522217,1,-0.0032122998964041,-0.0346715413033962,-0.0334050618112087,0,0.2854639887809753,-0.2680467367172241,0.8076863288879395,1,-2.741093397140503,-3.582099676132202,3.8877148628234863,1
1.7451186180114746,3.2317934036254883,9.213403701782228,-0.0507560744881629,0.0061402316205203,-0.0483916997909545,0,0.3478570282459259,2.190736770629883,2.8677122592926025,1,-0.001068050507456,-0.0074399174191057,-0.0286529324948787,0,-0.0083407228812575,0.0243804678320884,-0.0294283702969551,0,0.952001929283142,1.0934377908706665,5.754677772521973,1,0.0108928009867668,0.0092527689412236,0.0019607120193541,0,0.0063456860370934,0.0761644914746284,-0.0492000058293342,0,0.4741886556148529,-0.1547301411628723,0.7894166707992554,1,0.0139973983168601,-0.0061490065418183,-0.0446898154914379,0
0.7371795177459717,0.62682044506073,8.261453628540039,-0.0040876329876482,-0.0029741337057203,-0.0019616675563156,0,0.3262087702751159,0.2064838856458664,0.6664473414421082,1,-1.2933597564697266,-0.0669302195310592,0.8095318675041199,1,0.008601076900959,0.0027407854795455,0.4757618904113769,0,1.258023738861084,0.3476508259773254,2.498349905014038,1,-0.7755694389343262,0.0309467148035764,2.4018592834472656,1,0.0038917865604162,-0.0019022146007046,-0.0130369672551751,0,1.229183316230774,0.1189275905489921,1.282948017120361,1,-0.0157123934477567,-0.008122781291604,0.1415536254644394,0
-0.0720471739768982,3.27484130859375,11.237210273742676,-0.0063600279390811,0.0069089429453015,-0.0010160430101677,0,0.02009236253798,1.209774613380432,3.7851529121398926,1,0.0043995301239192,0.0152099374681711,-0.0247100219130516,0,-0.0013337383279576,0.0020771210547536,-0.0237348657101392,0,-0.3370423913002014,0.8742709755897522,4.778246879577637,1,0.0168888419866561,0.012437486089766,-0.0517756529152393,0,0.0039447345770895,0.0037231100723147,-0.0050683496519923,0,0.2294364273548126,1.1572972536087036,2.826824903488159,1,-0.0020729303359985,-0.0068583209067583,-0.0467089787125587,0
0.6987721920013428,-0.7453421354293823,9.387735366821287,0.0385253876447677,0.0115656554698944,-0.0180159080773592,0,0.0005818295758217,-0.0092379134148359,-0.0022249864414334,0,0.2303403317928314,-0.1990056186914444,2.112611770629883,1,-0.0085281990468502,0.0022837580181658,-0.0062348986975848,0,-0.0007570073939859,0.0330390445888042,0.0129203321412205,0,0.4018614590167999,0.0505643263459205,4.313292026519775,1,-0.0093956999480724,0.029585076496005,-0.072743035852909,0,0.0091066751629114,0.0021174969151616,-0.0318160615861415,0,0.0370374508202075,-0.6662539839744568,3.079945802688598,1
0.4500420093536377,-2.691058158874512,20.356422424316406,-0.0174379460513591,0.1225503981113433,-0.1944716572761535,0,0.5010702610015869,-3.2314388751983643,8.466625213623047,1,-0.0053887018002569,0.0035357389133423,-0.0015210643177852,0,0.3350770771503448,-0.1184398829936981,0.4897733628749847,0,0.6827497482299805,0.9961974024772644,9.249978065490724,1,0.0101796295493841,0.0077378023415803,0.0021017102990299,0,0.1251318156719207,-0.046732872724533,0.7626112103462219,1,-1.1811985969543457,-0.4220344424247741,1.5508768558502195,1,-0.0001412639248883,-0.0024335964117199,0.0304481238126754,0
0.164226546883583,-0.8758261203765869,10.265236854553224,-0.7338061928749084,-0.3229103684425354,6.759634017944336,1,0.0025193183682858,0.001544019440189,-0.0083492081612348,0,-0.000311129289912,0.0139284571632742,0.0094697587192058,0,0.9111061692237854,-0.5501065850257874,3.5216472148895264,1,-0.0057730362750589,-0.0081028277054429,0.0026386964600533,0,-0.0022476178128272,0.0001889210980152,-0.0233808681368827,0,-0.0011439769295975,-0.0006596741732209,-0.0097979353740811,0,-0.0080097038298845,-0.003573766676709,0.0242360401898622,0,0.0018927269848063,-0.0061343377456068,-0.0108605101704597,0
-0.0649047419428825,2.577418565750122,15.128682136535645,-0.0730428844690322,0.052357405424118,-0.0599548406898975,0,-0.0321672819554805,0.0863881483674049,0.0024479436688125,0,0.0014235210837796,-0.0193873438984155,0.0088741173967719,0,-2.135030031204224,2.3131422996521,8.371747970581055,1,-0.0175541173666715,0.0371620394289493,0.0638333931565284,0,0.0037793403025716,-0.0077790608629584,0.0153148844838142,0,2.2153239250183105,0.1272492706775665,6.764285564422607,1,-0.0208550710231065,-0.0072964448481798,-0.0404286831617355,0,-0.0067822262644767,-0.0044175740331411,0.0025612590834498,0
0.6323466897010803,-0.925899863243103,14.845614433288574,-0.3507652282714844,0.0950147360563278,5.99926233291626,1,0.0572921298444271,0.0759922266006469,-0.0277769844979047,0,0.0011098107788711,-0.0092986589297652,0.0125821335241198,0,0.9806066155433656,-1.048644781112671,7.841153144836426,1,0.0148008139804005,-0.0080047072842717,-0.0141936959698796,0,-0.0031400956213474,-0.0013364900369197,0.0329241231083869,0,0.1039923131465911,0.0307549126446247,0.2106945812702179,0,-0.1827957034111023,-0.057499460875988,0.7583138942718506,1,0.0112460562959313,-0.002877585357055,0.0326556153595447,0
1.0658769607543943,-2.1956493854522705,20.69603538513184,0.028092561289668,-0.0379077866673469,0.1325551569461822,0,-0.4980469346046448,-0.718508243560791,6.83761739730835,1,-0.0238417424261569,-0.0201232191175222,-0.0426029674708843,0,0.0051983376033604,0.0036605563946068,-0.0078167356550693,0,1.355870485305786,-1.1515049934387207,13.051993370056152,1,0.0194978285580873,-0.0008434792398475,0.0176436658948659,0,-0.0031861006282269,-0.0134366927668452,-0.0166597850620746,0,0.165388211607933,-0.2440339177846908,0.7725434303283691,1,0.0169043019413948,-0.0129515146836638,-0.0492356307804584,0
1.0068681240081787,-0.1925601959228515,12.00216293334961,-0.0088432012125849,-0.0044155870564281,-0.0035339666064828,0,0.9268001317977904,0.2105927914381027,0.7307401299476624,1,-0.5559608936309814,0.0902812406420707,3.034358501434326,1,0.0037390193901956,-0.0014437787467613,0.0169699415564537,0,0.9273435473442078,0.1943846642971038,1.108304738998413,1,-1.7044262886047363,-0.7083427906036377,4.708732128143311,1,0.0079198312014341,-0.0055322344414889,-0.0078659150749444,0,1.6217870712280271,0.0873335376381874,1.036428689956665,1,-0.2114911675453186,-0.0554180406033992,1.3780286312103271,1
1.6235928535461426,-0.5108487010002136,13.067183494567873,0.6496989727020264,0.423430472612381,1.524511456489563,1,-0.7960460782051086,-0.5384131669998169,3.184751272201538,1,-0.0028418535366654,0.0098707256838679,0.0240593887865543,0,1.5307984352111816,-0.3352555930614471,4.301279544830322,1,-0.7118077874183655,-0.1561629027128219,2.7474613189697266,1,0.011384854093194,-0.0056881560012698,0.011803600937128,0,0.9374569058418274,0.08156368881464,1.287329077720642,1,0.0084427874535322,0.0045513198710978,-0.0248923376202583,0,-0.0034933569841086,0.0052549475803971,0.0108817489817738,0
0.3449319005012512,-2.2949085235595703,7.917813777923584,0.0282467324286699,-0.0215881243348121,-0.0080354260280728,0,0.7051821947097778,-0.2459066808223724,2.273681879043579,1,0.0013562365202233,-0.013993308879435,-0.0363710783421993,0,0.008846909739077,-0.0156613383442163,0.0025226396974176,0,0.1361050754785537,-1.0256407260894775,2.3410966396331787,1,0.0015655000461265,-0.0044309254735708,0.0060933376662433,0,0.0102035328745841,-0.0125876180827617,-0.0215557776391506,0,-0.5444216132164001,-0.9570633172988892,3.3481521606445312,1,-0.0021527477074414,0.0019636440556496,0.0122290411964058,0
0.8360061645507812,-0.189953863620758,3.870848417282105,-0.0081120645627379,0.0062583065591752,0.0132733266800642,0,0.3075319528579712,0.1118959486484527,0.0458200089633464,0,-1.0683640241622925,-0.3128117024898529,0.978265345096588,1,-0.0057207704521715,0.0010572912869974,-0.0342609696090221,0,1.0892438888549805,0.1922105848789215,1.382547378540039,1,-0.4798605442047119,-0.1381068676710128,1.1263439655303955,1,0.002894937293604,0.0007473659352399,-0.0123701430857181,0,1.0077706575393677,-0.0428247898817062,0.3660457134246826,0,-0.0093778604641556,-0.0083800163120031,0.0051838480867445,0
0.0646021217107772,-0.0388088263571262,0.0192979983985424,0.028309479355812,-0.0181019622832536,-0.0599340759217739,0,0.0080905873328447,-0.0050951009616255,0.0260573513805866,0,-0.0245788507163524,-0.0015239511849358,0.0123997153714299,0,0.0035326643846929,-0.0012118683662265,-0.0081670358777046,0,0.0203749351203441,-0.0059806937351822,-0.0101511776447296,0,-0.0186305306851863,-0.0183905363082885,0.0307131856679916,0,0.0060050208121538,0.0021656341850757,0.0051232874393463,0,0.0374966487288475,-0.0060787107795476,-0.013451243750751,0,0.0040021687746047,0.0154083641245961,0.0367079935967922,0
0.7506827712059021,0.9751915335655212,11.074783325195312,0.0232154503464698,-0.0173616763204336,0.0302219055593013,0,-0.6617611646652222,-0.1669733226299286,6.235846519470215,1,0.0031331665813922,-0.0076061096042394,-0.0471769459545612,0,0.4404303133487701,0.2013542801141739,0.7715582251548767,1,-0.1946010738611221,-0.2496083527803421,2.0292837619781494,1,0.0229979790747165,-0.0008505761506967,0.0204700380563735,0,1.188015699386597,1.2153359651565552,2.05190372467041,1,-0.0465403795242309,0.0023154532536864,-0.0367823764681816,0,-0.0242072455585002,-0.0014141701394692,0.0194591153413057,0
0.1931688785552978,-2.7623698711395264,11.683257102966309,-0.0460291169583797,-0.0010678452672436,-0.0117191299796104,0,-0.212844580411911,-0.292084127664566,9.524691581726074,1,-0.0052187498658895,-0.0254925265908241,-0.0361413210630416,0,0.0066564385779201,-0.0043939356692135,-0.027618097141385,0,1.3018391132354736,-2.1623640060424805,1.145997405052185,1,0.0138160474598407,0.0109206968918442,-0.0008886797004379,0,-0.0106030767783522,-0.1980815380811691,-0.0680659338831901,0,0.0173625275492668,-0.0160230100154876,-0.0172611474990844,0,-0.8718096017837524,-0.0737838894128799,1.1742630004882812,1
-0.1489306837320327,0.9627090096473694,10.6304349899292,-0.0061797485686838,0.0008866066345945,-0.0191580671817064,0,0.3029910027980804,0.3801015019416809,1.0031646490097046,1,-2.707545757293701,-0.7462241053581238,1.4801783561706543,1,0.0045021725818514,0.0429998189210891,0.7145106792449951,1,1.5520037412643433,0.7771154046058655,2.9356167316436768,1,-0.5906773209571838,0.1677005290985107,2.542789936065674,1,0.0015394310466945,0.0008485817234031,-0.003968559205532,0,1.264939785003662,0.3186656534671783,1.5499320030212402,1,0.0300127081573009,0.0250218100845813,0.4291399419307709,0
1.349374532699585,-0.3158674240112304,4.082034587860107,0.2429026514291763,-0.0682283341884613,0.0716564804315567,0,-0.3495923578739166,-0.1460744440555572,0.806158185005188,1,-0.0039793872274458,0.0001549456937937,0.0066190776415169,0,0.6682938933372498,-0.0929805114865303,0.153526946902275,0,-0.1958727538585662,0.0879588648676872,1.1469600200653076,1,0.0112196682021021,0.0771205797791481,0.5781238079071045,1,1.0293529033660889,-0.1458594501018524,1.0016024112701416,1,-0.0487467572093009,0.0013062834041193,0.3851031064987182,0,-0.0042034522630274,-0.0292653609067201,-0.0677155926823616,0
-4.433639049530029,-6.817180156707764,11.72920036315918,-0.0080646881833672,0.0150624196976423,0.0040329215116798,0,2.88501524925232,-3.4242889881134038,1.2048125267028809,1,-0.6591082215309143,0.375800609588623,0.990634560585022,1,0.0045823925174772,-0.0016954755410552,-0.0016010493272915,0,0.983717441558838,-1.6701695919036863,-0.5082087516784668,0,-1.7802211046218872,-0.2018074095249176,5.560155391693115,1,-0.0020163976587355,-0.0052886814810335,0.0045571704395115,0,0.1919806897640228,-0.0761789306998252,0.1479634195566177,0,-6.049524307250977,-1.8286142349243164,4.326853752136231,1
-0.9284886717796326,-2.515197992324829,9.412172317504885,-0.0111007513478398,-0.0157873332500457,-0.0106054479256272,0,-0.0418683551251888,-0.0528146885335445,-0.0304853077977895,0,0.0066183325834572,-0.0080804759636521,-0.0648702010512352,0,-0.9010359644889832,-0.8875333070755005,6.503183364868164,1,-0.0177764259278774,0.0253202263265848,0.0195939093828201,0,0.0005142223089933,-0.0012150247348472,-0.0268866214901208,0,0.026939820498228,-1.5137959718704224,3.084172010421753,1,-0.0453843846917152,-0.0096474792808294,-0.0764947533607482,0,0.0546049028635025,-0.0516441278159618,0.0145653123036026,0
-3.879540920257568,-6.270476341247559,15.967046737670898,-0.0086148064583539,0.0137482685968279,0.0035625020973384,0,1.7766329050064087,-1.7142568826675415,2.460247039794922,1,-0.1083178743720054,0.0214566122740507,0.4019560217857361,0,0.0446107424795627,0.0293683409690856,0.5237621068954468,1,0.6864953637123108,0.0115677090361714,2.5810964107513428,1,-1.1818255186080933,0.1630224585533142,4.86814546585083,1,-0.0177279599010944,-0.1317804008722305,-0.0831882953643798,0,0.0072955470532178,-0.2943713366985321,1.042195439338684,1,-5.078089237213135,-4.3692307472229,4.16926908493042,1
1.1152364015579224,1.598494291305542,11.292799949645996,0.0349487029016017,-0.0001150140524259,-0.0220464803278446,0,0.206464871764183,1.7192047834396362,6.558157444000244,1,-0.0004521549562923,-0.0010214847279712,-0.0736706256866455,0,-0.0016483360668644,0.0049511641263961,0.0009913125541061,0,0.7242206931114197,-0.3067404329776764,4.305837631225586,1,0.0194245725870132,-0.004809423815459,0.0272474009543657,0,0.0004086311382707,0.0389478839933872,0.0194752421230077,0,0.1764583140611648,-0.0158804021775722,0.1406246870756149,0,-0.0445888899266719,0.1639571785926818,0.336182951927185,0
0.3347354829311371,0.5668973922729492,3.702251434326172,0.0089017087593674,0.0039204247295856,-0.0201950874179601,0,0.1708098948001861,0.108408898115158,0.1285343170166015,0,-0.0774126276373863,0.2999730110168457,0.7266346216201782,1,0.0068548615090548,-0.0054727201350033,0.0313781760632991,0,0.4869495332241058,0.1699633002281189,0.3084425628185272,0,-0.3067980706691742,0.0521288886666297,2.174679756164551,1,0.0005470230826176,-0.0033542569726705,0.0112364450469613,0,0.0194232650101184,-0.0169068146497011,0.0630093216896057,0,0.025459898635745,-0.0417633354663848,0.2785314321517944,0
-2.564202785491944,5.176910877227783,13.795266151428224,3.4800055027008057,-0.9237213730812072,5.206677913665772,1,-0.0204507280141115,0.027091896161437,-0.0201337486505508,0,0.0183986108750104,-0.0105201229453086,0.0138712981715798,0,1.5620566606521606,-1.4951294660568235,3.2313754558563232,1,-0.5852052569389343,1.265001654624939,5.228830814361572,1,0.0113302702084183,0.006104617845267,-0.0074406182393431,0,-0.0105664758011698,0.0763393864035606,0.0261128097772598,0,-7.003097534179688,6.216832637786865,0.1935360729694366,0,-0.0166734866797924,0.0149117577821016,-0.077562965452671,0
1.1918100118637085,0.5983932614326477,17.424373626708984,0.14523346722126,-0.0233120117336511,1.5399891138076782,1,0.0732804760336875,0.7221347093582153,-0.3956221342086792,0,0.0086220884695649,-0.015030357055366,0.0161924287676811,0,0.0015812332276254,-0.0002767997793853,-0.0125026730820536,0,0.4206041097640991,0.7681639194488525,7.446200370788574,1,0.010776718147099,-0.0035876219626516,0.0072011142037808,0,0.0057096523232758,0.0233349204063415,-0.0328003652393817,0,0.5374582409858704,-0.91504567861557,8.898929595947266,1,-0.0114558432251214,0.042012233287096,-0.0432124286890029,0
-0.9476173520088196,2.5846176147460938,11.49183464050293,0.0070481314323842,0.0001094073668355,-0.0027256007306277,0,-0.013171786442399,0.0081030996516346,-0.0577967427670955,0,-0.6652198433876038,1.4119131565093994,6.384535789489746,1,-0.0033507389016449,0.0004158350348006,-0.0592318475246429,0,0.3377213776111603,0.7048232555389404,0.4283138513565063,0,-0.6507747173309326,-0.0672535151243209,2.0979912281036377,1,0.0004592761979438,-0.0001325833727605,-0.0092982528731226,0,0.0415040515363216,0.5226035714149475,2.725059986114502,1,-0.0018330832244828,0.0040354318916797,-0.015012964606285,0
0.1871353536844253,0.2727390825748443,6.943637371063232,-0.0994758754968643,0.1763802468776703,0.7415736317634583,1,-0.0021136533468961,0.0083400616422295,-0.0148166893050074,0,0.0027609202079474,0.0060646282508969,-0.0080505516380071,0,0.6025994420051575,-0.4721426963806152,1.8646715879440308,1,0.0071958820335567,0.0013129058061167,-0.0712481662631034,0,-0.0144836492836475,-0.0036987159401178,0.0023657651618123,0,-0.0053773000836372,-0.0019545406103134,-0.0190102476626634,0,-0.3082446753978729,0.5515085458755493,4.434498310089111,1,0.0042742672376334,0.0069286609068512,0.0136535270139575,0
1.1932809352874756,-0.5416596531867981,12.298333168029783,0.7149952054023743,-0.5316801071166992,1.0146894454956057,1,0.0042348755523562,-0.0079528847709298,-0.031147988513112,0,0.0027238817419856,-0.0140280146151781,-0.0400731563568115,0,-0.0059410845860838,0.0029970661271363,-0.0110742533579468,0,0.4745228588581085,0.6823813319206238,5.59735107421875,1,0.0058062900789082,0.0005446430295705,-0.0285120084881782,0,-0.0011459122179076,-0.1132493168115615,-0.0242561046034097,0,-0.0060127601027488,-0.581488847732544,5.877492904663086,1,0.004097731783986,0.0208165198564529,-0.0561358854174613,0
0.4661263823509216,-0.2640879452228546,10.771291732788086,0.0008037915104068,0.0029903256800025,-0.0136932665482163,0,0.2268916070461273,-0.0689188987016677,2.898333549499512,1,-0.0020559306722134,-0.0076500508002936,0.0516369715332984,0,0.0017965788720175,-0.0038753580302,0.0029904071707278,0,-0.1025961190462112,-0.2310610264539718,4.706920623779297,1,-0.0037642770912498,-0.0062457988969981,-0.0018042750889435,0,-0.0006427868502214,-0.0014084742870181,-0.0124625647440552,0,0.3375392854213714,0.0484090857207775,3.1251511573791504,1,0.0081542208790779,0.0036722749937325,0.014218870550394,0
1.859447717666626,-0.3388996720314026,24.45064926147461,0.3874047398567199,-0.2368223220109939,1.344757318496704,1,-0.0286554154008626,0.1441237330436706,-0.0412564948201179,0,0.0040093874558806,-0.0275071412324905,-0.0246015358716249,0,-0.0062244748696684,0.0150151308625936,-0.0237943418323993,0,0.3801056742668152,2.0365102291107178,13.975142478942873,1,0.0142342811450362,0.006243226584047,-0.0027572016697376,0,-0.0063423328101634,0.0326629504561424,-0.0528180748224258,0,1.0798826217651367,-2.421173572540283,9.364463806152344,1,0.0350332744419574,0.1120480746030807,-0.08848487585783,0
-0.0061043286696076,0.1652462780475616,7.966635227203369,0.001730118994601,0.0023318929597735,-0.0055491244420409,0,0.0195575915277004,0.1339204907417297,3.546071052551269,1,-0.002571013988927,-0.0115496898069977,-0.0261511616408824,0,0.1881042867898941,0.1411761939525604,2.472137451171875,1,-0.002611577976495,-0.0025645568966865,0.0183142945170402,0,-0.0024587213993072,-0.0121396519243717,0.0301552508026361,0,-0.2021368592977523,-0.0702287256717681,1.9448363780975344,1,-0.0020700166933238,-0.0047777025029063,0.019241789355874,0,-0.0036481337156146,-0.0109219867736101,-0.0324211530387401,0
1.1335079669952393,-2.256673812866211,15.760769844055176,-0.0137510159984231,-0.0141545822843909,0.0222079046070575,0,-0.5299821496009827,-1.1372722387313845,9.782519340515137,1,-0.0038986206054687,-0.0402403175830841,-0.0366402715444564,0,-0.0061575518921017,0.0025389043148607,0.0023922731634229,0,0.9049939513206482,-0.4208188652992248,4.662405014038086,1,0.0244727376848459,0.0162059292197227,0.0266531500965356,0,0.0063977655954658,-0.1133876964449882,0.069478191435337,0,0.7422424554824829,-0.5528128147125244,1.213676691055298,1,0.0091904634609818,0.0032678316347301,0.0180780254304409,0
-0.7950170636177063,-1.2463699579238892,14.342938423156738,-1.4815926551818848,-0.721347987651825,9.254008293151855,1,-0.0340773425996303,0.0421200767159462,-0.0383043698966503,0,-0.0023413063026964,0.0029617699328809,-0.0007166236173361,0,1.4399203062057495,-0.701257050037384,4.768760681152344,1,-0.002431109547615,0.0279902424663305,0.0413755439221859,0,-0.0041831764392554,-0.0053363153710961,-0.0168113317340612,0,0.0024402667768299,-0.2522935271263122,-0.004519713576883,0,-0.7096273899078369,0.3729996085166931,0.3395032286643982,0,-0.0031247471924871,-0.0122068664059042,-0.0003572796704247,0
-0.2260978668928146,-0.0810772255063057,7.514221668243408,-0.0104296132922172,0.0046642334200441,0.0146496230736374,0,0.2454761713743209,0.3259425163269043,2.018770694732666,1,0.0050135469064116,0.0018894650274887,-0.0247464086860418,0,-0.0038282177411019,-0.0009650129359215,-0.0285904388874769,0,-0.4162125289440155,-0.4180682003498077,5.51771354675293,1,-0.0251552835106849,0.0174719337373971,-0.0479790344834327,0,-0.0013816420687362,0.0029133900534361,-0.000116345945571,0,-0.0178743992000818,-0.0121546983718872,0.0722917690873146,0,-0.0017059100791811,-0.002770880004391,-0.0077722016721963,0
0.6411606073379517,-0.0017098458483815,19.22911834716797,0.915489137172699,-0.6142255067825317,1.818160891532898,1,0.0031882706098258,-0.0036632374394685,-0.0199590362608432,0,0.0032518981024622,0.0030140825547277,-0.0099546331912279,0,0.0073601570911705,-0.0043487031944096,0.0284063667058944,0,-1.8554197549819944,2.024988412857056,5.39547872543335,1,-0.0037988608237355,-0.0046474286355078,-0.0089997416362166,0,0.0024411180056631,0.0030373849440366,-0.0108183966949582,0,1.57453715801239,-1.4059878587722778,12.044207572937012,1,-0.0058885174803435,0.0001229970366694,-0.0074044154025614,0
0.3583858013153076,-0.0198234468698501,7.396027565002441,-0.0156280510127544,0.0003273101756349,-0.0628164187073707,0,-0.0393081493675708,0.1113451793789863,0.0072357235476374,0,0.0107673481106758,-0.0076283826492726,0.0251379553228616,0,-0.0012740712845698,0.007203550543636,-0.0417947061359882,0,0.4688027501106262,0.3302444219589233,4.529675483703613,1,0.0110514806583523,0.0011416833149269,-0.0187595877796411,0,0.0190483033657073,0.0810168832540512,-0.1100315302610397,0,-0.0934486761689186,-0.5798632502555847,3.079528331756592,1,-0.0016251188935711,0.0363891571760177,-0.0121476259082555,0
0.5386873483657837,-1.0652095079421997,19.016212463378903,0.1476461887359619,-0.6217024922370911,6.892121315002441,1,-0.0041599734686315,0.0099877044558525,0.0329547226428985,0,-0.0008402964449487,0.0039476361125707,-0.0615590959787368,0,1.3303251266479492,-0.6323636770248413,3.049804925918579,1,-0.0611547157168388,0.4754621088504791,3.833595752716065,1,0.0159104745835065,0.0015496918931603,-0.0008798419730737,0,-0.0032457457855343,-0.03093983232975,-0.0597279332578182,0,-0.9144999980926514,-0.2249163091182708,5.3556437492370605,1,0.0287062022835016,-0.0462342761456966,-0.025742208585143,0
3.3822245597839355,3.7284247875213614,20.08585548400879,1.7959126125788316e-05,-0.0239941645413637,0.0355679057538509,0,0.2669342756271362,4.115576267242432,3.9735453128814697,1,0.3563294112682342,-0.0581411160528659,-1.3848021030426023,0,-0.0018073670798912,0.0104697188362479,-0.0057896566577255,0,1.046119213104248,0.3327892124652862,11.82581615447998,1,0.0127686522901058,0.0041121756657958,0.0331341028213501,0,-0.0067834192886948,0.0495941080152988,-0.0336865670979023,0,1.7003823518753052,-0.7900761961936951,5.687303066253662,1,0.0082635199651122,0.088094413280487,-0.0452320650219917,0
-0.1769919097423553,2.138848066329956,15.519217491149902,0.4014282524585724,0.0293942596763372,0.4426644444465637,0,-0.3277654647827148,1.2838846445083618,2.3553895950317383,1,0.0296558625996112,-0.0009156873566098,0.165037140250206,0,0.4678507149219513,0.0321686640381813,0.9045473337173462,1,-0.197043776512146,0.4550001323223114,7.015120029449463,1,0.1854458302259445,0.1506649851799011,2.472708225250244,1,0.1622045338153839,-0.006705462001264,-0.0145336166024208,0,-0.8957804441452026,0.1073127463459968,1.973854660987854,1,-0.0029874814208596,0.0880437344312667,0.2044291645288467,0
1.7303948402404783,2.9221765995025635,8.73644733428955,-0.0516211800277233,0.005816756747663,-0.0275485273450613,0,-0.0002657903241924,-0.0116522535681724,-0.0215110871940851,0,-0.8820977807044983,1.9813112020492556,5.372220993041992,1,-0.0057394532486796,0.0048278835602104,-0.0283992569893598,0,0.1852544397115707,-0.0777088329195976,-0.1677910983562469,0,-0.4145467877388,-0.6898866295814514,0.0717178732156753,0,0.0013308245688676,-0.0397295914590358,-0.0193617139011621,0,2.906291484832764,1.7355700731277466,3.547173261642456,1,-0.0082109132781624,0.0136282444000244,0.0099465968087315,0
2.048661947250366,-0.573174238204956,11.356114387512209,0.0182976722717285,-0.0091245137155056,-0.0030409097671508,0,0.0912816897034645,-0.0281504355370998,-0.0222136005759239,0,-0.0031470854301005,-0.0127394078299403,-0.0046048653312027,0,0.0017775383312255,0.0043632076121866,-0.0096438843756914,0,0.9181461930274964,0.6293380856513977,6.240982532501221,1,0.0090851113200187,0.0095927035436034,0.0264261607080698,0,0.0031055796425789,0.1909058541059494,-0.0353158861398696,0,1.064670443534851,-1.3728539943695068,5.191731929779053,1,-0.0545550622045993,0.015494211576879,-0.0282068401575088,0
0.7395654320716858,0.2846935093402862,12.769810676574709,-0.1587434411048889,0.230206698179245,0.5185050964355469,1,0.0146713675931096,0.0711198225617408,-0.0116326222196221,0,-0.0008138570701703,0.0168175678700208,0.0042324406094849,0,0.5580161809921265,0.1754739135503769,11.254212379455566,1,0.0336753614246845,-0.0327224768698215,0.1053269580006599,0,0.0026762126944959,0.0049847811460494,0.0022267845924943,0,0.306966096162796,-0.2102933824062347,0.8920072913169861,1,-0.0066254381090402,0.0632316768169403,-0.0050154076889157,0,-0.0102570792660117,-0.0341251194477081,0.009949006140232,0
0.7572067975997925,-0.296250432729721,4.382654190063477,0.0572972297668457,-0.001102422713302,0.0316898524761199,0,-0.6789836287498474,-0.3070710599422455,1.5099034309387207,1,-0.0083533972501754,-0.0128802778199315,-0.0157594177871942,0,0.5971254110336304,-0.0391525663435459,0.1792785823345184,0,-0.2883713543415069,0.0813804641366005,1.1387591361999512,1,0.0229814536869525,0.0478900149464607,0.3993566632270813,0,1.0514519214630127,-0.0690668746829032,0.9246897101402284,1,0.0036862166598439,-2.599985919005121e-06,0.2009813487529754,0,0.0003729815362021,0.0037548779509961,0.0137554826214909,0
-0.1050609946250915,-0.6441966891288757,11.591554641723633,0.0075450455769896,-0.0048716603778302,-0.0195344202220439,0,-0.0057970620691776,0.0009308860753662,-0.0325135849416255,0,0.0387165211141109,-0.1981032639741897,4.965190410614014,1,-2.439836407575058e-06,0.0007554086623713,0.0001967978460015,0,0.1852642893791198,0.1924336105585098,0.3381169438362121,0,-0.1713600903749466,-0.2275523841381073,0.5387375354766846,1,0.0012312665348872,0.0013561393134295,-0.0166917778551578,0,-0.1589331924915313,-0.4102857708930969,5.832773208618164,1,-0.0017253287369385,0.0011403543176129,-0.0147205553948879,0
1.9065693616867063,0.4934428036212921,7.151333332061768,0.0095919268205761,-0.0010311316000297,-0.0362718477845191,0,0.1214742064476013,0.1032675132155418,0.4491493999958038,0,0.0054721445776522,0.0039137927815318,0.017286617308855,0,0.0005178114515729,0.002781989518553,-0.0009832050418481,0,0.7892806529998779,0.2757514119148254,2.7793285846710205,1,-0.0143388593569397,0.0072803548537194,0.0059266472235322,0,-0.0017582242144271,-0.0015563084743916,-0.0104807103052735,0,0.9931183457374572,0.1041167229413986,3.942955732345581,1,0.0032113795168697,-0.0010815588757395,0.004422350320965,0
1.1838456392288208,-0.0201843846589326,5.3416032791137695,1.342320203781128,-0.2140468508005142,1.059626579284668,1,0.006905844900757,-0.0012642050860449,-0.023049809038639,0,0.0037824804894626,-0.0004355560813564,-0.0187824051827192,0,1.0535480976104736,-0.4006748795509338,1.6138564348220823,1,-0.1225804165005683,0.2278281450271606,0.3492731750011444,0,0.0053161424584686,0.0072102528065443,-0.0036972237285226,0,0.0549909211695194,-0.037756685167551,0.1415610164403915,0,-1.1557276248931885,0.4086300730705261,2.2520499229431152,1,-0.004710123874247,-0.0096747148782014,-0.0292347464710474,0
1.4562653303146362,0.6211511492729187,5.2237420082092285,0.009947121143341,0.0100959278643131,-0.0238053388893604,0,1.354832887649536,0.4111115336418152,3.2245657444000244,1,-0.0127505036070942,0.0273724049329757,0.006765179336071,0,0.0072268713265657,1.157887527369894e-05,-0.0223077461123466,0,0.0844564512372016,-0.0401423275470733,1.8645312786102293,1,-0.0038065025582909,0.0026263790205121,-0.0226537156850099,0,-0.0556365065276622,-0.025793008506298,0.2799364924430847,0,0.0332591980695724,0.2032800018787384,-0.0829825028777122,0,0.038736492395401,0.0325886718928813,-0.000307348993374,0
-0.0847285985946655,-0.2654728889465332,10.21706485748291,0.0077667385339736,0.0010541536612436,-0.0071895285509526,0,-0.0580443479120731,0.1263877898454666,1.7602534294128418,1,-0.0028295877855271,0.0058441325090825,0.0110784815624356,0,0.0065762000158429,0.0013510409044101,0.0049163387157022,0,-0.1350826174020767,-0.3111257553100586,6.332830429077148,1,0.00581297557801,0.0004214322543703,-0.0539077296853065,0,0.0100810211151838,0.0001123627152992,-0.0093915779143571,0,0.0771075785160064,-0.0918362140655517,2.177107810974121,1,0.0038834500592201,0.0023181352298706,0.0013673962093889,0
1.547334909439087,1.1549594402313232,4.366930961608887,0.2789816260337829,0.1576462984085083,0.0249671451747417,0,-0.1636541932821273,0.0889064669609069,0.4598147273063659,0,0.0003639768983703,-0.0148758254945278,-0.0601118318736553,0,0.856637716293335,0.0836883336305618,0.1428028792142868,0,-0.5868959426879883,0.3920603394508362,1.5565333366394043,1,0.0115625374019145,0.0802706554532051,0.8629392385482788,1,1.616225004196167,0.1194987073540687,0.1282151192426681,0,-0.4704838693141937,0.2372151762247085,1.2448662519454956,1,0.0045979642309248,0.0105492705479264,0.006904115434736,0
-3.95633602142334,-6.790342807769775,17.913593292236328,-0.0114861745387315,0.034871332347393,0.0033941036090254,0,0.529400646686554,-0.2018820196390152,0.6808356642723083,1,-0.1406050473451614,0.4168322384357452,2.261718511581421,1,-0.007676986977458,0.0028765720780938,-0.0153372595086693,0,0.1560134142637252,-0.0379509665071964,0.1362928003072738,0,-0.4351362884044647,-0.6856625080108643,8.5115966796875,1,-0.0262127816677093,0.1060835644602775,-0.065978854894638,0,-0.0403261072933673,-0.1313300877809524,0.0881178304553031,0,-3.980306625366211,-6.294180870056152,6.312953472137451,1
1.493976593017578,3.488074779510498,17.344371795654297,0.0024775671772658,0.0041668838821351,-0.0568230785429477,0,0.2551090121269226,2.7674310207366943,8.63208293914795,1,-0.0037472783587872,-0.00183207297232,-0.072678618133068,0,1.009076714515686,0.4355965852737427,1.656223177909851,1,0.0818134844303131,0.0719172805547714,4.239654541015625,1,0.0100607378408312,0.0094145238399505,0.0183557104319334,0,0.4563978314399719,0.2130349427461624,1.6405338048934937,1,-0.3579454123973846,0.024099813774228,1.2484300136566162,1,0.0407340079545974,-0.0357540100812912,0.0385940335690975,0
0.7667819261550903,-2.136158227920532,19.105995178222656,0.0129068428650498,0.000529728422407,-0.0414173156023025,0,0.503139078617096,-0.5434848070144653,9.212265968322754,1,-0.0064961095340549,-0.0102543430402874,-0.0250901095569133,0,0.8982201814651489,0.8077300190925598,1.1471377611160278,1,-0.4309580326080322,-1.0020712614059448,2.31684947013855,1,-0.021980483084917,0.0044917366467416,-0.0071691190823912,0,-0.1935436874628067,-1.3985801935195925,6.571490287780762,1,0.0059006568044424,0.0087212799116969,-0.0581986829638481,0,-0.0004064781533088,-0.0032403187360614,-0.0098742535337805,0
0.0304268226027488,-0.0201902240514755,0.3817707300186157,0.004339728038758,-0.0021925461478531,-0.0022845100611448,0,0.0023987127933651,-0.000307867740048,0.1218859776854515,0,-0.0027925826143473,-0.0078330477699637,-0.0395608507096767,0,0.0024374409113079,-0.0049841310828924,0.0149984788149595,0,-0.0163736958056688,-0.0169476196169853,0.1598683446645736,0,0.0176675263792276,0.0129261696711182,-0.0330390334129333,0,-0.0003454137477092,-0.0056508001871407,-0.0096590770408511,0,0.0247185379266738,0.0026123458519577,0.1603748947381973,0,-0.0016234287759289,0.0021872746292501,0.0091865044087171,0
-0.0040313927456736,-0.0280949883162975,-0.0396671891212463,0.0030666054226458,0.0022233026102185,0.001456422265619,0,0.0022698438260704,-0.0094939358532428,0.0224098451435565,0,-0.002066601999104,0.0036633892450481,-0.0116518465802073,0,-0.0033676419407129,-0.0029885319527238,-0.0199841689318418,0,0.0113156549632549,0.000988625222817,-0.0395787730813026,0,0.0033171593677252,0.0039154361002147,-0.006597542669624,0,-0.001726483576931,0.0021821812260895,-0.0178795028477907,0,-0.013679520227015,-0.018447533249855,0.0720966160297393,0,-0.003160408930853,-0.0101379221305251,-0.0399382412433624,0
0.2699195146560669,-0.5610182285308838,11.105268478393556,0.736314594745636,-0.2697967290878296,1.1891733407974243,1,-0.1160828471183776,-0.0569713376462459,0.4241299629211426,0,-0.0017658685101196,-0.0116834370419383,-0.0330920033156871,0,0.7166494727134705,-0.2038020193576812,0.519870936870575,1,-0.9945040941238404,0.0772262439131736,3.042153835296631,1,-0.0050258343107998,-0.0174050871282815,0.0225444715470075,0,0.0015990796964615,-0.0056410687975585,-0.0252712927758693,0,-0.0725093260407447,-0.0763714089989662,5.9599714279174805,1,0.0052442573942244,0.0034266361035406,0.0057891882024705,0
2.0995469093322754,-0.0422809682786464,17.682687759399414,-0.0013846375513821,-0.0099342139437794,0.0208707880228757,0,1.868809461593628,0.0645966902375221,11.060624122619627,1,-0.0042902501299977,0.0069583575241267,-0.0163574926555156,0,0.0004677650285884,-0.0008712554117664,0.0180563908070325,0,-0.3633720576763153,-1.0565224885940552,5.206216812133789,1,0.0266714412719011,0.010122800245881,0.0340972580015659,0,0.5697634816169739,0.9623736143112184,1.3621965646743774,1,0.0100977607071399,-0.0259948689490556,0.0246842801570892,0,-0.0072158630937337,0.0069904052652418,-0.0277011413127183,0
-1.819734692573548,-0.4380327761173248,7.796830177307129,0.0432592593133449,0.0038824202492833,-0.0381825305521488,0,-0.0322267226874828,0.0160341430455446,0.114773117005825,0,0.0045964838936924,0.0031356329564005,0.0067010163329541,0,-1.9298745393753047,1.3313552141189575,4.999448299407959,1,0.0121356938034296,-0.0104104280471801,0.1595433056354522,0,0.0010182471014559,0.0078638717532157,-0.0136979995295405,0,0.0944418311119079,-1.754848599433899,2.584279537200928,1,-0.0132232075557112,-0.0276237279176712,0.0369668379426002,0,0.0001381956244586,-0.0074213542975485,-0.0530011728405952,0
0.9654688835144044,-2.1298184394836426,13.675472259521484,0.0025900737382471,0.0090836761519312,-0.0367963835597038,0,0.1811995953321457,-0.4551647305488586,0.6057543754577637,1,-0.3264771103858948,0.2096265405416488,1.3506708145141602,1,-0.0074769468046724,0.001658426830545,-0.0151319485157728,0,0.0001616921072127,0.0640875399112701,0.0389151163399219,0,0.3899354040622711,-0.0380034372210502,7.495181083679199,1,0.0015651211142539,0.0087463473901152,-0.0142843211069703,0,0.0672045424580574,0.010388777591288,-0.0982493162155151,0,0.6567665338516235,-1.9402416944503784,4.3494133949279785,1
-0.6360833644866943,-0.6946999430656433,7.468973159790039,-0.0189996901899576,0.0023982289712876,0.0052820043638348,0,-0.0952313020825386,-0.0502029843628406,-0.1249465271830558,0,-0.3405866324901581,0.0232998803257942,0.3199205100536346,0,-0.0031441454775631,0.0055409353226423,-0.006871860474348,0,0.3336910903453827,0.1414783746004104,1.6683125495910645,1,0.0161681436002254,0.0017954878276214,0.0153623996302485,0,-0.0015971312532201,0.003903989912942,-0.2624043524265289,0,-0.5507148504257202,-0.8683353066444397,5.882699489593506,1,0.024331122636795,0.0454214103519916,-0.0283812712877988,0
-0.9996835589408876,5.780903339385986,12.511215209960938,2.3155672550201416,0.8461182117462158,0.4341736435890198,0,0.2137670218944549,1.4921255111694336,0.3205458521842956,0,-0.0222654491662979,-0.0331369712948799,0.7351992726325989,1,1.0011308193206787,-0.9819819331169128,4.198729991912842,1,-0.4581596553325653,0.9936235547065736,5.1422648429870605,1,0.0069037950597703,0.0005080862902104,0.045679323375225,0,0.0415143370628356,0.1029098108410835,0.4585935175418854,0,-4.092149257659912,3.359404325485229,1.1523507833480835,1,-0.005992604419589,0.0013327822089195,0.0236785393208265,0
0.5189157128334045,0.8253519535064697,9.140624046325684,0.0062044570222496,0.0152784474194049,-0.0118623916059732,0,-0.0046008820645511,0.0110028143972158,-0.0395418815314769,0,-0.0172053426504135,-0.1454212814569473,3.579054594039917,1,-0.0061319507658481,-0.0092475293204188,-0.0152248842641711,0,0.9747222661972046,1.385496735572815,3.851594209671021,1,-0.0041615404188632,0.0169497467577457,-0.0318710952997207,0,-0.0099664246663451,-0.0037915420252829,0.0145894829183816,0,-0.4199998378753662,-0.4425513744354248,1.8090617656707764,1,5.497624806594104e-05,-0.0023640419822186,-0.0151744494214653,0
0.8030706644058228,-0.381601870059967,7.985633850097656,-0.0181732438504695,-0.0189545843750238,0.0027426476590335,0,0.4372656047344208,0.7412745952606201,3.092456340789795,1,0.0012884194729849,0.0111366445198655,-0.0333614125847816,0,-0.0076842298731207,0.0080560510978102,-0.00471754046157,0,0.0476349927484989,-0.0917463675141334,-0.0750365108251571,0,0.0277070887386798,-0.1448086947202682,3.937524557113648,1,0.0149860996752977,-0.039748229086399,0.0798836946487426,0,0.0623770616948604,-0.0756355077028274,0.0112795392051339,0,0.2376689016819,-0.771175742149353,0.9748626351356506,1
3.8880887031555176,-1.6434906721115112,10.600762367248535,1.7411093711853027,-0.5017243027687073,0.8944037556648254,1,-0.4370398819446563,-0.371340274810791,3.094122886657715,1,0.0021296509075909,-0.0011893940391018,-0.0310075730085372,0,1.935131549835205,-0.2081416398286819,0.7934329509735107,1,-0.4199569821357727,-0.1128742918372154,2.314002752304077,1,0.0248936265707016,0.007727026939392,-0.0322187803685665,0,1.3583481311798096,-0.2610827982425689,1.315943956375122,1,-0.3076033294200897,-0.1818788349628448,2.285599946975708,1,-0.0089235510677099,-0.0129861934110522,-0.0335166454315185,0
0.272932767868042,-0.4368610084056854,7.711706638336182,-0.0052627837285399,0.0029167362954467,0.0066649881191551,0,-0.1912928521633148,-0.657002866268158,5.954599857330322,1,-0.0054012504406273,0.0018988198135048,-0.0219168979674577,0,0.3603504300117492,0.1451066434383392,0.472796767950058,0,-0.1411535441875457,-0.04844805970788,0.7270197868347168,1,0.0071839443407952,0.0012316829524934,-0.0104362657293677,0,0.2456352561712265,0.1105043217539787,0.6267167329788208,1,0.0050691803917288,0.0061307488940656,-0.043760597705841,0,-0.0021956078708171,0.0008009895682334,2.2618174625677057e-05,0
0.1687149107456207,-0.1646558791399002,20.52532196044922,-0.0141962394118309,-0.0021607861854135,-0.0120879039168357,0,0.1200112849473953,0.3533612191677093,0.0798058733344078,0,-0.0022477586753666,-0.004383239429444,-0.0223666559904813,0,0.0057622687891125,-0.0019651914481073,-0.0162019114941358,0,1.0729007720947266,0.8417186141014099,11.47474765777588,1,0.0075899055227637,-0.0076410453766584,-0.0315396562218666,0,-0.0033613126724958,-0.001841417979449,0.0148969683796167,0,-1.0115609169006348,-1.3407031297683716,9.063753128051758,1,-0.0061831185594201,-0.0010408844100311,-0.0256849490106105,0
0.1878977417945861,-0.0682155787944793,4.19871711730957,0.0091033857315778,-0.0065364628098905,-0.0183248948305845,0,0.6456893682479858,-0.276850014925003,2.505295515060425,1,-0.0086181107908487,0.0084455544129014,0.0165234319865703,0,-0.001302998047322,-0.00496397446841,-0.0262848138809204,0,0.156232476234436,-0.161210149526596,0.3156877756118774,0,0.0108044454827904,0.002115796552971,-0.0368250161409378,0,-0.0022528208792209,0.0019098111661151,-0.0006601432687602,0,0.0012110242387279,0.0012396222446113,-0.0283001996576786,0,-0.6229690313339233,0.3676342070102691,1.4716057777404783,1
-0.7848091721534729,-1.86422336101532,21.40959930419922,-0.0086690615862607,-0.0042278999462723,-0.0148080149665474,0,-0.0066171032376587,0.0031033547129482,-0.0230953861027956,0,-0.3526266813278198,-1.1068559885025024,4.985620498657227,1,0.0011593363014981,0.0024145217612385,-0.0141998026520013,0,1.1813719272613523,0.7730834484100342,5.6020283699035645,1,-0.0130753070116043,-0.0037329897750169,-0.0282004904001951,0,-0.0049853473901748,-0.0151417730376124,-0.0314218774437904,0,-1.5747284889221191,-1.4975800514221191,10.969791412353516,1,-0.0066384798847138,-0.0152859240770339,-0.0361147634685039,0
2.9802699089050293,-2.990508556365967,11.752164840698242,-0.0489812269806861,-0.0618661046028137,0.112034760415554,0,2.61692476272583,-2.7732133865356445,4.079576015472412,1,-0.00340166548267,-0.0129416733980178,-0.036291841417551,0,0.0084749534726142,-0.0111238500103354,0.0335900895297527,0,-0.0126307010650634,0.0391157120466232,-0.1250694543123245,0,-0.5769208073616028,0.2510862052440643,2.2280468940734863,1,-0.0153936902061104,-0.0601702779531478,-0.0744307860732078,0,-0.0355511046946048,0.0781954005360603,-0.0960750505328178,0,1.0477492809295654,-0.4395906329154968,5.630784511566162,1
2.5518150329589844,1.92919671535492,13.307000160217283,2.8481667041778564,2.3129079341888428,7.589888095855713,1,-0.0673357173800468,-0.2161487638950348,0.6595053672790527,1,-0.0081347618252038,0.0027818724047392,-0.0127507131546735,0,-0.1995007544755935,-0.4403527379035949,1.7097465991973877,1,-0.0099609727039933,0.1275957971811294,1.4099715948104858,1,-0.0023075118660926,0.1282475292682647,1.17914617061615,1,0.001065480755642,0.0027060965076088,-0.0079115200787782,0,-0.0047985427081584,0.020321661606431,0.745266318321228,1,-0.0053789401426911,-0.0088624749332666,0.0341394767165184,0
-0.7594563961029053,-4.598080158233643,14.335256576538086,-0.0147512461990118,-0.0190977994352579,0.0598692260682582,0,2.8246726989746094,-1.3336257934570312,8.464315414428711,1,-0.0065047391690313,-0.0060349935665726,-0.0542140863835811,0,0.005278208758682,-0.0184147711843252,0.0229445863515138,0,0.544610321521759,-0.5731338858604431,0.1894612610340118,0,-0.1392189413309097,0.0620927102863788,0.8909157514572144,1,-0.0011403310345485,0.014969116076827,-0.005524396430701,0,-0.0532858073711395,-0.2023372203111648,0.0295468233525753,0,-3.919116258621216,-2.5224976539611816,4.737942218780518,1
0.2533100843429565,-0.0295784138143062,4.254771709442139,-0.3947603404521942,0.3029903471469879,-0.5930840969085693,0,1.7661460638046265,-1.576075792312622,0.2207322865724563,0,-1.5293200016021729,2.50870418548584,4.957457065582275,1,-0.0069391597062349,0.0013170532183721,-0.0045604407787323,0,0.4207437336444855,-0.9914729595184326,-1.3101019859313965,0,-0.0535634979605674,-0.3786672055721283,0.8874038457870483,1,0.0066982978023588,0.2239471673965454,0.0354194231331348,0,0.0473038591444492,-0.0877983644604682,0.0247174091637134,0,-0.0029988491442054,-0.0325227864086627,0.0367879681289196,0
0.8291431069374084,-0.2644301950931549,9.55248737335205,0.0022830087691545,-0.0342796742916107,0.2137588411569595,0,-0.1743665635585785,0.356827050447464,-0.0992825701832771,0,0.0556790046393871,0.6453655958175659,5.770476818084717,1,-0.0004520098154898,-0.0010155937634408,-0.0071951583959162,0,0.3938831090927124,-0.2623214423656463,0.9200106263160706,1,-0.1316763311624527,-0.3932685554027557,0.3385570347309112,0,-0.0124687124043703,-0.0743811130523681,-0.0590351857244968,0,0.7176364660263062,-0.5096516013145447,2.510875701904297,1,-0.0213749054819345,0.0082951821386814,-0.0356789529323577,0
0.4929606914520263,0.955000638961792,2.281883478164673,0.0346991419792175,-0.0092891734093427,-0.0635775923728942,0,1.089470624923706,0.2849703133106231,0.481952965259552,0,0.0049171573482453,0.0118720894679427,0.0189953129738569,0,0.00410275766626,3.3512390018586302e-06,-0.0354224033653736,0,0.6419061422348022,0.1472289562225341,0.6020100116729736,1,-0.0835281088948249,0.0072162318974733,0.1373325288295745,0,0.0050181960687041,0.0017650234512984,-0.0064118732698261,0,-0.02705779671669,0.0001929166610352,0.066799871623516,0,-1.1765674352645874,0.511040985584259,1.080204725265503,1
-2.369107961654663,2.4031753540039062,8.3054780960083,-0.0014695295831188,-0.0069947685115039,0.0202826168388128,0,0.0538576878607273,0.1124040409922599,-0.0262835603207349,0,-3.481473207473755,1.7459105253219604,4.819497108459473,1,0.0009747247677296,0.0036763926036655,0.0076118065044283,0,0.498562753200531,0.3385164141654968,0.9241918921470642,1,-0.0789069980382919,0.0299157854169607,1.3440330028533936,1,0.0348235815763473,0.0164564047008752,-0.092210866510868,0,0.7477595210075378,0.1782132685184478,0.3897682428359985,0,-0.1432366818189621,-0.0149227725341916,0.9185879230499268,1
0.8794612884521484,-0.2902783751487732,11.123862266540527,0.7839212417602539,-0.1406469643115997,2.827390432357788,1,0.0297692473977804,-0.0440540313720703,-0.0264873895794153,0,0.0293667502701282,-0.0059108748100697,0.0520251244306564,0,0.6517817974090576,-0.185006096959114,1.048429012298584,1,-0.1124236360192298,0.2741063833236694,3.596753597259521,1,-0.0054929098114371,0.0063987886533141,-0.0085335224866867,0,-0.0025727918837219,0.0317616388201713,-0.0620085261762142,0,-0.5233094096183777,-0.1974229365587234,3.62080717086792,1,0.0284210965037345,-0.029504258185625,0.0754858031868934,0
-0.875063419342041,-0.4413007497787475,9.618037223815918,-0.0450479425489902,-0.004929719492793,-0.0309573467820882,0,2.2431678771972656,-2.017658472061157,2.456446647644043,1,-0.076562575995922,0.1659053564071655,0.345584362745285,0,0.0055536646395921,-0.0109081789851188,-0.0027020431589335,0,0.5445130467414856,-0.8209611773490906,0.4602279365062713,0,-0.4690713882446289,0.6128193736076355,2.160784721374512,1,0.0035468803253024,-0.1193100959062576,0.0553663894534111,0,-0.0017399768112227,-0.1322193145751953,0.0272804107517004,0,-3.079422950744629,1.885961413383484,4.146006107330322,1
0.9705549478530884,-1.7497680187225342,13.094758987426758,-0.0348473936319351,0.0047551710158586,-0.0228742659091949,0,2.723912477493286,-2.154448747634888,7.064235210418701,1,0.0037756185047328,-0.0058156074956059,-0.0479038618505001,0,0.0107439532876014,-0.0089174341410398,-0.0045070350170135,0,0.4407795071601867,-1.2875826358795166,0.2365235239267349,0,-0.4101890921592712,0.5546711087226868,2.2785277366638184,1,0.0005039002862758,-0.0335409566760063,0.0338113643229007,0,-0.0755021125078201,-0.1664040982723236,0.1287834495306015,0,-1.6886216402053833,1.3475148677825928,3.4281630516052246,1
0.5225256681442261,0.0875679105520248,5.902647495269775,0.9982277750968932,-0.1912799775600433,1.6829380989074707,1,-0.0022191714961081,-0.0086366087198257,0.084252692759037,0,-0.0096781020984053,-0.0107618402689695,-0.0331566669046878,0,0.8528730273246765,-0.1202430203557014,0.2374523282051086,0,-0.2249304205179214,0.0397187881171703,1.0444953441619873,1,0.0078394152224063,0.0382678024470806,0.5418668985366821,1,0.2588267624378204,-0.0009555040160194,0.0515144132077693,0,-1.3629368543624878,0.3404409289360046,2.294906616210937,1,0.0045232796110212,0.0010173490736633,-0.0016229092143476,0
0.3253693580627441,-0.3484030961990356,5.89810848236084,-0.0002741260686889,0.0022223284468054,0.0058748247101902,0,-0.0118824932724237,-0.3800870776176452,2.608665704727173,1,0.004820579662919,0.0023886391427367,-0.0091328155249357,0,0.1954049170017242,0.0378297455608844,0.3763977289199829,0,0.0092474082484841,0.0014501069672405,-0.0142118763178586,0,0.0007221815758384,-0.0187030769884586,0.0429670996963977,0,0.1290844976902008,0.0285653583705425,2.793665885925293,1,0.0012139240279793,-0.0205000694841146,0.0879449993371963,0,-0.0029675767291337,-0.0015690635191276,0.005937282461673,0
-0.0417607650160789,2.329991817474365,9.239723205566406,-0.0262539330869913,0.0116265881806612,-0.0286159887909889,0,0.1619016081094741,0.453492522239685,0.8465108871459961,1,-0.0028904459904879,-0.0125879766419529,-0.0256167761981487,0,-0.0080415103584527,0.0104114823043346,-0.0113584445789456,0,-0.0234578941017389,1.5588016510009766,6.836371898651123,1,0.0140426410362124,0.0136340744793415,0.0023440904915332,0,0.0011496159713715,0.136339321732521,-0.0345952473580837,0,-0.1715442091226577,0.1190725639462471,1.702509522438049,1,0.0133333709090948,0.0392014123499393,-0.0478263013064861,0
0.559899628162384,-0.2719893157482147,16.804153442382812,-0.0101924631744623,0.0180990137159824,5.555964162340388e-05,0,-0.013274279423058,0.0268704835325479,-0.0886651650071144,0,0.3438814580440521,-0.0171562191098928,11.722105979919434,1,0.0024080656003206,0.007982388138771,0.0412679426372051,0,0.0072181806899607,0.0170532837510108,0.0181850064545869,0,-1.799005150794983,-1.3468471765518188,3.902589797973633,1,-0.0041042114607989,0.0022196676582098,-0.0022539910860359,0,2.02445912361145,1.0095371007919312,1.2221167087554932,1,0.0085090082138776,0.0102521535009145,-0.0112504791468381,0
0.8885690569877625,-1.2202438116073608,10.224038124084473,0.2514906227588653,-0.0226463414728641,0.1375015527009964,0,-1.1642471551895142,-1.3337860107421875,5.45804500579834,1,0.0026666463818401,0.0072454563342034,-0.0407329834997653,0,1.2728842496871948,0.0568659082055091,2.240549802780152,1,-0.2108718156814575,-0.1712860465049743,1.180392861366272,1,0.0038800253532826,0.0065609798766672,-0.0180810950696468,0,0.7628480792045593,0.2391928136348724,1.2929165363311768,1,-0.0287331230938434,0.0029487137217074,-0.0045014433562755,0,-0.0013484122464433,-0.0053393021225929,-0.0220528468489646,0
1.4984272718429563,-0.0912802964448928,22.842924118041992,-0.028031738474965,-0.0002203695330535,-0.0287165809422731,0,1.2738245725631714,0.3888995945453644,2.5983901023864746,1,0.0136055508628487,-0.0219159480184316,0.0087430421262979,0,0.0076446202583611,0.0112493094056844,-0.0099392216652631,0,1.2753087282180786,0.5066329836845398,14.36327838897705,1,0.03060401417315,0.0154505185782909,0.0517293587327003,0,0.0054812096059322,-0.0772161558270454,0.0037036528810858,0,-1.1014714241027832,-0.9260200262069702,5.883895397186279,1,0.0214616581797599,0.0118597606196999,-0.0281595531851053,0
-1.097659707069397,1.093215823173523,6.273006916046143,-0.0098777748644351,0.0049605011008679,0.0018358950037509,0,-0.0011991907376796,0.0379239954054355,-0.0492426417768001,0,0.1065163165330886,0.6996191740036011,1.2364708185195925,1,-0.0049222973175346,0.0038188961334526,-0.0290579926222562,0,-0.00217873044312,0.0180200431495904,-0.0543178655207157,0,-1.2518337965011597,0.1197259277105331,4.836698532104492,1,-0.001169846043922,0.0043058944866061,-0.0028458398301154,0,0.0701497793197631,0.2106424123048782,0.3614257574081421,0,-0.0031442688778042,-0.005801014136523,-0.0279599279165267,0
0.0647726282477378,-0.3623128533363342,13.34022045135498,0.003803536761552,0.0004782953474204,-0.0219442993402481,0,0.4182436764240265,0.1783008724451065,3.865935802459717,1,-0.0006340783438645,-0.0127556528896093,0.0200588051229715,0,0.0035360928159207,-0.0018621371127665,-0.0137922950088977,0,-0.0172838270664215,-0.2313397526741027,5.53452205657959,1,0.0069610849022865,0.0115200188010931,-0.0282141398638486,0,0.0030034852679818,-0.0013590611051768,-0.00930215138942,0,-0.3558292388916015,-0.296631395816803,4.0255889892578125,1,0.0029718817677348,-0.0086640445515513,-0.0326315835118293,0
1.0454293489456177,-1.1035691499710083,15.703520774841309,0.4160706698894501,0.2330220341682434,0.4304596781730652,0,-3.011765718460083,-1.2945289611816406,7.427038192749023,1,-0.0059202187694609,-0.0093855466693639,0.0069374307058751,0,2.2927052974700928,0.7131235599517822,0.8595704436302185,1,-0.3928791284561157,-0.4339440464973449,3.2110631465911865,1,0.0124015426263213,0.0004179890675004,-0.0324164070188999,0,2.05823278427124,0.0082149319350719,2.108058214187622,1,-0.3269584774971008,-0.3341488242149353,1.6794500350952148,1,0.0035425622481852,0.0136598479002714,0.0133597645908594,0
-1.0075600147247314,2.504500389099121,20.976112365722656,1.611629843711853,-0.1316057443618774,1.5052669048309326,1,0.1098365262150764,0.0685046762228012,1.955681681632996,1,0.1104118898510932,-0.0475047565996646,0.7116041779518127,1,0.5549936890602112,-0.0973877012729644,1.142056941986084,1,-0.2082102298736572,0.6557971835136414,7.892426013946533,1,0.2382817268371582,0.1451283395290374,3.264486312866211,1,-0.0065157236531376,0.0866960659623146,-0.0017082159174606,0,-3.5076537132263184,1.8007826805114746,4.017957210540772,1,0.0896658971905708,0.0240894872695207,0.48834228515625,0
-0.0552388727664947,0.5118672847747803,0.1977269053459167,0.1153628602623939,0.0108155999332666,0.1435964256525039,0,0.0207598432898521,0.0569888167083263,-0.0580053068697452,0,0.0228809714317321,0.0024891789071261,0.0245138593018054,0,0.023621754720807,-0.0146304555237293,0.0307471677660942,0,-0.0112682711333036,0.0443090721964836,0.1641404330730438,0,-0.002703990554437,0.0048965038731694,-0.006555981002748,0,-0.0202181823551654,0.100655511021614,-0.091855451464653,0,-0.1358687728643417,0.2789102792739868,0.0641912743449211,0,-0.0678050816059112,0.0274327769875526,-0.0730455219745636,0
-3.5112218856811523,0.5634608268737793,14.724035263061523,-0.0467344559729099,-0.0111847920343279,0.0045851082541048,0,1.7337188720703125,-1.6722402572631836,2.0832018852233887,1,-3.3363571166992188,3.749801635742188,3.46675968170166,1,0.0359218269586563,0.0447598621249198,0.455921322107315,0,0.7432649731636047,0.2736296653747558,2.929192304611206,1,-0.7530981302261353,0.1885429918766021,3.129945039749145,1,-0.0049299108795821,-0.0528150051832199,0.0190314706414937,0,0.6496559381484985,-0.0649414733052253,0.7540649175643921,1,-2.5326638221740723,-1.892091989517212,1.881333827972412,1
0.2159820944070816,-0.1535331457853317,3.8553719520568848,0.0005969820776954,-0.0040246616117656,0.0252708382904529,0,-0.0012946918141096,0.0017837347695603,0.020886780694127,0,-0.4567312598228454,-0.1826392114162445,0.8124831318855286,1,0.0036814115010201,0.0027776390779763,-0.0116461170837283,0,0.2633111178874969,0.0332360379397869,0.7573150396347046,1,-0.0082335164770483,-0.0034335944801568,-0.0110481511801481,0,0.0017444600816816,-0.0007940721116028,0.0231887176632881,0,0.4115469753742218,0.0064091319218277,2.2690465450286865,1,0.0013605965068563,-0.0068481536582112,-0.0301246643066406,0
-0.588466227054596,1.1371580362319946,9.13218593597412,0.0051667727530002,0.0160967111587524,-0.0069131576456129,0,-0.0035276103299111,0.0266305468976497,-0.050747126340866,0,-0.9096025228500366,0.748921275138855,3.730550527572632,1,-0.0068592331372201,0.0122380191460251,0.0044198562391102,0,0.1064404174685478,0.0402025058865547,1.2390366792678833,1,-0.3479060530662536,-4.209513645037077e-05,1.2862374782562256,1,-0.0008917125524021,-0.0783071294426918,0.011244049295783,0,0.5496373176574707,0.3002152442932129,2.9545180797576904,1,0.0190762914717197,0.0712030455470085,-0.0361601710319519,0
0.5363313555717468,-0.2961199879646301,4.6642255783081055,-0.0079196216538548,-0.0070743910036981,0.0712505728006362,0,0.1167835369706153,0.5479736328125,2.15911865234375,1,-0.0009264604304917,-0.0157339051365852,0.0020738651510328,0,0.0016393136465921,-0.0033128501381725,0.014991563744843,0,0.5335372686386108,-0.9269967079162598,1.7882835865020752,1,0.0092659695073962,-0.0082200719043612,0.0327765233814716,0,0.0005897740484215,-0.0506598651409149,-0.013013495132327,0,-0.0446867421269416,-0.04953059181571,0.1063605844974517,0,-0.0719516947865486,0.217434749007225,0.5023843050003052,1
1.629374861717224,-1.1822214126586914,17.296215057373047,-0.0205069258809089,-0.0068716839887201,0.0181372370570898,0,-0.175979197025299,0.4105089604854584,0.4823920428752899,0,0.0012953294208273,-0.0142772579565644,-0.0198797844350337,0,-0.0003149160475004,0.0062847938388586,-0.0076904157176613,0,0.5034844279289246,0.0625745877623558,12.033180236816406,1,0.0160117205232381,0.010854598134756,0.0114724319428205,0,-0.0056650303304195,0.0965762510895729,-0.0550702363252639,0,1.2696151733398438,-1.840948820114136,4.869297027587891,1,0.041434321552515,0.0930771604180336,-0.0356256365776062,0
-0.3618674278259277,2.4339137077331543,8.453206062316895,0.1938266456127166,0.2293183952569961,0.1695081740617752,0,-1.5825947523117063,0.1762078553438186,4.332064151763916,1,0.0010465971427038,-0.0121771581470966,-0.088530346751213,0,1.2102816104888916,1.1210421323776243,2.088773250579834,1,-0.4984031021595001,0.4637114703655243,1.0154447555541992,1,0.0103791086003184,0.002007987583056,-0.0116929914802312,0,0.3196078538894653,0.4304949641227722,0.940262496471405,1,-0.0123160323128104,0.0156847760081291,0.0037010929081588,0,-0.0036953864619135,0.0076231509447097,0.0036754028405994,0
0.1715319156646728,-0.1337825208902359,13.34300136566162,0.1409583687782287,0.0309352353215217,0.2741695940494537,0,-0.0809584185481071,-0.1703771650791168,0.4596626758575439,0,0.0051855728961527,0.0088130654767155,0.0119675006717443,0,0.751592218875885,0.0713772997260093,5.963882446289063,1,0.0032883349340409,0.0080356504768133,0.0150410439819097,0,-0.0246435031294822,0.0160378459841012,-0.0252176858484745,0,-0.6288914680480957,-0.0946817472577095,6.603553295135498,1,0.0063588581979274,-0.0013578860089182,0.0390327237546443,0,-0.0013580881059169,-0.0025648237206041,0.0009099967428483,0
1.3870528936386108,-0.7114724516868591,11.400318145751951,-0.1042604744434356,0.0070367939770221,-0.0717991814017295,0,0.7780098915100098,-0.1186902225017547,2.6534152030944824,1,0.0165914092212915,-0.0043230485171079,0.0309415683150291,0,-0.0011291553964838,0.0064779287204146,0.0003998155007138,0,0.6026848554611206,-0.4777426719665527,8.85975170135498,1,-0.000859745661728,-0.0023104602005332,-0.0095353480428457,0,-0.0267723947763443,-0.0678339079022407,0.0267253331840038,0,0.1075263917446136,-0.0446445532143116,-0.0748868361115455,0,0.0152620254084467,-0.0094423303380608,-0.0146934650838375,0
0.7163875102996826,-1.1351772546768188,9.11868667602539,0.0157151725143194,0.0117560848593711,-0.0235971249639987,0,0.4312002062797546,-0.4264177978038788,3.726921558380127,1,-0.0013187719741836,-0.0111708343029022,-0.0103581883013248,0,-0.0102716442197561,0.0100237047299742,-0.0220566447824239,0,0.1049015820026397,-0.1168689727783203,3.60737419128418,1,0.0071564307436347,0.0064078443683683,-0.0019375891424715,0,-0.0153289828449487,0.0321513079106807,-0.0919638127088546,0,0.1551931202411651,-0.6280954480171204,1.9562666416168213,1,0.0291403234004974,-0.012963174842298,-0.0219628699123859,0
-0.1684428304433822,0.6543729305267334,15.937295913696287,0.0032280865125358,0.0026256435085088,-0.0003046346537303,0,-0.0112548386678099,0.01278081163764,-0.0395731590688228,0,-0.1143427044153213,0.5927890539169312,3.857399225234986,1,0.0021650618873536,0.0077074593864381,-0.0040846769697964,0,-0.1244305744767189,-0.7863938808441162,9.643012046813965,1,-0.0045980652794241,-0.0096894251182675,-0.0225476194173097,0,0.0793341174721717,0.8187495470046997,2.507807493209839,1,0.0009414429659955,0.003694947110489,-0.0052728625014424,0,0.0005146203911863,0.0121087711304426,0.000860079715494,0
1.553555965423584,0.2264455556869506,18.191781997680664,-0.007522917818278,0.0125321988016366,0.013544961810112,0,-0.0044456361792981,0.0187458619475364,-0.0427114851772785,0,-0.5672067999839783,-1.1919034719467163,3.669887781143189,1,0.0041974652558565,0.0050508333370089,-0.0252999104559421,0,2.8061351776123047,2.49144983291626,5.459425449371338,1,-0.009008016437292,-0.0038885839749127,-0.0169008411467075,0,0.0122378217056393,0.0005176817649044,-0.0111258486285805,0,-0.6755369901657104,-1.112335443496704,9.132109642028809,1,-0.0052942270413041,0.0062767332419753,0.012854041531682,0
0.4203060865402221,0.358715295791626,4.814140319824219,0.9982150197029114,-0.3379206955432892,0.7638828754425049,1,-0.603571891784668,0.833265483379364,0.7353917956352234,1,0.0032829779665917,0.0057431380264461,-0.0074253575876355,0,0.3125877976417541,-0.1626747399568557,0.0878493562340736,0,-0.1306452453136444,0.1046364158391952,2.585531234741211,1,0.0225109960883855,0.0935476198792457,0.4296106696128845,0,0.0407553315162658,-0.1448180973529815,0.0407202243804931,0,-0.2721087634563446,-0.0053384536877274,0.129484474658966,0,0.0492798238992691,-0.0277254078537225,0.0490949004888534,0
0.0311052743345499,-0.3593306839466095,13.503599166870115,-0.0011870174203068,-0.0060381954535841,-0.0115276500582695,0,-0.164755493402481,-0.166691318154335,1.7743206024169922,1,-0.0024668173864483,-0.0015295317862182,-0.041776955127716,0,0.0057502877898514,-0.0053838910534977,-0.010072779841721,0,-0.1573108881711959,0.383802056312561,5.24591064453125,1,-0.0189954340457916,-0.0035005204845219,0.0054141264408826,0,0.0085065746679902,-0.0057782814837992,-0.0271905958652496,0,0.3636983036994934,-0.5654329061508179,6.570977210998535,1,-0.0021342386025935,0.0112219154834747,-0.0024544540792703,0
2.3188061714172363,0.0618853718042373,11.813470840454102,-0.0031197431962937,0.0055334968492388,-0.0061182547360658,0,1.2070997953414917,0.3908006548881531,2.039815902709961,1,-0.9868314862251282,-0.1476482450962066,1.2093017101287842,1,-0.0007308050990104,-0.0028162051457911,-0.0189022310078144,0,2.011962652206421,0.1317348927259445,2.931403160095215,1,-1.2657121419906616,-0.1734430938959121,2.4485249519348145,1,0.0050969892181456,-0.0045288261026144,-0.0204382110387086,0,2.151441812515259,-0.086010031402111,1.8404409885406492,1,-0.8004010915756226,-0.0517372861504554,1.3894431591033936,1
-0.3828416764736175,-1.0311222076416016,6.441934108734131,0.3660104870796203,-0.8062824010848999,4.029178142547607,1,0.0967475101351738,-0.1449134945869445,-0.088563248515129,0,-0.0186807252466678,0.0292462389916181,0.0119828190654516,0,0.3554846048355102,-0.085252970457077,0.807621419429779,1,-0.0541237480938434,0.1001790761947631,0.2706733047962188,0,-0.0046463822945952,0.0026830390561372,-0.0006409276393242,0,-0.0071089859120547,-0.1135262697935104,0.0566985011100769,0,-1.089248538017273,0.023168820887804,1.420246958732605,1,-0.0272759012877941,-0.036424309015274,-0.065262570977211,0
1.864201903343201,0.4100798070430755,17.01520538330078,0.0085455058142542,-0.0061279400251805,0.0032356914598494,0,-1.9982457160949707,2.38022518157959,5.3903326988220215,1,0.0021346290595829,-0.0108237182721495,-0.0182951427996158,0,-0.0011269348906353,0.0058482126332819,-0.0186876617372035,0,1.3307324647903442,-1.0032817125320437,10.115485191345217,1,0.0220687128603458,-0.0047046849504113,0.0466354377567768,0,0.0185046810656785,0.1560236513614654,0.0995655432343483,0,2.4438846111297607,-1.1963013410568235,1.4424630403518677,1,0.0377038680016994,0.0892221555113792,-0.0455302707850933,0
-0.2575555145740509,-0.2618182897567749,10.63657569885254,0.0022435884457081,0.0014595288084819,-0.0163272619247436,0,0.0682750716805458,0.166932925581932,0.5089352130889893,1,0.0046679866500198,-0.0079679368063807,-0.027574336156249,0,8.124761734507047e-06,0.0087631167843937,-0.0458305180072784,0,0.0358824171125888,0.063367374241352,5.160838603973389,1,0.00196378165856,0.0068181161768734,-0.0175538454204797,0,0.0014606228796765,0.0034373563248664,-0.0188339315354824,0,-0.3698998987674713,-0.5063841342926025,5.093830108642578,1,-0.0021572015248239,0.0017553684301674,-0.0009082856122404,0
-5.515268802642822,-6.878437519073486,9.411168098449709,0.0076685892418026,0.0016595292836427,-0.0197205394506454,0,1.1250919103622437,-0.9625855088233948,0.9108750820159912,1,-1.6270053386688232,0.6677483916282654,1.936830759048462,1,0.0085805328562855,-0.0021182016935199,0.0119167584925889,0,0.5610135793685913,-0.0022869762033224,1.4168199300765991,1,-0.9084458947181702,0.0162424109876155,2.091341257095337,1,-0.0048566060140728,0.0562026649713516,0.029509600251913,0,0.5625573396682739,-0.0535788908600807,0.0337418876588344,0,-5.239872932434082,-6.59972095489502,2.999853134155273,1
-0.2142001688480377,1.877511978149414,9.517839431762695,0.0109118772670626,-0.0058479751460254,0.0030691321007907,0,-0.6973811984062195,1.576103925704956,1.9327994585037231,1,0.0036891533527523,-0.0083883823826909,-0.071209043264389,0,0.3488983511924743,0.0006226616096682,0.4228193759918213,0,-0.0299809798598289,0.3923329412937164,5.271406173706055,1,0.1095407456159591,0.085745096206665,1.3645081520080566,1,0.3595821261405945,-0.1480159759521484,-0.0722862854599952,0,-0.313549280166626,-0.0430182553827762,0.7116222977638245,1,-0.0059109614230692,0.0279778633266687,-0.0448894947767257,0
0.1387572437524795,-0.241977259516716,10.623350143432615,-0.2902002930641174,0.1531584709882736,0.4399095177650451,0,0.0030476925894618,-0.0117983417585492,0.0036564609035849,0,0.0026919858064502,-0.0025534238666296,0.013972919434309,0,0.08055180311203,-0.1003120839595794,9.523036003112791,1,-0.0057178935967385,-0.0114315031096339,-0.0081370323896408,0,0.0133653199300169,0.0004499351780395,-0.0038621239364147,0,0.3126196563243866,-0.2628226578235626,0.6382666230201721,1,0.0209977719932794,-0.0052264709956943,-0.0019411818357184,0,0.0014011869207024,-0.001441178144887,0.0184487458318471,0
1.6938776969909668,4.135046005249023,27.507369995117188,-0.0553165078163147,0.0136363822966814,-0.0480953194200992,0,0.0810097530484199,0.2336333245038986,-0.0252995137125253,0,0.4275047481060028,1.6378238201141355,11.111210823059082,1,-0.0023256880231201,0.0135748879984021,-0.0111737586557865,0,1.9510821104049685,3.9133594036102295,9.212011337280272,1,0.0356473512947559,0.017094686627388,0.0367716364562511,0,0.0032800720073282,-0.0178600754588842,0.276656836271286,0,-0.7545777559280396,-1.6722142696380615,7.0023064613342285,1,0.0075735081918537,-0.0040027881041169,-0.0470173582434654,0
-2.7121620178222656,-0.2627873718738556,4.747249603271484,0.0111716696992516,-0.0172110293060541,0.0522215105593204,0,-4.508340358734131,-1.2641215324401855,1.3285483121871948,1,-0.049319464713335,0.0079751629382371,-0.0420054718852043,0,0.7701514959335327,0.4017907381057739,1.3009294271469116,1,-0.7005460858345032,-0.5678690075874329,2.0058577060699463,1,-0.0054070339538156,0.0027526342310011,0.0073861558921635,0,1.7168247699737549,1.2732906341552734,-0.1147585287690162,0,0.0385463386774063,-0.0656706318259239,0.1384405791759491,0,0.0147561132907867,-0.0337243042886257,0.0706295371055603,0
-0.0857440009713172,-1.0553442239761353,7.705740928649902,0.1225331351161003,-0.7454105615615845,4.7360920906066895,1,0.0038105957210063,-0.0233554560691118,0.0215094648301601,0,-0.0043779266998171,0.0004475355672184,0.0257823225110769,0,0.1687193363904953,-0.1334569007158279,1.3050974607467651,1,-0.0756221637129783,-0.0289999172091484,0.1245283484458923,0,-0.0116353156045079,-0.011061075143516,0.0390045419335365,0,0.0299618653953075,-0.0380304716527462,0.0479505732655525,0,-0.3205824494361877,-0.0742280706763267,1.4290893077850342,1,0.0014489215100184,-0.0012492735404521,-0.0233135242015123,0
-1.487912654876709,3.169189214706421,24.98540687561035,0.0130627155303955,-0.0055569079704582,0.0759128108620643,0,0.394051194190979,0.1227821558713913,2.6607325077056885,1,-2.8334832191467285,2.3736765384674072,5.543444633483887,1,0.1246994063258171,0.0616172738373279,1.3126977682113647,1,0.881219208240509,0.6497833132743835,4.640163898468018,1,-1.3565016984939575,-0.033299770206213,6.799279689788818,1,0.0063568381592631,-0.0504582896828651,-0.0028795762918889,0,1.5161628723144531,-0.1748835295438766,2.060328722000122,1,-0.233480229973793,0.2255282253026962,1.8957252502441408,1
-0.5430172085762024,-0.5890014171600342,10.560535430908203,0.0080758463591337,-0.0034666783176362,-0.0046316115185618,0,-0.0056822919286787,0.0058123641647398,-0.0291023254394531,0,-0.3407976031303406,-0.1691923141479492,2.6148791313171387,1,0.0009441766887903,0.0035792482085525,-0.0034759112168103,0,0.0078860688954591,0.0101860165596008,-0.0769022852182388,0,-0.077976569533348,-0.1556399166584015,4.571925640106201,1,-0.0004221713752485,-0.0004705430183093,-0.003473489312455,0,0.0008187647908926,-0.0018795003416016,0.0241730343550443,0,-0.1358634084463119,-0.2779300808906555,3.4671425819396973,1
0.3891134262084961,-0.8413766026496887,7.318136215209961,-0.0277262944728136,-0.0157933887094259,0.0334075838327407,0,-0.0711963102221489,-0.6961971521377563,3.906437873840332,1,-0.006063534412533,-0.0029747677035629,-0.0101982504129409,0,-0.0004162770346738,-0.0065964837558567,0.0088796420022845,0,0.0279590971767902,-0.1176276430487632,-0.1661320179700851,0,-0.0211478732526302,0.0210417602211236,0.1766275614500045,0,0.0056865010410547,-0.0309967696666717,-0.0169340278953313,0,0.0071622761897742,0.007805217988789,0.0353712402284145,0,0.4748558402061462,-3.738738450920209e-05,3.3506765365600586,1
0.4282739460468292,0.7550955414772034,6.06588888168335,0.0020024462137371,0.0075722886249423,-0.0120651200413703,0,0.0012318172957748,-0.019809603691101,0.0214654803276062,0,-0.1389339864253997,-0.168811410665512,2.347179889678955,1,0.0001827855739975,0.0203072484582662,0.0041323993355035,0,0.3956259489059448,0.7176273465156555,2.9680376052856445,1,-0.0177315697073936,-0.0054329861886799,-0.0133554767817258,0,0.2161614596843719,0.2508006691932678,0.547974705696106,1,-0.0256703775376081,-0.0544144809246063,0.198020726442337,0,-0.0045945742167532,0.0072564762085676,0.0044980328530073,0
1.353167176246643,0.4793173968791961,12.76899242401123,0.0057416134513914,0.0022408948279917,-0.0033292367588728,0,0.5036817193031311,0.2682300209999084,0.238659381866455,0,-1.3102065324783323,-0.3411706984043121,4.264793872833252,1,0.0120079778134822,0.0022704368457198,0.0519778579473495,0,1.5698022842407229,0.7586901783943176,2.084683418273926,1,-0.4790102541446686,-0.2322037070989608,2.489396572113037,1,0.0105518354102969,0.0004339452134445,-0.0059325392358005,0,1.2308824062347412,-0.126593217253685,2.611555576324463,1,-0.190283864736557,0.1474195420742035,1.0371888875961304,1
-0.5611914396286011,3.770867109298706,13.177824020385742,0.0600593909621238,0.1047382354736328,0.181415393948555,0,-0.0379094742238521,0.2439061254262924,0.0456301718950271,0,0.0021246902178972,-0.0130929555743932,-0.0082784881815314,0,1.1081362962722778,0.8250357508659363,3.4918949604034424,1,0.0146445566788315,0.9727146029472352,4.410098552703857,1,0.0135333621874451,-0.0001380982866976,0.0152882542461156,0,0.1671880483627319,0.389049082994461,0.9155186414718628,1,-1.8785263299942017,1.1839425563812256,4.1569929122924805,1,-0.0104419253766536,0.0647117793560028,-0.0307370722293853,0
0.7047353386878967,0.2330139130353927,10.5961275100708,0.0159134473651647,-0.0112126702442765,-0.029184702783823,0,-0.0111498916521668,0.0028513139113783,-0.0127051277086138,0,0.0036938809789717,-0.0021305920090526,-0.0847111567854881,0,-0.4352553486824035,0.5726104378700256,1.1924676895141602,1,0.0140043897554278,0.0129680940881371,-0.0767034590244293,0,-0.0019885627552866,0.001668506884016,0.0251337103545665,0,1.125737547874451,-0.3373259305953979,9.594745635986328,1,-0.0028357377741485,0.0006567931268364,0.0011660305317491,0,-0.0033843470737338,-0.0070720585063099,-0.0140815367922186,0
0.3587248027324676,-0.4897465109825134,4.732011318206787,-0.0616880059242248,0.2158097326755523,-0.4643604159355163,0,-0.1284143775701522,0.1755661517381668,3.2957589626312256,1,-3.3546715712873265e-05,-0.0160064939409494,-0.0054119862616062,0,-0.0025992216542363,0.0013433707645162,-0.0216850209981203,0,0.3851154148578644,-0.8785017728805542,0.9313130378723145,1,0.0053229671902954,0.0028206212446093,0.0012626029783859,0,-0.0030505990143865,-0.1811329126358032,-0.0170911978930234,0,0.0430458299815654,0.0083297872915863,-0.019625024870038,0,0.121026337146759,0.1820249408483505,1.0318506956100464,1
-0.1831239163875579,-1.1618928909301758,13.864938735961914,0.0115079637616872,-0.0073865447193384,-0.0311113223433494,0,0.0128630539402365,0.0326523780822753,-0.0280827488750219,0,-0.2707862257957458,-1.046459078788757,9.58206558227539,1,-0.0035091701429337,0.0034988184925168,-0.028208190575242,0,0.1285938918590545,0.1280175447463989,-0.0413211025297641,0,-0.0129109509289264,-0.0158889461308717,0.0241396855562925,0,-0.0048966221511363,-0.0025580048095434,0.008571752347052,0,-0.0438482351601123,-0.2429830431938171,4.400655746459961,1,-0.0001376341242576,-0.0107860881835222,-0.0217709932476282,0
1.1311006546020508,-4.118103504180908,20.29956245422364,0.4579638242721557,0.9616477489471436,0.7613179683685303,1,0.1352853924036026,-4.239364147186279,13.822136878967283,1,-0.01049779728055,0.0271258261054754,0.0077073257416486,0,0.5428794622421265,-0.7107377648353577,5.779157161712647,1,-0.0024992327671498,0.0097623048350214,-0.0454551130533218,0,0.0132740139961242,-0.0026485903654247,-0.0003974573337472,0,-0.0056389840319752,-0.1631446331739425,-0.0075212577357888,0,9.121808398049323e-05,8.133288793032989e-05,-0.0222710240632295,0,0.000242676527705,-0.0008258073357865,0.0048860358074307,0
0.607804536819458,1.061196208000183,16.934871673583984,0.0014427468413487,-0.0079016778618097,-0.0115700969472527,0,-0.0064506749622523,0.0060396781191229,-0.0436507277190685,0,0.3689227998256683,0.8029540777206421,6.359483242034912,1,-0.0003045608173124,-0.002479193964973,-0.0376859195530414,0,0.6976850628852844,1.173899531364441,5.157678127288818,1,-0.0235775522887706,-0.0251392982900142,0.057016871869564,0,0.3917863965034485,0.3506036698818207,1.7341766357421875,1,-0.8207646012306213,-1.2426708936691284,3.7285003662109375,1,-0.0009350345353595,0.0058903647586703,-0.0090797524899244,0
-0.6224439740180969,-2.5549118518829346,8.744112014770508,0.000362470105756,-0.0065257097594439,0.0303167104721069,0,-0.2232984602451324,-0.9850385785102844,3.907202959060669,1,0.0005720432964153,-0.0142557648941874,-0.0324399545788764,0,0.005940206348896,-0.0154291614890098,0.0173865091055631,0,-0.4286102950572967,-1.3378528356552124,4.3624677658081055,1,0.0012186057865619,-0.0045942636206746,0.0037859012372791,0,0.0056834169663488,-0.010223283432424,-0.0099085895344614,0,0.013948961161077,-0.1892584562301635,0.4428763389587402,0,0.0017390992725268,0.0082662822678685,0.0224247351288795,0
1.7425044775009155,-2.675822496414185,7.225954055786133,-0.0033251030836254,-0.0001041702853399,2.1757336071459576e-05,0,0.4180183410644531,-0.0661971718072891,0.1984816193580627,0,-0.9117631316184998,-0.9398077130317688,2.48267126083374,1,-0.0035194056108593,0.0015615727752447,-0.0493076555430889,0,1.4034218788146973,-0.3680588603019714,0.9117220640182496,1,-1.0385769605636597,-0.811916708946228,2.9537878036499023,1,0.0048347869887948,-0.006301992572844,-0.0240586027503013,0,2.1293046474456787,-0.3102332949638366,0.1815262734889984,0,-0.2558905780315399,-0.1747642308473587,0.5711095333099365,1
0.0960801914334297,0.5718784332275391,9.91441249847412,0.1881985515356063,0.4795742630958557,1.0301004648208618,1,-0.4104989469051361,0.2814806699752807,0.5475634336471558,1,0.0039014827925711,-0.0645336732268333,1.2026201486587524,1,0.3288453221321106,-0.2099075317382812,6.4373979568481445,1,0.0116112325340509,-0.0158534962683916,0.1212181448936462,0,0.0023282004985958,-0.0009211572469212,-0.0062458291649818,0,-0.0065464884974062,0.1014609932899475,0.6574822068214417,1,0.0025645133573561,-0.0159158315509557,-0.0232878737151622,0,-0.0243236739188432,0.0164941642433404,-0.0524355322122573,0
-0.0836112350225448,0.440857321023941,11.761381149291992,0.0044385488145053,0.0037180844228714,-0.030068414285779,0,-0.218516394495964,-0.2309662252664566,0.5690427422523499,1,-0.0099633382633328,-0.0056325229816138,0.039370734244585,0,0.9173721075057985,0.4907932877540588,2.897267341613769,1,-0.0009602790232747,-0.0030086894985288,0.0051543111912906,0,4.5457130909198895e-05,0.0021811432670801,0.0142527455464005,0,-0.7634374499320984,0.1606485843658447,8.25546646118164,1,-0.0151341324672102,0.0061301705427467,-0.0175896249711513,0,0.0025442137848585,0.0169934965670108,0.0284842941910028,0
-0.609738290309906,-1.887368440628052,12.15034008026123,-0.2034903019666671,0.1462718099355697,0.370415985584259,0,0.0003604398225434,0.0101106595247983,-0.0096222655847668,0,0.0003631929866969,-0.006715371273458,-0.0059723346494138,0,0.0257958248257637,-1.728179097175598,2.7279491424560547,1,-0.0127205215394496,1.0609536170959473,6.064420223236084,1,0.022828672081232,0.0050670374184846,0.0172630809247493,0,-0.0065692993812263,-0.1259667724370956,0.028548214584589,0,-0.0191787015646696,-1.603642225265503,2.3586885929107666,1,-0.4171275794506073,0.3547317385673523,0.5986494421958923,1
1.0740516185760498,-0.83488529920578,16.269207000732422,0.0268321838229894,0.0030072669032961,-0.0017678671283647,0,-0.0007229502662084,0.0070542022585868,-0.0114098060876131,0,0.3116114437580108,-0.0962943062186241,4.377245903015137,1,-0.0044710375368595,0.0072937072254717,-0.00154246436432,0,0.0045037777163088,0.0540836937725544,0.0596111007034778,0,0.334063172340393,-0.3325032293796539,6.304037570953369,1,-0.0147801805287599,0.0658838748931884,-0.0900992676615715,0,0.0119456322863698,-0.0486650057137012,-0.0307982023805379,0,0.4050695300102234,-0.4947454929351806,5.663928985595703,1
0.9083863496780396,-0.338559091091156,9.215414047241213,0.3414109051227569,-0.0380671061575412,2.514046430587769,1,-0.0597510486841201,0.039718423038721,0.0510932505130767,0,-0.0038328464142978,-0.0067942873574793,0.0110948979854583,0,0.5103840231895447,-0.469189703464508,6.595620155334473,1,0.0259762499481439,-0.0130306053906679,0.0150203462690114,0,0.0035174861550331,0.0118951424956321,0.0085841715335845,0,0.0276881922036409,-0.0805558711290359,0.1233274564146995,0,0.0751654431223869,0.1891215741634369,-0.1119539588689804,0,-0.0121720321476459,0.0283433459699153,0.008581394329667,0
0.0399755463004112,0.4309922456741333,11.41291332244873,0.0116447238251566,-0.0037232064642012,-0.0252101048827171,0,0.0014110413612797,-0.0143240885809063,0.0110595943406224,0,-0.0072977021336555,-0.0014911588514223,0.0078397989273071,0,-0.7150132656097412,0.8915510773658752,8.218745231628418,1,-0.0081869615241885,0.0142670031636953,-0.0222689192742109,0,0.0147571582347154,0.0056691667996346,-0.0412214994430542,0,0.7509027719497681,-0.4816011786460876,3.2793259620666504,1,-0.0096719348803162,0.0112943891435861,-0.0218739490956068,0,0.0014297072775661,0.0093502001836895,0.0065162712708115,0
1.0917682647705078,-0.3569512367248535,10.444717407226562,-0.0515823811292648,0.011769643984735,-0.0280080363154411,0,0.2826879620552063,0.9544474482536316,3.475297451019287,1,0.0034354128874838,-0.0142282685264945,0.0214491412043571,0,-0.0087922643870115,-0.0016894867876544,-0.0237895026803016,0,0.4738802313804626,-0.3269315361976623,5.2740559577941895,1,0.0155894281342625,-0.0032294043339788,0.036985658109188,0,-0.0020362031646072,-0.1886017322540283,-0.0001463286462239,0,0.3949372768402099,-0.8570888042449951,1.725041151046753,1,-0.0163511782884597,0.0686008781194686,-0.0361693985760211,0
2.051595449447632,-1.236846685409546,10.37347412109375,0.2295803725719452,0.0117857744917273,1.5687782764434814,1,-1.5967108011245728,-0.9132577180862428,3.276702404022217,1,-0.0082921162247657,-0.0003624170203693,-0.0170192271471023,0,1.977598786354065,0.4345995187759399,1.5358188152313232,1,-0.4822548627853393,-0.6240425705909729,1.7466113567352295,1,0.0310563948005437,0.0057461438700556,-0.0209607873111963,0,1.8908036947250368,-0.1386893391609192,2.235025405883789,1,0.0095412451773881,-0.021356688812375,0.0372740849852561,0,0.0002728152903728,0.0087305884808301,0.011243162676692,0
1.163200616836548,0.2663230001926422,7.199459552764893,-0.0091364979743957,0.0018552816472947,-0.0197245962917804,0,0.7528754472732544,0.3715743720531463,0.5211724042892456,1,-1.2728086709976196,-0.3724543452262878,0.8906567096710205,1,-0.0037955241277813,0.0161360837519168,0.3762688338756561,0,1.3915019035339355,0.2474908381700515,2.2240052223205566,1,-0.6824325323104858,0.0112784029915928,1.8663069009780884,1,-0.0025213649496436,-0.0032195546664297,-0.0164024885743856,0,1.7331568002700806,-0.0033764920663088,0.8076120615005493,1,-0.7436390519142151,-0.0029615995008498,0.549564778804779,1
-5.3049187660217285,-8.880973815917969,12.365320205688477,0.0059250323101878,0.0227359216660261,-0.008789231069386,0,1.447648286819458,-1.752361297607422,2.0693750381469727,1,-0.2089557349681854,0.0282654017210006,0.1959265172481537,0,0.0100668938830494,0.0320966355502605,0.241322636604309,0,0.5286910533905029,-0.1568563282489776,1.88803231716156,1,-1.1451451778411863,-0.0739646479487419,3.3117308616638184,1,-0.0130700469017028,-0.1652722507715225,-0.0511650443077087,0,-0.0180263109505176,-0.2349434942007064,0.626995861530304,1,-5.912052631378174,-6.580673694610596,4.091890811920166,1
-0.3749458491802215,3.25894546508789,13.804357528686523,-0.0555962398648262,0.9978029131889344,6.285789489746094,1,-0.0087072905153036,-0.0032444440294057,-0.0235802624374628,0,-0.0025971005670726,0.0053304843604564,-0.0181878507137298,0,0.7582722902297974,0.0378730222582817,2.971852302551269,1,-0.0037308419123291,0.274600088596344,0.7237895131111145,1,0.0041735065169632,-0.001238950761035,0.0070652719587087,0,0.0132192019373178,0.1889967322349548,0.0489360764622688,0,-1.0555893182754517,1.771849513053894,3.780909538269043,1,-0.0243900585919618,-0.0130238467827439,0.0277845337986946,0
0.5953616499900818,-0.3782480657100677,6.457023143768311,0.0004211808554828,0.0054415590129792,1.655152440071106,1,-0.0471914485096931,0.0666525140404701,-0.00025272773928,0,0.0026703830808401,-0.0063442140817642,0.0022011145483702,0,0.5569494366645813,-0.4482940137386322,4.785452842712402,1,-0.0181597769260406,0.0272908769547939,-0.0247588604688644,0,0.0016173400217667,-0.0007833996787667,0.0055895843543112,0,0.0254559610038995,-0.0846955403685569,0.1203759089112281,0,0.082165703177452,0.0291123390197753,-0.0711058676242828,0,-0.0085671553388237,0.0333718471229076,-0.0156310964375734,0
-1.1282799243927002,5.447989940643311,11.677725791931152,-0.0005325881647877,-0.0029060551896691,0.0193612929433584,0,2.432769298553467,-2.27794885635376,2.397805690765381,1,-3.160475730895996,7.344882011413574,5.391536235809326,1,0.0091960122808814,-0.0035490780137479,-0.0014111638301983,0,0.3436557054519653,-0.3827613294124603,0.4222873151302337,0,-0.2590947151184082,0.4085944294929504,2.1222598552703857,1,-0.00616768701002,-0.0527744926512241,0.0009043670725077,0,-0.0320999287068843,-0.0205557085573673,-0.0465816259384155,0,-0.4555302560329437,0.4350090324878692,1.3715630769729614,1
1.1593505144119265,-0.2818593978881836,10.137404441833496,0.000805536750704,0.0220092330127954,0.0404490791261196,0,-0.1192563399672508,1.3424869775772097,0.9383881092071532,1,0.0009183217189274,-0.0113795157521963,-0.0393611937761306,0,0.0021698772907257,-0.0017875543562695,-0.0062878276221454,0,1.272691011428833,-3.2704973220825195,1.9815691709518437,1,0.0184894148260355,0.0186880733817815,-0.0069573428481817,0,-0.0018649909179657,0.0968700796365737,-0.0251071415841579,0,0.0348694622516632,-0.0188077501952648,0.0037061965558677,0,-0.0494715720415115,1.5405583381652832,7.25100564956665,1
-0.6571774482727051,1.897203803062439,22.609193801879883,0.798690140247345,0.3410863280296325,2.15886664390564,1,-0.615296483039856,0.619191586971283,3.2658581733703613,1,-0.0163156148046255,-0.0300101265311241,-0.0113683603703975,0,0.813740611076355,-0.1244537383317947,2.702280282974243,1,-0.296089768409729,1.0985214710235596,9.88528060913086,1,0.0071458714082837,0.0125116305425763,0.0025609934236854,0,0.2591607570648193,0.2131374329328537,0.4759711921215057,0,-1.5838528871536257,-0.263823002576828,4.224357128143311,1,-0.024360042065382,0.0310422759503126,-0.0946131870150566,0
-2.017059564590454,-0.981397032737732,16.476896286010742,-0.0043568909168243,-0.002639127895236,0.0305176526308059,0,0.6740631461143494,-0.7200185060501099,2.126371145248413,1,-1.619881510734558,0.5667288303375244,2.942338466644287,1,-0.0003847347397822,0.0009274169569835,-0.0042494949884712,0,0.3987060487270355,-0.4404594004154205,0.5824529528617859,1,-0.2916090786457062,0.0503414273262023,3.5971291065216064,1,0.0752277374267578,-0.0379200764000415,-0.1109440252184867,0,-0.0359480753540992,0.0513671413064003,-0.089003100991249,0,-1.2128762006759644,-0.449724793434143,7.402285099029541,1
1.2222214937210083,0.0818539559841156,9.69907569885254,0.2626258134841919,0.2213844358921051,0.934840738773346,1,-0.5779373049736023,-0.2830615937709808,2.6155598163604736,1,0.0009647989063523,-0.0012395876692607,-0.0376901999115943,0,1.21696674823761,0.1752791702747345,1.3790227174758911,1,-0.4173247218132019,-0.0170267131179571,1.8722659349441528,1,0.0183210149407386,0.0069419369101524,-0.0344723537564277,0,0.9395282864570618,-0.0086760269477963,1.266919493675232,1,-0.2124648839235305,0.0005091995699331,1.7392563819885254,1,-0.0084582781419157,-0.0122568644583225,-0.0366264358162879,0
0.1932455450296402,0.3041817843914032,13.175341606140137,0.0052616209723055,-0.0005590948858298,-0.0484546720981597,0,0.7311429381370544,1.4694336652755735,6.184217929840088,1,-0.0059100673533976,-0.0057560629211366,-0.0599577128887176,0,-0.0012467431370168,-0.0024958562571555,-0.0366904325783252,0,-0.6478476524353027,-1.2877085208892822,5.790572643280029,1,0.0093706091865897,0.0004463430668693,-0.0209894068539142,0,0.0971415936946868,0.1205012276768684,1.395984411239624,1,-0.0015340383397415,0.004730184096843,-0.0322472527623176,0,0.0068672937341034,0.0055898851715028,0.0029058342333883,0
-0.3570477962493896,4.611073970794678,17.66431427001953,0.0011645215563476,-0.0075123272836208,0.0025829337537288,0,-1.2890852689743042,2.7771453857421875,3.73885989189148,1,0.0604846887290477,-0.035550657659769,0.346361368894577,0,0.5207903385162354,0.2811011075973511,1.0873903036117554,1,-0.0155055588111281,0.9596194624900818,7.890631675720215,1,0.211018219590187,0.0922542065382003,2.921794891357422,1,0.5017178058624268,0.5193306803703308,-0.4651215374469757,0,-0.4174798130989074,-0.023433793336153,1.8231377601623533,1,0.0698473006486892,0.0481197871267795,0.3186765313148498,0
-0.0115881487727165,3.391754388809204,16.177810668945312,0.2879790961742401,-0.0260067824274301,0.1639632284641266,0,-0.4830520153045654,2.4750852584838867,3.2565534114837646,1,0.0545849837362766,-0.0345230400562286,0.3808710873126983,0,0.550275444984436,-0.0617106892168521,1.011576771736145,1,-0.1372971683740615,0.6460896134376526,6.743222713470459,1,0.1943908780813217,0.1287742555141449,2.70768141746521,1,0.2338441759347915,0.3386995196342468,-0.0297334175556898,0,-0.7522926926612854,-0.0938342735171318,1.688163995742798,1,0.0399791672825813,0.0191801879554986,0.2555128633975982,0
0.0427221953868866,0.0201068744063377,5.268978118896484,0.008996658027172,-8.521974814357236e-05,-0.0136830853298306,0,-0.006361820269376,-0.0048788953572511,-0.0185894910246133,0,0.6624594330787659,0.0946132540702819,2.0018200874328613,1,0.0029780403710901,0.0009051895467564,0.0260436031967401,0,0.0049701714888215,0.0225989129394292,-0.0895178169012069,0,-0.3511226177215576,-0.0901027545332908,2.940284490585327,1,-0.0009771895129233,-0.0008869937155395,-0.0056267948821187,0,-0.0013424901990219,0.0011324472725391,0.0017881324747577,0,-0.2768779993057251,-0.0031890666577965,0.4264588057994842,0
-0.0632365345954895,-0.2465382814407348,4.353784561157227,0.0806665569543838,-0.0147701352834701,0.0089910076931118,0,0.503814697265625,-0.4386109411716461,2.480088233947754,1,0.0014570323983207,-0.0045544020831584,-0.0290008783340454,0,0.0041138520464301,-0.0064965528436005,0.0076883402653038,0,-0.0392803698778152,-0.3137421607971191,0.8978463411331177,1,0.0103783952072262,0.0060281003825366,-0.0011941296979784,0,0.0140243610367178,0.0343149863183498,0.069673366844654,0,0.0013020930346101,-0.0499550253152847,0.0697515085339546,0,-0.6397131681442261,0.5412477850914001,0.8499412536621094,1
0.3934248685836792,0.1678196787834167,5.87079381942749,0.0175764504820108,-0.0248379837721586,0.0304603222757577,0,1.0797723531723022,-0.6964068412780762,2.16277813911438,1,-0.1673082560300827,0.1455998867750167,-0.0753453001379966,0,0.0142065454274415,-0.0149566242471337,0.0108246058225631,0,-0.1336070299148559,-0.0152822518721222,-1.4895515441894531,0,-0.0991259515285492,0.2048938423395156,1.5857089757919312,1,-0.0057052010670304,-0.1241467744112014,-0.0169960800558328,0,-0.0881188958883285,-0.0775996446609497,0.0251089129596948,0,-0.2242651730775833,0.7705560922622681,3.637805700302124,1
0.0905578061938285,-0.3650454580783844,11.14760398864746,0.1221678778529167,-0.3576888144016266,2.4539804458618164,1,-0.1066337451338768,0.1011329144239425,0.1210205629467964,0,-0.0003313660854473,-0.0026831780560314,-0.0576410181820392,0,0.488247811794281,-0.2448012381792068,1.5996323823928833,1,-0.0278886370360851,0.1800348758697509,3.184704542160034,1,0.000899311969988,0.0023057889193296,-0.0015850133495405,0,-0.0081545850262045,-0.0563219487667083,-0.0909997746348381,0,-0.432280033826828,0.0012356654042378,3.914454698562622,1,0.0545311495661735,0.0117405280470848,0.0240373332053422,0
1.868823885917664,-0.466341108083725,22.305360794067383,1.3044838905334473,-0.3524097800254822,2.6467297077178955,1,-0.0206460244953632,0.0353954695165157,0.0776972472667694,0,-0.0036465353332459,-0.0066883917897939,0.0309297442436218,0,0.0045383791439235,-5.909263563808054e-05,-0.0033490525092929,0,-1.962972402572632,1.5868582725524902,8.683136940002441,1,-0.005764246918261,-0.0182517226785421,0.0006503478507511,0,0.0030061304569244,-0.0024775015190243,-0.0148853054270148,0,2.5535223484039307,-1.7061798572540283,10.90961742401123,1,-0.0036977925337851,-0.0025284031871706,-0.025167366489768,0
0.2628752589225769,-0.3713373243808746,8.918086051940918,0.1643024086952209,-0.2997818291187286,5.048605918884277,1,-0.0011003466788679,-0.0025315259117633,0.0174814853817224,0,-0.0043538529425859,0.0091688763350248,0.0241461005061864,0,1.1686493158340454,-0.3776549994945526,1.0587700605392456,1,0.0098200738430023,-0.0133119067177176,0.2297514081001281,0,0.0106297638267278,0.0076892226934432,0.0122454417869448,0,0.092885635793209,0.0018258820055052,0.0148985031992197,0,-1.172817587852478,0.3021138906478882,2.5010650157928467,1,-0.0051401299424469,0.0011450866004452,0.0111212907359004,0
0.330244243144989,-0.2481055706739425,9.549509048461914,-0.1306509673595428,0.0018367305165156,-0.0705089718103408,0,-0.741295576095581,-0.3525760769844055,1.271228313446045,1,0.0008022809633985,-0.0203507896512746,-0.0044174990616738,0,0.8759933114051819,0.3830139636993408,2.3604862689971924,1,0.0181502941995859,-0.0438306145370006,0.0895624160766601,0,-0.0057197376154363,0.0006441748701035,-0.0027068441268056,0,0.2824435234069824,-0.1555386185646057,5.928162574768066,1,0.0088661210611462,-0.0331348478794097,-0.0350227728486061,0,0.021655011922121,-0.0281694866716861,0.0127254296094179,0
-5.003798961639404,-5.810530185699463,16.452451705932617,-0.0538454167544841,-0.0101082371547818,0.0092481784522533,0,1.7134745121002195,-1.5877450704574585,2.11867094039917,1,-0.7034534811973572,0.3159040212631225,1.3693488836288452,1,0.0439834557473659,0.0528587438166141,0.7127304673194885,1,0.8734105825424194,-0.1045330986380577,2.918037414550781,1,-0.781285285949707,0.3872537016868591,4.294912338256836,1,-0.0008013361948542,-0.1237764507532119,-0.0188564378768205,0,0.0230354983359575,-0.3103630244731903,1.2286661863327026,1,-6.118317604064941,-4.430020809173584,3.819691896438599,1
-0.0012282729148864,-0.1128726601600647,19.291805267333984,0.0009592773858457,-0.0044427388347685,-0.0064406669698655,0,0.0048001580871641,-0.0014066224684938,-0.0039503476582467,0,0.3122909367084503,0.2810063362121582,2.643547534942627,1,-0.0017783319344744,0.0038623460568487,-0.0054421788081526,0,0.0126279164105653,-0.0110263116657733,-0.0659503191709518,0,0.446023553609848,-0.0133669059723615,9.775222778320312,1,-0.0039295791648328,-0.0029834972228854,-0.0098042655736207,0,0.037530243396759,0.0011208389187231,-0.0580920465290546,0,-0.8097525238990784,-0.3656360805034637,7.022716522216797,1
0.6635334491729736,0.0160455889999866,13.2719087600708,-0.0343635827302932,0.8469481468200684,2.0162060260772705,1,0.1020905375480651,0.0550497807562351,0.0233168564736843,0,-0.0182609912008047,-0.0026662058662623,-0.0219582878053188,0,1.090164303779602,-1.4308125972747805,10.707581520080566,1,0.0287357848137617,0.0018071670783683,0.0823215469717979,0,-0.0122586321085691,0.0084965322166681,-0.0220811888575553,0,0.0669023990631103,-0.0530306510627269,0.0875385925173759,0,-0.536103367805481,0.6072719097137451,0.4304905533790588,0,-0.0233730226755142,-0.0170184187591075,-0.0315062589943409,0
2.5489978790283203,0.938324511051178,25.19255828857422,0.9875281453132628,-0.8498177528381348,3.71259355545044,1,-0.0172454640269279,0.0380998961627483,-0.0500532872974872,0,0.0033025527372956,-0.0233607403934001,-0.0509684942662715,0,-0.0082479044795036,0.0047365240752696,-0.0152435498312115,0,0.162135362625122,1.2963556051254272,8.494166374206543,1,0.0141294887289404,0.0044567664153873,0.0032064712140709,0,-0.0008907312876544,0.0325516611337661,-0.1166945770382881,0,1.4108431339263916,0.4136421680450439,13.277225494384766,1,-0.0025567850098013,0.0216603986918926,-0.0616714619100093,0
-5.796006202697754,-8.204386711120605,15.6402587890625,-0.011390259489417,0.0079340357333421,-0.0618259347975254,0,1.422471284866333,-0.9196625351905824,2.711390733718872,1,-0.6897058486938477,0.3040662109851837,1.1017060279846191,1,0.0533915236592292,0.0551515035331249,0.6272646188735962,1,0.7660814523696899,0.2831290364265442,2.8963463306427,1,-1.1159653663635254,0.253880500793457,3.874390125274658,1,0.0318949446082115,0.1402138769626617,-0.1195283457636833,0,0.3867840766906738,-0.3311122953891754,1.1969343423843384,1,-6.639567852020264,-7.997986793518066,3.413581371307373,1
2.029073715209961,-2.41832971572876,21.14249992370605,-0.0704445093870163,-0.0211095847189426,0.025679612532258,0,-0.0455505289137363,-0.6725034117698669,9.72015380859375,1,-0.0033392840996384,-0.0181619003415107,-0.0507842376828193,0,0.0055232006125152,0.0119854751974344,-0.0072854976169764,0,0.2703673541545868,-1.4187947511672974,7.522580623626709,1,0.0222656801342964,0.0100921671837568,-0.0091101406142115,0,-0.0019897818565368,0.0063287089578807,-0.0386906526982784,0,1.826404333114624,-0.3286862969398498,4.052586555480957,1,0.0258371960371732,0.0125195533037185,-0.0726298987865448,0
1.0557724237442017,-1.477591037750244,20.95255851745605,-1.1214126348495483,0.9959744215011596,4.596664905548096,1,-0.0429612658917903,0.127362847328186,-0.0268936268985271,0,0.0005070903571322,-0.0149005269631743,-0.0024286040570586,0,0.5988898277282715,-0.6252113580703735,2.03566837310791,1,0.2624713182449341,0.9484602808952332,4.86742115020752,1,0.0100505640730261,-0.0097897984087467,0.0146851195022463,0,-0.0094402395188808,-0.0692485943436622,-0.1364492326974868,0,1.362804889678955,-2.8608477115631104,9.626745223999023,1,-0.0051372139714658,0.0306094009429216,-0.0228558834642171,0
0.2666156888008117,-0.3900985717773437,5.431814670562744,0.01226950250566,-0.0064357621595263,-0.0138999568298459,0,-0.0144978817552328,0.0014455808559432,-0.0148994252085685,0,0.0034620852675288,0.0123654818162322,0.0178721696138381,0,0.0028819134458899,0.0001964284165296,-0.0095942867919802,0,0.3863202929496765,0.1484483927488327,1.9060819149017332,1,-0.0037812234368175,-0.0069356299936771,0.0012626647949218,0,0.0058458470739424,-0.0032225768081843,0.0122686922550201,0,-0.1258976310491562,-0.5468897819519043,3.5126430988311768,1,1.281419099541381e-05,0.0109292976558208,0.0200799703598022,0
0.7113443613052368,-2.048668146133423,16.259241104125977,0.0015207495307549,-0.0075828642584383,-0.0185693949460983,0,0.0025970169808715,0.0992894917726516,-0.0300174355506896,0,0.1877648681402206,0.6223123669624329,4.515235900878906,1,-0.0002892621560022,0.0004660378035623,-0.0311112254858016,0,0.0355019308626651,0.0189782530069351,0.0722579881548881,0,0.2773320078849792,-1.4539430141448977,8.412861824035645,1,-0.0092192972078919,-0.0394119247794151,-0.0747021734714508,0,-0.0103490278124809,-0.0892422869801521,-0.0040044710040092,0,0.2264853864908218,-1.1995341777801514,3.4172897338867188,1
2.3156137466430664,1.1823607683181765,28.19999122619629,0.2628432810306549,-0.1484731882810592,0.6868112087249756,1,-0.1379532217979431,1.6877717971801758,1.4022254943847656,1,0.0021724235266447,-0.0193778630346059,-0.0135404057800769,0,0.0008964702719822,0.0102779250591993,0.0070022656582295,0,0.1837411075830459,1.926208019256592,16.393211364746094,1,0.0202818755060434,-0.0018959887092933,0.0385957993566989,0,0.008944246917963,0.0765843987464904,-0.0112950010225176,0,1.931804895401001,-2.415924310684204,9.725248336791992,1,0.0428826920688152,0.0671900883316993,-0.028266767039895,0
1.7418807744979858,1.360629677772522,8.347826957702637,0.0142095386981964,0.0037082268390804,-0.0232889242470264,0,0.7270658612251282,0.5768483281135559,0.9373207092285156,1,-0.7796128392219543,0.0377693697810173,1.1939902305603027,1,-0.0016957828775048,0.0022661059629172,-0.0176700390875339,0,1.476546287536621,0.4968158900737762,2.3457932472229004,1,-0.7941043972969055,0.0019864588975906,1.9742413759231567,1,-0.0006328013841994,-0.0048879086971282,-0.015507910400629,0,1.544023871421814,0.1804085224866867,1.4360002279281616,1,-0.4439187943935394,0.0657147616147995,0.5169479846954346,1
1.1764709949493408,-0.1032005175948143,20.697858810424805,-0.0002886195143219,-0.0020739054307341,-0.0041887685656547,0,0.0761856511235237,0.0803572684526443,-0.0176440980285406,0,-0.4970333576202392,-0.6433406472206116,1.857047200202942,1,0.0002565999166108,0.0072368602268397,-0.0078487275168299,0,2.613006114959717,1.6738702058792114,8.420397758483887,1,0.00874191429466,0.0020017698407173,-0.0387715101242065,0,-0.0129607040435075,-0.0007071365253068,0.0298635996878147,0,-1.012760877609253,-1.2189044952392578,10.46591091156006,1,0.0013243915745988,-0.0016403981717303,-0.0069062947295606,0
-0.690966010093689,-7.70794677734375,20.87322425842285,-0.0059926132671535,0.0016025156946852,-0.0177434626966714,0,-1.0433108806610107,3.5814766883850098,7.168605804443359,1,-0.0033808001317083,-0.0080024152994155,-0.0756255611777305,0,-0.0033593229018151,0.0038303022738546,0.0032354919239878,0,0.2984732985496521,-1.398672342300415,-1.4113367795944214,0,-1.929740071296692,-1.7511794567108154,9.624555587768556,1,-0.0048381383530795,-0.2069369852542877,-0.0491631515324115,0,0.0075738937593996,-0.0544973984360694,-0.0460904985666275,0,1.993608832359314,-7.875567436218262,5.676786422729492,1
0.7666964530944824,0.1881671100854873,4.596163272857666,-0.0040727066807448,0.0009484410984441,-0.0217138268053531,0,0.1077831834554672,0.0583256259560585,0.1461062133312225,0,-1.3256444931030271,-0.3371876180171966,1.0121445655822754,1,-0.0004318410065025,0.0085089495405554,0.0485940910875797,0,1.0633705854415894,0.4742524027824402,1.5111987590789795,1,-0.5765117406845093,-0.1137769222259521,1.4456239938735962,1,0.0031198682263493,-0.0001866549137048,-0.0049849967472255,0,1.4957576990127563,0.1041320636868476,0.4902779757976532,0,0.0033258649054914,-0.0068491883575916,-0.0310836508870124,0
0.0172119345515966,-1.0605031251907349,7.316213130950928,-0.0388709902763366,0.0052856942638754,-0.0412595383822917,0,0.070483848452568,0.1447654813528061,0.0582871176302433,0,0.4768663048744201,0.2750304043292999,1.2481155395507812,1,0.0006651364965364,-6.092174226068892e-05,0.0030782197136431,0,0.0299942400306463,0.0051657762378454,0.0430464185774326,0,-0.9236552119255066,-1.6543298959732056,3.5924296379089355,1,0.0028484954964369,0.0699862316250801,0.2931185960769653,0,0.4068993926048279,0.0899167954921722,2.174468994140625,1,-0.0080193076282739,0.003737311810255,-0.0550717450678348,0
0.73785799741745,0.0516721904277801,15.880682945251465,0.0003011377120856,0.0019959080964326,-0.0033170958049595,0,1.3512951135635376,0.7679891586303711,7.39947509765625,1,0.0024977540597319,0.0114921936765313,-0.0115868626162409,0,0.0001231476926477,0.0047377594746649,-0.0185289215296506,0,-0.6020224690437317,-0.7559205889701843,4.269044399261475,1,0.0128040872514247,0.0111610004678368,-0.0254475064575672,0,-0.0286588165909051,0.0035373161081224,4.269501209259033,1,0.0006302681867964,-0.002741614356637,0.0021365722641348,0,0.0008877610671333,0.0094210738316178,-0.0005944864242337,0
1.862606167793274,-4.662411689758301,16.70524787902832,0.0240589343011379,-0.0168472416698932,0.0436071492731571,0,0.8608532547950745,1.625996232032776,1.3599778413772583,1,-0.4230925440788269,0.8125527501106262,2.874795913696289,1,-0.0057012643665075,0.0087246978655457,-0.0224158130586147,0,0.6080122590065002,-5.756129741668701,4.418850421905518,1,0.0147881973534822,-0.0001269713393412,0.0155038423836231,0,0.7734553813934326,-1.2881397008895874,8.067265510559082,1,0.009188687428832,-0.0850560963153839,-0.0277202315628528,0,0.0010432604467496,0.0366148203611373,-0.0246175453066825,0
-3.204244375228882,0.0581947267055511,7.725771427154541,0.5792983174324036,0.6519788503646851,1.1402673721313477,1,-3.694322347640991,-1.0303453207015991,1.6717044115066528,1,-0.0318668708205223,-0.0084188366308808,-0.0288791917264461,0,0.2194541245698928,-0.0567815974354743,2.0776772499084477,1,-0.2987779080867767,0.1849881112575531,1.8874406814575195,1,0.0011854611802846,0.0119855226948857,-0.0028570652939379,0,0.0819573104381561,0.391058087348938,0.8035579323768616,1,-0.0924982652068138,-0.0883263275027275,0.0984034687280654,0,0.0313257873058319,0.0020562203135341,0.0784568786621093,0
0.441704511642456,-0.9271965026855468,4.95737886428833,-0.0402616038918495,0.0020065617281943,0.0082070156931877,0,1.5191876888275146,-1.2680745124816897,1.7828056812286377,1,0.0104890894144773,-0.008619450032711,0.0088650127872824,0,-0.0153699284419417,0.0052543170750141,-0.0019673481583595,0,0.0905903130769729,-0.1235986426472663,-0.0955526083707809,0,-0.2126042395830154,0.1582020372152328,1.107879638671875,1,-0.0265696793794631,0.0015802147099748,-0.005923209246248,0,-0.0121132489293813,0.0396226868033409,-0.0830394178628921,0,-0.8716439008712769,0.2664304077625274,2.236104249954224,1
0.3726370334625244,0.2528723478317261,14.464776039123535,0.0013701876159757,0.0027426939923316,-0.0051266215741634,0,0.183988019824028,0.2037339806556701,0.5744231939315796,1,-0.1593556106090545,-0.0663878768682479,0.2146360576152801,0,0.001939280773513,0.0066185947507619,-0.0093789501115679,0,0.867608368396759,0.4525634348392486,4.682095050811768,1,0.0087667284533381,0.0043010832741856,-0.0334577113389968,0,-0.0072189113125205,0.0037869522348046,0.0352352038025856,0,-0.5243272185325623,-0.3673881292343139,9.017741203308104,1,-0.0001338025322183,0.0129015911370515,-0.0113914320245385,0
0.1052956581115722,1.5809175968170166,14.48723030090332,-0.0117118917405605,0.0012697762576863,0.0031350743956863,0,0.5738135576248169,0.2732052803039551,2.8480923175811768,1,-0.0018288117134943,-0.0146711561828851,-0.0657247528433799,0,0.0024463713634759,-0.0017566429451107,-0.0046572503633797,0,1.4875719547271729,-0.0384046249091625,3.3742966651916504,1,-0.5454239845275879,0.1406135112047195,1.3449676036834717,1,0.0024571048561483,0.0048757237382233,-0.0057533239014446,0,0.0644071325659751,-0.0452555455267429,0.1616860777139663,0,-1.4664356708526611,1.261041283607483,6.831187725067139,1
0.9021438360214232,2.274451732635498,24.86663246154785,2.183610677719116,-1.29474675655365,3.7309553623199454,1,-0.0452922172844409,0.24550361931324,0.1963754892349243,0,0.0019932657014578,-0.0263814572244882,0.2581527233123779,0,-0.005796633195132,0.0144038349390029,-0.0194689258933067,0,0.5460876226425171,2.618185520172119,13.76752471923828,1,0.0161384381353855,0.0055698286741971,0.0246601793915033,0,-0.0030140965245664,-0.0629367381334304,-0.0262035876512527,0,-0.3086042106151581,-1.256127119064331,5.619462490081787,1,-1.4829789400100708,2.030981063842773,1.3151719570159912,1
0.1414694190025329,-0.0429549179971218,0.7164165377616882,-0.0103319892659783,0.00212207948789,-0.0139902923256158,0,0.0268026385456323,0.0083014462143182,0.0488600470125675,0,-0.3265777826309204,-0.1048963442444801,0.1952974647283554,0,-0.0026665623299777,0.0042128632776439,0.0143727902323007,0,0.2002420276403427,0.0808507651090622,0.1965249925851822,0,-0.1013407409191131,-0.040495827794075,0.2316796779632568,0,-0.0002243093476863,0.0018190587870776,-0.0062642251141369,0,0.3536086082458496,0.017411008477211,0.0862984657287597,0,0.0019575285259634,-0.0122799696400761,-0.0363624356687068,0
-1.1027790307998655,2.0516016483306885,9.118756294250488,0.1972565054893493,0.0161226894706487,0.260035365819931,0,-1.0839202404022217,1.5902098417282104,1.5117098093032837,1,-0.0133554339408874,0.0079278396442532,-0.0026589962653815,0,0.3867702484130859,0.0151850059628486,0.4294850826263428,0,-0.4060976505279541,0.3443144261837005,4.991373538970947,1,0.076114036142826,0.0957213044166565,1.1257729530334473,1,0.0767692700028419,0.0562465190887451,0.0748573690652847,0,-0.3572146892547607,-0.0524187386035919,0.7387531399726868,1,0.0208988990634679,-0.0217071957886219,-0.0105722052976489,0
-1.7665523290634155,2.082677125930786,16.720504760742188,0.429214745759964,0.0495488829910755,0.7042003273963928,1,-0.912680208683014,1.068118691444397,2.6266956329345703,1,0.0402661189436912,-0.0036946730688214,0.4246581494808197,0,0.7102481126785278,0.0170973744243383,1.2972582578659058,1,-0.6005164384841919,0.2489036321640014,6.33716344833374,1,0.2002356052398681,0.1124886497855186,2.7838122844696045,1,0.17754827439785,0.0691436231136322,0.0105899590998888,0,-1.854837417602539,0.441508948802948,2.2272579669952397,1,0.0439688861370086,0.0795618593692779,0.3088677227497101,0
-0.2366773188114166,-0.2501198947429657,11.437935829162598,0.0121189709752798,0.0005352391162887,-0.0022016691509634,0,-0.0056584356352686,0.0009297000942751,-0.0078242309391498,0,0.001251888112165,-0.0315972492098808,1.7280288934707642,1,0.0024137150030583,0.0006216602050699,0.021705774590373,0,0.0055385632440447,0.0207038521766662,-0.0958568602800369,0,0.1457330882549286,-0.0242519900202751,4.959487915039063,1,0.0002087890461552,-0.0021041340660303,-0.0024668266996741,0,-0.0005024678539484,0.0021772475447505,0.0048040091060101,0,-0.3977814316749573,-0.2171342074871063,4.832258701324463,1
0.6170008182525635,-0.3304462432861328,7.597435474395752,0.0034969337284564,0.0057315113954246,-0.0365888811647892,0,-0.0076394383795559,0.019171305000782,-0.0465901158750057,0,0.2544980049133301,-0.1866006255149841,4.09684944152832,1,-0.0028928029350936,0.006039276253432,2.98957311315462e-05,0,0.1922496557235717,-0.0122122280299663,0.1129572615027427,0,-0.4324396848678589,-0.2274140566587448,2.091008424758911,1,-0.0144892605021595,0.0029342139605432,0.000223308452405,0,0.6236703395843506,0.0530599132180213,1.3730591535568235,1,0.0005470722098834,0.0088444780558347,0.0064863255247473,0
-1.7408596277236938,2.6091067790985107,5.599956512451172,-0.0121397776529192,0.0017328745452687,0.0038432695437222,0,-2.1448748111724854,2.046278953552246,1.2698036432266235,1,0.0051108850166201,-0.0116202924400568,-0.0175450406968593,0,0.385717898607254,-0.0002485910954419,0.5458056926727295,1,-0.3802517652511596,0.1777915954589843,2.946218729019165,1,0.071772925555706,0.0198999270796775,0.8006366491317749,1,0.3530638217926025,0.4674055278301239,-0.1530016958713531,0,-0.0284312032163143,-0.0945097953081131,0.1943011134862899,0,0.0091725382953882,0.0023768632672727,0.0098937349393963,0
3.057356834411621,0.5052109360694885,11.60777187347412,-0.0269942618906497,0.0229910928755998,0.0459902808070182,0,0.6187427639961243,0.413616269826889,1.22891104221344,1,-0.4572654962539673,0.0913746505975723,1.2728077173233032,1,-0.0001271402143174,-0.0015757418004795,-0.0183779560029506,0,2.784300804138184,0.5495299100875854,3.1849184036254883,1,-0.3992877006530761,-0.0522213205695152,1.960937738418579,1,-0.0031065256334841,0.0012785356957465,0.0028801972512155,0,0.8466777205467224,-0.4803550243377685,2.815368413925171,1,-0.3055833578109741,-0.039427313953638,1.1143357753753662,1
0.4984153509140014,-2.608614683151245,17.792940139770508,0.0630200058221817,-0.0098105259239673,0.0269187986850738,0,-0.127990037202835,0.3966969847679138,11.013809204101562,1,-0.0045683551579713,-0.0068072150461375,-0.0240315534174442,0,0.0007185070426203,-0.0056586484424769,0.0023272151593118,0,1.7187665700912476,-2.4833498001098637,3.5589025020599365,1,0.0240343324840068,0.0137158362194895,0.0406561531126499,0,-0.0089147510007023,-0.012368194758892,-0.0535596348345279,0,0.298626035451889,-0.426187515258789,0.5632188320159912,1,-1.465277075767517,-0.0748456567525863,2.664698839187622,1
1.0916593074798584,-0.3080191314220428,4.356969356536865,-0.0117577351629734,0.007411400321871,0.0079862484708428,0,0.1532970070838928,-0.0145127708092331,0.1368069946765899,0,-0.8077265024185181,-0.1952261328697204,0.7979177236557007,1,0.0024917526170611,-0.0096327606588602,0.0332381166517734,0,0.8072422742843628,0.0088205793872475,1.7290983200073242,1,-0.2757048904895782,-0.0088543891906738,0.7993534803390503,1,-0.0130559038370847,0.0013934285379946,0.0243561808019876,0,1.234758377075195,-0.0983551144599914,0.8372475504875183,1,0.0021149239037185,0.0009366622543893,-0.0090349474921822,0
-0.7260845303535461,1.6354947090148926,7.826380729675293,0.0056412983685731,-0.001723680878058,-0.0172266401350498,0,-0.5196089148521423,-0.081761784851551,2.9509217739105225,1,0.0022119698114693,0.0010297879343852,-0.0400618575513362,0,0.1184506490826606,0.7983777523040771,2.4753739833831787,1,-0.0006161154014989,0.0016832277178764,-0.034807801246643,0,-0.0016449833055958,-0.0127083370462059,0.0462086945772171,0,-0.3266372680664062,0.9232977032661438,2.5091705322265625,1,0.0027889828197658,0.0157330613583326,-0.0473940037190914,0,-0.0066700889728963,-0.0084328101947903,-0.0158042553812265,0
-0.6114187240600586,-0.5839343667030334,17.840930938720703,0.0077095446176826,-0.0004613076162058,-0.0345868021249771,0,0.0074538281187415,-0.0176713466644287,0.0135776810348033,0,0.7553666830062866,1.535934329032898,8.456241607666016,1,-0.0067745679989457,0.0105775287374854,-0.0498110055923461,0,-0.0173273161053657,0.020078981295228,-0.0717449784278869,0,-2.411956548690796,-2.5846645832061768,8.302583694458008,1,-0.0037224926054477,-0.0009102081530727,-0.0010724440217018,0,1.0532020330429075,0.4302780628204345,1.220738649368286,1,0.0046301032416522,0.0229041147977113,0.0050033279694616,0
0.089087389409542,0.1023834943771362,0.6547125577926636,-0.0195832177996635,0.0092896549031138,-0.0081873219460248,0,0.0700813084840774,0.1041882336139679,0.2697941362857818,0,-0.0010504814563319,-0.0105667281895875,-0.0302675310522317,0,0.0062909256666898,-0.0027937139384448,-0.0106790075078606,0,0.0540133155882358,-0.0694998204708099,0.3209846913814544,0,0.0007914808229543,0.0051293894648551,-0.0110875656828284,0,0.0081415520980954,0.0848385542631149,-0.0047151073813438,0,-0.0165238343179225,-0.0023782283533364,0.1378518044948578,0,-0.0130736622959375,-0.0158238522708416,-0.0089816004037857,0
-2.369553327560425,-1.1695269346237185,11.744121551513672,-0.0052064065821468,-0.003095353487879,-0.0104864388704299,0,0.4389083087444305,-0.024994857609272,1.874051094055176,1,-3.2576162815093994,-0.4849617183208465,1.6790103912353516,1,0.0036524359602481,0.0003797068784479,0.0050594070926308,0,2.115386247634888,0.3173293769359588,2.74210524559021,1,-1.4189951419830322,-0.1260557621717453,1.4298511743545532,1,0.006092466879636,-0.0082998303696513,-0.0077875200659036,0,0.3501423299312591,-0.7880993485450745,3.482882499694824,1,-0.6019174456596375,-0.0517291165888309,0.5494368672370911,1
2.4821081161499023,-0.9290924668312072,22.549314498901367,-0.2773982882499695,1.409487009048462,1.806046485900879,1,-0.0127351256087422,0.0735784173011779,-0.1634393632411956,0,0.0034634610638022,-0.0180230475962162,-0.035692673176527,0,0.7212661504745483,-2.2949676513671875,3.0428402423858643,1,1.042145609855652,3.170766592025757,11.453603744506836,1,0.0183680076152086,-0.000979158328846,0.0005297544994391,0,-0.011497413739562,0.1569852232933044,-0.1006649434566497,0,1.2812272310256958,-4.129661083221436,6.1524529457092285,1,-0.2827314734458923,0.7037212252616882,0.393636018037796,0
0.2146846652030944,0.4047753512859344,15.93437957763672,0.0153258461505174,-0.0096192760393023,0.0097985649481415,0,0.0027857264503836,0.0017585987225174,-0.0057880859822034,0,0.1262784004211425,0.1841190457344055,0.5966541767120361,1,-0.0016970582073554,0.0053218561224639,-0.0265405289828777,0,0.0140095669776201,0.0191819109022617,-0.1224031820893287,0,0.3595150411128998,-0.4785718321800232,10.094406127929688,1,0.0052079102024436,-0.0034258922096341,-0.0095169628039002,0,0.0049208891578018,-0.0066973851062357,0.0113128665834665,0,-0.3116616606712341,0.6927083134651184,5.3864569664001465,1
0.6862704753875732,0.2256510108709335,9.25657844543457,0.0897330716252327,-0.0514015592634677,0.2056115418672561,0,-0.1417422294616699,0.5859661102294922,1.713493824005127,1,0.001858678064309,-0.0016114856116473,0.0119543997570872,0,0.0692285373806953,-0.0517374165356159,0.0721989646553993,0,0.4059767723083496,-0.0437760986387729,3.040177822113037,1,0.0087946392595767,0.0047426391392946,0.0092691965401172,0,-0.010555038228631,0.0513923913240432,-0.0994821339845657,0,0.2476408630609512,-0.2580824196338653,4.352384090423584,1,0.0153352031484246,-0.0098411832004785,-0.0490294694900512,0
-0.2135522812604904,-0.323880136013031,13.07536506652832,-0.005244533997029,-0.0003497583966236,-0.0060745100490748,0,-0.0056022671051323,1.8519069271860644e-05,-0.0127379661425948,0,-2.632652997970581,-1.622594118118286,6.719603538513184,1,-0.0002314637386007,-0.0010827132500708,-0.0200403649359941,0,0.2498108893632888,0.5559495091438293,0.0587255284190177,0,-0.6913884878158569,-0.8184340596199036,1.349748134613037,1,0.0037921350449323,-0.0005255063879303,-0.0123216323554515,0,2.865067481994629,1.5666108131408691,5.00511646270752,1,0.0028972106520086,-0.0034729924518615,-0.006653793156147,0
0.9980393052101136,-0.8522583246231079,11.068851470947266,-0.0069462759420275,0.0146539965644478,0.0117491967976093,0,-1.4068938493728638,-0.7709876298904419,5.352555274963379,1,-0.00497313356027,0.000151617656229,-0.0098868943750858,0,1.0124202966690063,0.0878428742289543,1.1575154066085815,1,-0.7118768692016602,-0.3202506601810455,1.7942057847976685,1,0.0168399177491664,0.0088702989742159,-0.0085551235824823,0,2.094045400619507,0.129504770040512,2.7348673343658447,1,0.0006277139182202,-0.0069682304747402,0.0296493992209434,0,0.0047962595708668,0.004924664273858,0.0067507741041481,0
1.793057203292847,-0.5913218259811401,15.020604133605955,0.6021801829338074,0.0291141960769891,0.3378801047801971,0,-1.0826988220214844,-0.9552823305130004,6.32908296585083,1,0.0035354481078684,0.0010258505353704,0.0356198251247406,0,1.9187949895858765,0.0563715398311615,2.219783306121826,1,-0.4355772137641907,0.1323402225971222,2.687370777130127,1,-0.0086072925478219,0.0021380551625043,0.0043819830752909,0,0.9866102933883668,0.2327211201190948,2.513819932937622,1,-0.1912057250738144,-0.0794240087270736,0.9244959354400636,1,2.529914490878582e-05,-0.0103264767676591,-0.0318305678665638,0
2.911832332611084,0.4883203208446502,10.341912269592283,-0.0009169731056317,-0.0008894726051948,-0.013933015987277,0,1.97977352142334,0.179111361503601,1.243584156036377,1,-0.2814229130744934,0.0659841373562812,0.5054457187652588,1,0.0037105560768395,-0.0004757828428409,-0.0109697477892041,0,2.725275754928589,-0.2424999177455902,2.6734585762023926,1,-0.500800371170044,0.3185695707798004,1.8409171104431152,1,0.0044068791903555,-0.0099299242720007,-0.0147982537746429,0,0.8846088647842407,-0.6847139000892639,1.7362576723098757,1,-1.902803421020508,0.8631642460823059,2.3819499015808105,1
0.7828682065010071,-0.3635808229446411,4.949451923370361,0.1074273884296417,0.0605328306555748,0.4605591595172882,0,-0.2940110862255096,-0.2698124349117279,1.2630268335342407,1,0.0037230586167424,-0.0035795893054455,0.0109030166640877,0,0.8011247515678406,-0.1348923444747924,2.00492000579834,1,-0.1551301479339599,-0.0394785404205322,0.5398838520050049,1,0.010832549072802,-0.0126152420416474,0.014146676287055,0,0.3090685904026031,0.0470627136528492,0.5936323404312134,1,-0.0007449291297234,-0.0187891293317079,0.047986950725317,0,0.0005780992796644,0.0079908994957804,0.0143930371850728,0
-3.648332118988037,-1.5633429288864136,2.746722221374512,-0.0363649241626262,-0.0149532342329621,0.0536489076912403,0,-4.517495632171631,-1.9164130687713623,0.6631932258605957,1,-0.0015677800402045,0.0028318834956735,-0.0603678077459335,0,0.3715642690658569,0.4210101962089538,1.4140137434005735,1,-0.2292764037847519,-0.3875360786914825,0.3588104248046875,0,0.008530493825674,0.0075763659551739,0.0086309509351849,0,0.7520515322685242,0.3536677062511444,0.2119872868061065,0,0.0021005652379244,-0.019992422312498,0.0993466675281524,0,0.002125488827005,-0.009534197859466,-0.002541147172451,0
1.1052502393722534,-0.6044485569000244,10.13662815093994,0.2013373076915741,-0.0623073764145374,0.0438464917242527,0,-0.9326766729354858,-0.5120050311088562,2.757352590560913,1,-0.0008564874879084,-0.0192249417304992,0.2384922057390213,0,0.8164913654327393,-0.1260820031166076,0.4847847521305084,0,-0.3751490712165832,0.1459262073040008,2.184382200241089,1,-0.0131841395050287,0.1769702732563018,1.616335391998291,1,1.447637677192688,-0.1984991133213043,1.4310179948806765,1,-0.0269417818635702,0.0161517392843961,1.161558985710144,1,-0.0114079480990767,-0.0253782644867897,0.218856856226921,0
-1.6080113649368286,-2.93977952003479,14.524761199951172,0.0259063970297575,-0.0013225814327597,0.0021838329266756,0,0.7977900505065918,-2.131808996200561,2.750646114349365,1,-1.461176872253418,0.4333169758319855,3.364330291748047,1,0.0057247262448072,-0.0035982034169137,0.0037662652321159,0,0.0585340112447738,-0.3489978909492492,-0.4016026258468628,0,-0.7803494334220886,-1.204334378242493,2.512249708175659,1,0.0029076638165861,0.2126595377922058,-0.0050182132981717,0,-0.0418590009212493,0.0427774041891098,-0.0746757835149765,0,-0.2154887616634369,0.0615283623337745,6.372881889343262,1
-1.1881474256515503,-2.317444324493408,8.108475685119629,0.0099936295300722,-0.0066252844408154,-0.0328297056257724,0,0.6759315729141235,-0.2173009216785431,1.3813992738723757,1,-2.759162425994873,-2.4789280891418457,4.963536739349365,1,-0.0024226519744843,0.0025524054653942,-0.0044500459916889,0,0.9561318159103394,0.3587808012962341,1.2718307971954346,1,-0.1078176125884056,0.0208532642573118,0.5373823046684265,1,0.000105266663013,-0.0031746299937367,-0.0119980974122881,0,0.0335541069507598,-0.0071952752768993,-0.028297770768404,0,0.0055388179607689,0.0135932508856058,0.0319021828472614,0
-0.3542617559432983,0.4970634579658508,6.897438049316406,0.0172723662108182,0.0060829129070043,-0.0082721263170242,0,-0.537364661693573,0.2955994009971618,0.9404469728469848,1,0.0005712673882953,-0.0175359081476926,0.0219811704009771,0,0.3620091378688812,0.2890573740005493,2.589163064956665,1,-0.0073225256055593,0.0137885035946965,-0.0093502728268504,0,0.0070417146198451,-0.0041650044731795,0.0141897974535822,0,-0.1936062127351761,-0.1203935965895652,3.353935956954956,1,-0.0040608518756926,0.0624770000576972,-0.0225834734737873,0,0.0011980501003563,-0.0278473030775785,0.0179268959909677,0
-1.1498897075653076,-1.4276866912841797,19.28137588500977,-0.0243000984191894,0.0075208535417914,-0.0092844376340508,0,-0.0069978302344679,0.0122674498707056,-0.0037804811727255,0,-0.3003807663917541,-0.6604986786842346,8.438955307006836,1,-0.0053644445724785,0.0085468748584389,-0.0068489322438836,0,0.4941458106040954,0.4649661183357239,0.9444494247436525,1,-0.6823635101318359,-0.6333505511283875,1.6889907121658323,1,-0.0140465144068002,0.0039687352254986,0.0204593148082494,0,-0.6086545586585999,-0.6380725502967834,8.21934986114502,1,-0.0019279039697721,0.006965079344809,-0.0109143611043691,0
0.1431359946727752,-0.050869483500719,8.757153511047363,0.0139348171651363,0.0026323529891669,-0.0382723025977611,0,0.1973174214363098,0.2074427157640457,0.6860447525978088,1,-0.4267788231372833,-0.1077442392706871,0.9721739292144777,1,0.003281736979261,-0.0001224722509505,0.0245612431317567,0,0.5939461588859558,-0.2243401855230331,5.261401176452637,1,-0.1220721676945686,-0.0426664091646671,0.1433520317077636,0,-0.0049046515487134,0.0053871045820415,-0.0057984865270555,0,-0.112687163054943,0.1138631924986839,1.7146821022033691,1,0.0010986619163304,-0.0053215282969176,-0.0009906861232593,0
1.7557671070098877,0.3243521749973297,17.035737991333008,0.0237539540976285,0.0009885532781481,-0.0437449216842651,0,-0.0059460527263581,0.0143175013363361,-0.0330091603100299,0,-1.545366644859314,-1.4553686380386353,2.8440890312194824,1,0.0054307589307427,0.0059398198500275,-0.0123281311243772,0,3.5884079933166504,2.554782629013061,9.28858757019043,1,0.0019600361119955,-0.0094456570222973,-0.0105394693091511,0,0.1975692063570022,0.1561271101236343,0.1208792552351951,0,-0.5104047060012817,-0.9571471214294434,4.876772403717041,1,0.0003627555270213,0.0141580468043684,0.0050307153724133,0
0.8593617677688599,0.5715358257293701,12.071855545043944,-0.0237404014915227,0.012334669008851,0.0364643521606922,0,0.89441978931427,0.3492834866046905,1.5476555824279783,1,-0.2505016922950744,-0.0459367521107196,0.5250570774078369,1,0.0101102702319622,-0.0232026390731334,0.7319509983062744,1,1.4141072034835815,0.6547948718070984,3.0347938537597656,1,-0.7655365467071533,-0.0950959771871566,2.944796323776245,1,-0.0044063213281333,-0.0007770498632453,-0.0110655575990676,0,0.8386463522911072,0.0151019236072897,1.4871333837509155,1,-1.2537368535995483,-0.2949666082859039,1.775068998336792,1
0.2542654573917389,-1.0539928674697876,10.99999713897705,-0.0700947493314743,-0.1338346302509308,3.542375087738037,1,0.002128887688741,-0.0254785157740116,0.0280130952596664,0,-0.001055623171851,-0.0163794811815023,0.0134797412902116,0,0.2520335614681244,-0.855364203453064,5.705204486846924,1,-0.0029196550603955,0.0079555893316864,0.0028867027722299,0,0.0010823844932019,0.0043020350858569,-0.0096315685659646,0,0.1001958772540092,-0.0483042821288108,1.7768921852111816,1,-0.0032859488856047,-0.0004017351602669,-0.0379752852022647,0,-0.0238192677497863,0.0135124437510967,-0.0212470199912786,0
-1.3314117193222046,4.351414680480957,17.80683708190918,-0.0826561078429222,-0.0147594762966036,0.0150653375312685,0,0.0018031008075922,0.0099250823259353,0.0143546611070632,0,0.0038093153852969,-0.0096522187814116,-0.0043711904436349,0,-1.943167209625244,4.300303936004639,8.144949913024902,1,-0.0272163394838571,-0.0555654875934124,0.1892527490854263,0,0.0046282298862934,-0.0007283731829375,-0.0068105859681963,0,1.3791757822036743,-0.9237819314002992,8.464211463928223,1,-0.69240403175354,1.0740946531295776,1.009499430656433,1,0.0246157627552747,-0.0284212511032819,-0.0193161983042955,0
0.1665001809597015,-0.0746999680995941,6.473846435546875,-0.0008626888738945,0.0026737966109067,-0.0083209667354822,0,0.1746657639741897,0.1142086312174797,1.5833797454833984,1,0.0027937481645494,-0.0033703243825584,-0.0413409397006034,0,0.0055472226813435,-0.0031393223907798,0.04780038818717,0,0.1017859503626823,0.0242124050855636,2.1692311763763428,1,-0.0007684837910346,0.0133917974308133,-0.031063413247466,0,0.0028911407571285,-0.0001088219651137,-0.0037599012721329,0,-0.1226288303732872,-0.224341869354248,2.7546591758728027,1,0.0030763403046876,0.0017737449379637,0.0032606844324618,0
0.3764177858829498,-0.0744201317429542,7.292579174041748,0.4728240370750427,-0.4837182164192199,0.5462391376495361,1,0.0190680976957082,0.1188139542937278,0.4703871309757232,0,0.0063715814612805,0.0086154779419302,-0.0176913049072027,0,-0.0019170137820765,0.0048313038423657,-0.0357888340950012,0,-0.1255199760198593,0.482527494430542,5.578787803649902,1,0.0045779920183122,0.0048282891511917,-0.0290561765432357,0,-0.002797543304041,-0.0007766559137962,-0.0111740166321396,0,0.0096259489655494,-0.2026873677968979,0.8076858520507812,1,-0.0058153192512691,-0.0068544200621545,-0.016810605302453,0
-1.0603450536727903,0.4182679653167724,4.307322025299072,0.0469222404062747,-0.0156716667115688,0.0428628660738468,0,-2.412340879440308,-0.3965085744857788,0.9380370378494264,1,0.0037419684231281,0.0095267100259661,-0.0388690270483493,0,0.6100367307662964,0.1220801472663879,1.8826380968093872,1,-0.5136209726333618,-0.2915562689304352,0.386134535074234,0,0.0156391598284244,0.0027000482659786,0.0084444852545857,0,1.221055030822754,0.983535885810852,1.1139142513275146,1,-0.0297259967774152,0.0202692355960607,-0.0463900789618492,0,-0.002052241936326,-0.0161075312644243,0.0205498896539211,0
-0.240925058722496,1.965826153755188,10.105578422546388,0.3043366074562073,0.1296232640743255,1.0019530057907104,1,0.0247368458658456,1.1922919750213623,1.1275670528411863,1,-0.0014569170307368,0.0049559855833649,-0.0175931770354509,0,0.7259883880615234,-0.1549016237258911,2.151679515838623,1,-0.100282959640026,0.383195698261261,3.28853178024292,1,0.0093037784099578,0.0056407717056572,-0.0022797270212322,0,0.0128774661570787,-0.0488925203680992,0.1564791947603225,0,-1.208210825920105,0.4338121712207794,2.4091601371765137,1,-0.0082174455747008,0.0201004482805728,-0.0099193044006824,0
0.5660203695297241,1.5220273733139038,7.496890544891357,0.2141481339931488,0.6676691174507141,4.292886257171631,1,-0.0028380600269883,-0.0018262864323332,-0.0381310135126113,0,-0.0014873533509671,-0.0054854373447597,0.016710627824068,0,0.691363513469696,0.0169870890676975,0.8847620487213135,1,0.004275512881577,-0.0030998978763818,-0.0324549227952957,0,0.0063593662343919,-0.0001669350313022,-0.016942786052823,0,0.0019309882773086,0.0057147294282913,0.0117738265544176,0,-0.3467710614204407,0.8509460091590881,2.3976404666900635,1,-0.000960656965617,-0.0087110325694084,-0.019354373216629,0
2.3637070655822754,-0.1024354249238967,24.395252227783203,0.5388807058334351,-0.5906428098678589,1.8894168138504028,1,-0.0053791962563991,0.0768191516399383,-0.0957308933138847,0,0.0058508161455392,-0.0306824408471584,-0.0318581312894821,0,0.0012172970455139,0.0098987091332674,-0.0229316521435976,0,-0.0972184762358665,2.379799127578736,12.107728958129885,1,0.0130666168406605,0.0075549823231995,0.0032806769013404,0,-0.0025834525004029,0.1410149782896042,-0.0886120647192001,0,1.8835002183914185,-2.154628276824951,10.672760009765623,1,0.0263724159449338,0.0584311969578266,-0.0388029031455516,0
1.0281416177749634,0.2519970536231994,16.970369338989258,-0.319080114364624,0.3743600249290466,2.7039077281951904,1,-0.0013998169451951,0.0061907819472253,-0.0046049943193793,0,-0.0016395219136029,-0.0187429245561361,-0.0110600311309099,0,0.629936158657074,-0.2930962741374969,11.322532653808594,1,0.0068925735540688,0.017625369131565,-0.0498527586460113,0,-0.0162045322358608,-0.0134737966582179,0.0249028950929641,0,1.0317200422286987,-0.2135281562805175,1.846232295036316,1,-0.3083292841911316,0.3865679204463959,1.122717022895813,1,0.0062461816705763,0.0060940966941416,0.0155917117372155,0
1.7631269693374634,3.366251230239868,10.819600105285645,0.0258840732276439,-0.0021297167986631,0.0145031670108437,0,0.8456353545188904,2.622326135635376,4.488478183746338,1,-0.0014577209949493,0.0206987410783767,-0.0064688376151025,0,0.5837067365646362,-0.0063171559013426,0.468901515007019,0,0.0047361501492559,0.1551880985498428,5.124975204467773,1,0.0035807476378977,-0.0035180209670215,0.0135031370446085,0,0.54527747631073,0.4952726662158966,0.6303247809410095,1,-0.2159270048141479,0.0940459370613098,0.110907144844532,0,-0.0283088255673646,-0.0093152243643999,-0.0255244355648756,0
-0.0706249922513961,-2.03311538696289,20.366775512695312,0.0816562324762344,-1.2643922567367554,5.41369104385376,1,-0.0470001958310604,0.1769660115242004,-0.0364175587892532,0,0.0031967505346983,0.0017330684931948,-0.0507395006716251,0,0.2909053266048431,-0.4216251969337463,1.045506715774536,1,-0.315567672252655,0.1965798884630203,4.901499271392822,1,0.0052814483642578,-0.0131673729047179,-0.0299481526017189,0,-0.0097108809277415,-0.1384960860013961,-0.1287865787744522,0,-0.1192475333809852,-0.5885248780250549,9.27064323425293,1,0.0398615188896656,0.0178112555295228,-0.0186722707003355,0
-0.2199914455413818,-0.914484679698944,10.772047996520996,-0.3858475089073181,0.2104069888591766,-0.9529606103897096,0,1.382590413093567,-1.484100103378296,3.564184665679932,1,-1.505521535873413,0.4141003489494324,2.1439242362976074,1,0.0094699515029788,0.0003985193325206,0.0136477267369627,0,0.4596381485462188,0.4403586983680725,4.20784330368042,1,-0.0881599262356758,0.0233629513531923,0.2617696225643158,0,0.0085763977840542,-0.0039197234436869,0.0496175661683082,0,-0.1052501052618026,-0.5135906338691711,1.4669793844223022,1,0.0045126969926059,-0.0015017550904303,0.017043137922883,0
0.3888085484504699,1.8474797010421755,6.226840496063232,-0.0458936020731925,0.5545904040336609,1.1714476346969604,1,0.0110221430659294,-0.0112433051690459,0.0023402741644531,0,0.0036573477555066,0.009764845483005,-0.0056181354448199,0,0.201702281832695,1.1111712455749512,4.453177452087402,1,-0.0271611120551824,0.0101192453876137,0.1155543178319931,0,-0.0070732706226408,0.0082262884825468,-0.0144143449142575,0,0.2403482347726822,0.1452664732933044,0.4887728691101074,0,0.0092251738533377,0.0116485469043254,0.0119030233472585,0,0.0029813249129801,0.0079360203817486,0.003677281551063,0
0.3647495806217193,-0.9709954261779784,7.037420749664307,-0.0078285029157996,0.0017513992497697,0.0103349369019269,0,-0.5822916030883789,-0.9592494964599608,4.811921119689941,1,0.0072315908037126,0.0050836135633289,-0.0490918643772602,0,0.6837982535362244,0.0943668410181999,0.96996808052063,1,-0.1202199310064315,-0.1762803792953491,0.6096397638320923,1,0.0215887837111949,-0.0056605031713843,-0.0253518112003803,0,0.3905359208583832,0.0587679333984851,0.6873877048492432,1,-0.0342550538480281,0.0088743334636092,0.0185632333159446,0,0.0061900783330202,0.0013508255360648,0.0040498743765056,0
0.9367319345474244,-0.4019079804420471,15.702792167663574,0.0015867953188717,0.0028860080055892,-0.0046128784306347,0,0.0911173000931739,0.1160905063152313,-0.0256503652781248,0,-0.0284642670303583,-0.032626312226057,0.0770065039396286,0,0.0007422046619467,0.0031152016017585,-0.0442005656659603,0,1.3865622282028198,0.4049972593784332,12.73807144165039,1,0.0107452599331736,0.0022938479669392,-0.0592222474515438,0,-0.0058691073209047,-0.001675546169281,0.0175409857183694,0,-0.5164044499397278,-0.88506019115448,3.045007705688477,1,-0.0032840168569236,-0.011928766965866,-0.0411483719944953,0
0.0501700229942798,-0.3157738745212555,7.555065631866455,0.0907165557146072,-0.0291691925376653,0.0946432575583458,0,-0.0097982874140143,-0.0104158967733383,-0.0292194932699203,0,-0.0012831918429583,0.0066481120884418,-0.0037088592071086,0,-0.0036091799847781,0.0009902691235765,-0.0320949368178844,0,-0.3736787140369415,0.1711246371269226,2.718300104141236,1,-0.0079390034079551,-0.0028441182803362,0.0074572903104126,0,0.0010973365278914,-0.0049159154295921,-0.0153542524203658,0,0.3532305657863617,-0.4560736417770386,4.816651344299316,1,0.0014339268673211,0.0088818948715925,-0.0016087407711893,0
-1.058666110038757,5.6513752937316895,17.479618072509766,-0.0220221225172281,0.0049089649692177,-0.015692800283432,0,-0.046979259699583,0.1400134712457656,-0.0971565097570419,0,-1.4018102884292605,5.712462902069092,9.136341094970703,1,-0.0049035334959626,0.0116086276248097,-0.0162231996655464,0,0.6642576456069946,0.1032574772834777,3.795911312103272,1,-0.3254255652427673,-0.1871461421251297,1.2599472999572754,1,-0.0107974661514163,0.1807279288768768,-0.0284123849123716,0,0.0837811529636383,-0.3149751424789428,3.514866590499878,1,0.0052334950305521,0.0005173393874429,-0.0699639916419982,0
0.5972691178321838,-0.2010549008846283,17.19131851196289,0.0086853262037038,0.0016358576249331,-0.0307577177882194,0,0.7700971961021423,1.3351017236709597,3.663813829421997,1,0.0011549388291314,0.0042072338983416,0.0187078732997179,0,0.0038896622136235,0.0007795304991304,0.0437968075275421,0,-0.6066653728485107,-1.564308524131775,9.508387565612791,1,0.0096041169017553,0.0110062770545482,-0.042205587029457,0,0.4054913818836212,0.0069886087439954,4.090852737426758,1,0.0078914109617471,0.0024504605680704,-0.051845733076334,0,-0.0028796019032597,0.0010838728630915,-0.009431772865355,0
2.025865077972412,-1.515575647354126,16.25623893737793,0.9857461452484132,1.100963115692139,3.289466619491577,1,-0.0072828489355742,-0.0089578600600361,0.0015809790929779,0,0.0018165175570175,-0.0061946702189743,0.0261940136551857,0,1.0156837701797483,-2.651204824447632,12.261190414428713,1,0.0272492319345474,0.1185360178351402,0.4996388554573059,0,0.011957905255258,0.0338861383497715,0.1304966062307357,0,0.0003790805640164,-0.0683463290333747,0.0227860994637012,0,-0.0087697906419634,0.002492630854249,0.0432977676391601,0,-0.000915091834031,-0.0367497839033603,-0.0184112694114446,0
1.9586328268051147,0.0494063049554824,12.2197904586792,0.0234320443123579,-0.017370568588376,-0.0343574844300746,0,0.2961790263652801,0.2571623027324676,0.7847832441329956,1,-2.1266348361968994,-0.9307313561439514,3.0374767780303955,1,0.0090704038739204,-0.0098342755809426,0.0267367586493492,0,2.262761354446411,1.205609679222107,3.1575522422790527,1,-0.344875156879425,-0.4055102169513702,1.6741602420806885,1,-0.006865098606795,-0.0073317913338541,-0.0074522304348647,0,1.8699856996536253,-0.0516960471868515,3.5280792713165283,1,-0.0244205724447965,0.0091085731983184,0.0528113171458244,0
-5.645150661468506,-5.257900238037109,13.425066947937012,-0.0232710540294647,-0.0126194199547171,0.0022684501018375,0,0.8702415227890015,-0.2145636975765228,1.5385868549346924,1,-1.6138319969177246,0.4546647071838379,1.2362220287322998,1,0.0322752781212329,0.02889802493155,0.4661030769348144,0,0.8100890517234802,0.1944308578968048,2.8608298301696777,1,-1.3498643636703491,0.2454366683959961,3.680894374847412,1,0.0069789299741387,-0.0006527715013362,0.0430711917579174,0,0.4963070452213287,-0.3261242210865021,0.9719732403755188,1,-4.874074935913086,-5.627370357513428,2.6251182556152344,1
0.5144617557525635,0.1909195184707641,5.955471992492676,-0.0159419104456901,-0.0088272988796234,0.0287415962666273,0,0.7278851866722107,0.0398555099964141,4.43096399307251,1,0.0016432300908491,0.0150447022169828,0.0376566052436828,0,0.0052422774024307,-0.0033182746265083,0.0057576489634811,0,-0.3546617031097412,-0.3862417638301849,0.1749684065580368,0,0.0082765519618988,-0.0008309261174872,0.0094310855492949,0,0.1717757880687713,0.4541768431663513,1.2504154443740845,1,-0.0444639101624488,0.1081042513251304,-0.0293073914945125,0,0.0147062363103032,-0.0270435474812984,0.0468451604247093,0
0.976800501346588,0.8095676898956299,13.80263328552246,-0.4612069129943847,0.4987941086292267,4.1499786376953125,1,0.0043297680094838,-0.0171108450740575,0.0269765201956033,0,-0.0107345096766948,-0.0108733484521508,0.0600297637283802,0,1.1281814575195312,-0.178128033876419,2.7680461406707764,1,-0.1976221203804016,0.1137495562434196,0.4566825032234192,0,-0.0058317529037594,-0.0101385032758116,0.0109281912446022,0,0.0060415216721594,-0.0008309941040351,-0.0164012033492326,0,0.510880172252655,0.4088321030139923,6.314260959625244,1,0.0027628582902252,0.0052737114019691,0.0321312732994556,0
-2.138965368270874,3.917658090591431,11.769872665405272,-0.0449926070868968,0.003809388494119,-0.0010975907789543,0,0.148947075009346,0.0765678882598877,0.1599998027086258,0,-3.1487460136413574,3.6378633975982666,6.306425094604492,1,0.003115682862699,-0.0076448391191661,0.0055341618135571,0,0.5150702595710754,0.3536080718040466,1.6849652528762815,1,-0.1930412501096725,-0.1020110696554184,1.7203989028930664,1,-0.0017809893470257,0.1206631660461425,-0.0455259121954441,0,0.8563768863677979,0.1367144137620926,0.7548526525497437,1,-0.2739142477512359,-0.3019126057624817,1.1843206882476809,1
0.58451908826828,-1.20727801322937,7.538895606994629,-0.032645508646965,0.0032026898115873,-0.029230248183012,0,0.4554548263549804,0.363241046667099,2.611233711242676,1,0.0094668334349989,0.0236451607197523,0.0258911456912755,0,-0.0035448586568236,0.0040003140456974,-0.0059407572261989,0,-0.0779082551598548,-1.6382566690444946,3.4871134757995605,1,0.011014093644917,0.0113960914313793,0.0006925726193003,0,0.2500365972518921,0.1479283720254898,1.4754571914672852,1,-0.028808619827032,-0.1535796374082565,-0.0304608773440122,0,0.0014539578696712,0.031144568696618,0.0041393772698938,0
2.078265905380249,5.435375690460205,19.44563674926757,-0.0024825858417898,-0.004775880370289,-0.0061927433125674,0,0.5180596709251404,1.5155174732208252,8.602728843688965,1,0.0736013576388359,-0.0196827817708253,0.5683180093765259,1,0.3537967801094055,0.1524112820625305,0.5639961361885071,1,-0.4490437507629394,-0.2638973891735077,6.516205787658691,1,0.2267667800188064,0.1182328537106514,2.9601943492889404,1,1.239010453224182,4.157497406005859,-1.4097704887390137,0,0.0318196043372154,-0.2376263588666916,1.1500369310379028,1,0.0867376029491424,0.0176990814507007,0.5001208186149597,1
-0.3627689480781555,-0.8273451924324036,13.13845157623291,-0.0065373517572879,0.0004092853050678,0.0003758301318157,0,0.6114923357963562,0.1846601068973541,1.0750657320022583,1,-1.655077338218689,-1.2080328464508057,2.8876869678497314,1,-0.0039187357760965,0.0007845875225029,-0.043003212660551,0,1.5373525619506836,0.0894723609089851,3.293205738067627,1,-0.4306801259517669,-0.1239527687430381,2.185032844543457,1,0.0011425508419051,-0.0030576155986636,-0.002900366904214,0,0.5109066963195801,0.1368511766195297,1.3258976936340332,1,-0.9274494647979736,0.095520444214344,2.417090654373169,1
0.4138807654380798,-0.2859625816345215,8.92531967163086,0.2160594761371612,-0.1918067783117294,1.896101236343384,1,0.0494029447436332,0.0053319898433983,0.0058106929063797,0,0.0008818298229016,0.0033218101598322,0.0038895835168659,0,0.2268546670675277,-0.1290732026100158,0.7850744724273682,1,0.0578917004168033,0.2038500905036926,2.1223340034484863,1,0.0021329803857952,0.0080093052238225,0.0063604470342397,0,-0.0038683318998664,-0.0488372445106506,-0.0612851455807685,0,-0.1439672261476516,-0.1346402466297149,4.234376430511475,1,0.0084927044808864,-0.0021183111239224,-0.0673426389694213,0
1.371786117553711,-0.7189785838127136,9.640473365783691,0.0121003817766904,-0.0150200547650456,0.0085215829312801,0,0.6266451478004456,-0.6118676066398621,4.272269248962402,1,-0.0014366360846906,0.0022283685393631,0.0017180055147036,0,-0.0064064306207001,-0.0008185891201719,0.0018156693549826,0,0.7035576701164246,-0.1251870393753051,5.354200839996338,1,0.013591868802905,0.0046956790611147,0.0157391130924224,0,0.0037809421773999,0.0369505137205123,0.0077934339642524,0,0.0110536040738224,-0.0291928220540285,0.0020358159672468,0,0.0088995601981878,0.0192329753190279,-0.0236204508692026,0
2.614843845367432,2.907230854034424,18.91687774658203,-0.01556998770684,0.0223036538809537,0.0271996669471263,0,-0.0054141553118824,-0.0040775714442133,-0.0114830946549773,0,1.2805715799331665,1.7340850830078125,4.805333614349365,1,-0.0034841743763536,0.0003912639513146,0.0350130870938301,0,-0.000589529343415,0.0668318048119545,-0.1559629589319229,0,-1.0753276348114014,-1.3416045904159546,9.12816333770752,1,-0.0166201815009117,0.002289290074259,0.0169208720326423,0,2.4531359672546387,2.4161245822906494,5.070013523101807,1,-0.0018581044860184,0.0108874188736081,0.0016778664430603,0
1.468766689300537,-0.7893069982528687,11.947402000427246,0.5656859874725342,-0.0358831919729709,0.4424991607666015,0,-1.044597864151001,-0.6577752232551575,5.088157653808594,1,0.0015070020454004,-0.0061390935443341,-0.0138732055202126,0,1.4444780349731443,0.0979948416352272,0.8511260747909546,1,-0.2434942573308944,-0.1244494616985321,2.0629987716674805,1,0.0002389507571933,0.0026975928340107,-0.024295438081026,0,1.10886549949646,0.0279723424464464,0.910869598388672,1,-0.3570684194564819,-0.0985375195741653,2.6323068141937256,1,-0.006848223041743,0.0048126578330993,-0.0023871168959885,0
1.2614868879318235,0.991025447845459,12.378719329833984,0.0150549449026584,-0.007797953672707,-0.0041768345981836,0,0.6123154759407043,1.5168391466140747,7.713613033294678,1,0.0086658066138625,-0.0100690778344869,-0.060045201331377,0,0.0048988121561706,0.0019492666469886,-0.0052961613982915,0,0.712308943271637,-2.016611099243164,-0.4907080233097076,0,0.0369638539850711,0.1629712432622909,-0.1153065860271453,0,0.0022704114671796,0.0628361403942108,0.0005807861452922,0,0.0087656248360872,-0.0387855283915996,0.0440867096185684,0,-0.1397569179534912,1.3196933269500732,5.295970916748047,1
0.4687817394733429,-0.2810107171535492,11.430989265441896,0.004364782012999,-0.0002182603784603,-0.0190412458032369,0,-0.0010885648662224,-0.0101609826087951,-0.0207848045974969,0,0.4660106897354126,0.2089960277080536,6.035310745239258,1,-0.0034973928704857,0.0033394657075405,-0.0452616289258003,0,0.0076354476623237,-0.0029826960526406,-0.0833323746919632,0,-0.7047504186630249,-0.7880114316940308,2.1022024154663086,1,-0.0017628845525905,-0.0048157856799662,-0.0022708070464432,0,0.707051157951355,0.325417548418045,3.514611005783081,1,-0.0051810899749398,-0.0125746168196201,-0.0504435896873474,0
0.6520532369613647,-0.8349168300628662,18.11677932739257,0.1144992709159851,0.5720007419586182,-1.1395353078842163,0,-0.2531545460224151,1.9576125144958496,5.5433430671691895,1,0.0008967629983089,-0.0017224509501829,-0.0178688075393438,0,0.0075617572292685,-0.0158523079007864,0.0113046318292617,0,0.3236140012741089,-2.0395216941833496,10.427903175354004,1,0.0201487466692924,0.0114999115467071,0.043438896536827,0,0.0070995078422129,-0.1848519444465637,0.0183428097516298,0,0.5990148186683655,-1.3863478899002075,2.6178715229034424,1,-0.1676271259784698,0.2522660493850708,0.6119791865348816,1
0.2880841493606567,0.1573090553283691,9.79926300048828,0.0070428354665637,0.0106292199343442,-0.0145508795976638,0,0.1426679193973541,-0.0776922926306724,-0.0286582019180059,0,-1.3357717990875244,1.3100917339324951,5.3951029777526855,1,-0.0056879515759646,0.0058650905266404,-0.0321130864322185,0,0.3913778960704803,-0.0103438049554824,0.4411800503730774,0,-0.1926586478948593,-0.5835118889808655,1.3518731594085691,1,-0.0090265665203332,-0.0242521483451128,-0.0339244753122329,0,1.472776174545288,-0.2185904085636139,0.8958901762962341,1,-0.1826357990503311,-0.2548864185810089,1.824462890625,1
2.419189929962158,0.8977444171905518,15.860766410827637,0.0097716180607676,0.0048569771461188,0.0027836684603244,0,0.8788540959358215,0.7055323123931885,3.837559700012207,1,0.0029583389405161,-0.0061450232751667,-0.0244630668312311,0,0.0064864023588597,0.0037679662927985,-0.0106676733121275,0,1.213247299194336,1.0175060033798218,7.769448757171631,1,0.014666668139398,0.0061159408651292,0.0096178073436021,0,0.0071742692962288,-0.1549310386180877,-0.0051181530579924,0,0.3069707155227661,-0.7189728021621704,4.295914649963379,1,-0.0209392346441745,0.0400141216814518,-0.0143091017380356,0
1.7585333585739136,3.509218215942383,15.195480346679688,-0.0143004450947046,-0.0095530422404408,0.0284365452826023,0,0.0208537131547927,0.9544716477394104,6.702392101287842,1,-0.0130033502355217,-0.0176115855574607,-0.0437400788068771,0,0.998868763446808,0.1744502335786819,1.689008116722107,1,-0.20436592400074,0.0001704019086901,3.85287356376648,1,0.0094159273430705,-0.0026975851505994,0.025787791237235,0,0.9518879652023317,2.394415140151977,2.972733497619629,1,-0.0014928119489923,-0.0124021200463175,-0.0237102042883634,0,0.0106695238500833,0.0279750544577837,-0.0083006313070654,0
1.5426573753356934,-0.6002258658409119,8.663198471069336,0.6439968943595886,-0.0649746358394622,0.4264664947986603,0,-0.513190746307373,-0.3150785863399505,2.8318967819213867,1,0.0036074754316359,-0.003116053994745,-0.0135524533689022,0,1.227901816368103,-0.1611978858709335,0.483237087726593,0,-0.8976240158081055,0.0680817887187004,2.352403402328491,1,-0.0102067440748214,-0.0172826461493968,0.03556514903903,0,1.5825564861297607,-0.0372072607278823,0.966994047164917,1,-0.4880959689617157,-0.0703000798821449,1.577023983001709,1,-0.0062878420576453,0.0008495114743709,0.0031640056986361,0
-0.152591198682785,0.0998132303357124,5.331576824188232,0.4238940179347992,-0.4142738878726959,2.932015180587769,1,0.0673665329813957,0.2691560983657837,-0.0008422640385106,0,0.0211775191128253,-0.0024430975317955,0.0610492117702961,0,0.1934503316879272,-0.0529604330658912,0.208175927400589,0,-0.0575959831476211,0.049803577363491,0.3938485085964203,0,-0.0070247570984065,0.0027708685956895,-0.0018476400291547,0,0.0091505125164985,0.0649463310837745,-0.0774669498205185,0,-0.7843830585479736,0.1815665364265442,1.803849697113037,1,-0.0186263043433427,0.0012472283560782,0.0127955470234155,0
1.6477357149124146,0.395411342382431,8.863191604614258,0.0034968364052474,0.0052378568798303,-0.0132132461294531,0,1.1440311670303345,-0.0198140107095241,1.6900614500045776,1,-0.0716837346553802,0.0569142550230026,0.1740330904722213,0,0.006917624734342,-0.0019867131486535,0.0321968495845794,0,1.665442705154419,-0.0901934877038002,2.896716356277466,1,-0.3255032896995544,0.2038677632808685,1.3550852537155151,1,-0.0005078091053292,-0.0022538341581821,-0.0063852267339825,0,0.344866931438446,-0.2523709535598755,0.8475547432899475,1,-1.119324803352356,0.4960104525089264,1.887142300605774,1
0.0047993846237659,-1.017856240272522,4.969203472137451,0.0018102227477356,0.0036573391407728,-0.0071376408450305,0,-0.6620724201202393,-0.772571861743927,2.403761386871338,1,-0.0034590177237987,0.0090633062645792,0.0196068529039621,0,0.3801964521408081,-0.0731948316097259,0.272226870059967,0,-0.0011412022868171,0.0044936165213584,-0.0730157271027565,0,0.0068452809937298,0.0034683446865528,-0.0130402212962508,0,0.273025244474411,-0.2016068547964096,2.36032509803772,1,0.0041626426391303,0.0100046787410974,-0.0034153081942349,0,0.0054322038777172,-0.0011699055321514,0.0098919039592146,0
-1.8649868965148928,-0.5138151049613953,5.883167266845703,-0.0247987695038318,-0.0035635777749121,-0.0182373411953449,0,0.4682785868644714,-0.2916527986526489,0.3725070655345917,0,-1.66586172580719,0.4231737554073334,1.3923360109329224,1,0.0028199674561619,-0.0059864581562578,0.023621940985322,0,0.5314914584159851,0.0393361002206802,1.749674916267395,1,-0.9039682149887084,-0.1547294557094574,1.6002861261367798,1,0.0152907557785511,-0.0489466786384582,0.0346584357321262,0,0.350245326757431,-0.1531137526035308,0.0889402478933334,0,-0.6384842991828918,-0.3183322250843048,0.6393799781799316,1
1.190379619598389,-0.2237136960029602,10.96290397644043,0.1567335128784179,0.2429521083831787,0.6560681462287903,1,-1.90764319896698,-0.972445785999298,4.34440803527832,1,-0.0015514489496126,-0.0020210756920278,-0.0205216761678457,0,1.8577256202697756,0.6401398181915283,2.2940030097961426,1,-0.3456553816795349,-0.2989399433135986,1.5895410776138306,1,0.0124785089865326,-0.0044816774316132,-0.0016399045707657,0,1.4514342546463013,0.2170602083206176,1.8629086017608645,1,-0.043208684772253,-0.0596378408372402,0.2273148149251938,0,0.0100663695484399,0.0136604895815253,0.0108221732079982,0
0.281389057636261,2.072772026062012,13.483040809631348,-0.0060712401755154,0.0016668413300067,-0.0144498189911246,0,0.3276198208332062,2.268442392349243,4.593894481658936,1,0.0076166265644133,0.002949473215267,-0.0364110544323921,0,0.7648754119873047,1.377491474151611,3.3453288078308105,1,-0.3839357197284698,-1.4130730628967283,3.472280502319336,1,-0.0021602914202958,0.020322922617197,-0.0611299201846122,0,-0.4332685470581054,-0.1950408518314361,2.1610209941864014,1,0.0012171722482889,-0.0027999670710414,0.0191107802093029,0,0.0054957959800958,0.0128127560019493,0.0033949799835681,0
0.9868382215499878,1.520959496498108,13.394437789916992,0.5137506127357483,-0.0981172397732734,1.0435985326766968,1,-0.1506184935569763,-0.1439065039157867,0.872999370098114,1,0.0004473488370422,0.0021139117889106,-0.0453486777842044,0,1.4755810499191284,0.1004448682069778,2.4981114864349365,1,-0.3248624205589294,0.1272021830081939,1.0437346696853638,1,-0.0016611828468739,0.0030924850143492,-0.0117825316265225,0,1.3731690645217896,0.6577587127685547,4.021190643310547,1,-1.9020113945007324,0.8831211924552917,4.025393009185791,1,0.0030435505323112,-0.010750126093626,-0.0534589253365993,0
0.3842354416847229,-1.0084755420684814,11.580784797668455,-0.0141719793900847,-0.0017673573456704,0.0630447715520858,0,0.4609966278076172,-0.6999019384384155,7.47632884979248,1,-0.0068820999003946,0.0033277585171163,0.0124228661879897,0,0.0129678510129451,-0.0044607473537325,0.0896256193518638,0,0.2389752715826034,-0.2650236487388611,2.344347715377808,1,-0.0796419233083725,0.0062808822840452,0.23711958527565,0,0.0001985138951567,-0.00544876139611,-0.0046421759761869,0,0.0612092316150665,-0.0684446915984153,0.2725384533405304,0,-0.2894160151481628,0.0269628409296274,1.0899995565414429,1
7.94227123260498,-2.2603976726531982,7.372406959533691,4.988761901855469,-1.5876250267028809,0.1761878132820129,0,-0.488199383020401,-0.1179510131478309,2.1015305519104004,1,-0.00306221912615,-0.0248122699558734,-0.0611854754388332,0,2.395599842071533,-0.3113203048706054,-0.4466132223606109,0,-0.74012690782547,0.0627639144659042,2.272639036178589,1,-0.0165343414992094,0.0088949594646692,-0.0144167905673384,0,2.1053807735443115,-0.3338325917720794,0.4043188691139221,0,-0.2943940460681915,0.0444982275366783,2.945615291595459,1,-0.0051542478613555,-0.0010138259967789,-0.0056690275669097,0
2.474078893661499,0.2754952311515808,14.21006965637207,-0.0107591329142451,0.0054485173895955,0.0358984693884849,0,-0.0083821360021829,-0.0005549705820158,-0.0122290570288896,0,1.7131240367889404,0.6572022438049316,4.297953128814697,1,0.002499631140381,-0.0021802159026265,-0.0714978352189064,0,0.0005327733815647,0.010512325912714,-0.0487218387424945,0,-0.2868710458278656,-1.1743216514587402,6.94965124130249,1,-0.0046451324597001,0.0074125519022345,0.024310115724802,0,1.0701204538345337,0.7601830959320068,3.026240825653076,1,-0.0015404288424178,0.0117933303117752,0.0084651494398713,0
-0.4294418096542358,0.5473326444625854,11.459112167358398,0.5886065363883972,-0.1730803102254867,6.163171768188477,1,0.0769658833742141,-0.0659471228718757,0.0058688852004706,0,0.0007005141233094,0.0038187908940017,-0.0258120391517877,0,0.3368852436542511,-0.7172676920890808,4.093597888946533,1,0.0104448972269892,0.0132432095706462,0.0086755016818642,0,0.0003568923275452,0.0040842210873961,-0.0151206701993942,0,-0.0012524054618552,-0.1068473234772682,-0.0013310828944668,0,-1.4325007200241089,1.5363490581512451,1.2830454111099243,1,-0.0096486723050475,0.0529798232018947,-0.0529831834137439,0
1.3605096340179443,0.6250728964805603,5.46783447265625,0.0121439937502145,-0.0108276698738336,-0.0374906137585639,0,1.009478211402893,0.3527356386184692,0.4999958574771881,0,-0.0066956183873116,-0.0138381896540522,-0.0471269898116588,0,0.0043968954123556,-0.0098061030730605,0.1966295689344406,0,1.1021344661712646,0.1416528224945068,2.0966484546661377,1,-0.501844584941864,0.0649832636117935,1.4543873071670532,1,0.0027592056430876,-0.0015356597723439,-0.0001929001591634,0,0.5594214200973511,-0.0340163446962833,0.7127391695976257,1,-0.8212845325469971,0.1357250958681106,0.5922448635101318,1
2.8507273197174072,1.7122708559036257,13.045918464660645,0.0119079845026135,0.005275840871036,-0.0102119855582714,0,0.8246303796768188,0.2697418630123138,7.2846245765686035,1,0.0009896617848426,0.0047552082687616,-0.008165143430233,0,0.4335432648658752,0.3387277722358703,0.3869953155517578,0,-0.2182376533746719,-0.0945071652531623,0.9832159876823424,1,0.0062529742717742,0.0072115934453904,-0.0181277766823768,0,1.7968292236328125,1.163179874420166,4.437693119049072,1,-0.0017785602249205,0.0160558521747589,-0.0165798235684633,0,-0.0034100555349141,0.0018300071824342,0.0064735361374914,0
0.9686723351478576,0.0882202982902526,14.530158042907717,-0.0088348072022199,0.0030900835990905,-0.0177774559706449,0,0.3412531912326813,0.3762477040290832,0.560586154460907,1,-3.721703052520752,-1.5701558589935305,4.521384239196777,1,0.0036851954646408,0.0019705796148627,-0.0206067878752946,0,2.5869314670562744,1.608913779258728,3.4781503677368164,1,-0.4187643229961395,-0.4727216362953186,1.756977081298828,1,0.0041541908867657,-0.0061887037009,-0.0193488150835037,0,2.184116840362549,0.1336503028869629,4.252315044403076,1,-0.0021664316300302,0.0134140979498624,0.0184796005487442,0
-0.4433059394359588,0.9646208882331848,19.91106033325196,-0.009639611467719,0.0058275638148188,0.0234632361680269,0,-0.248521476984024,0.7122474312782288,3.772817611694336,1,0.0011611836962401,0.0045780357904732,-0.0485039800405502,0,0.0118119679391384,-0.0039600506424903,-0.0007210470503196,0,-0.4576331377029419,0.0672076418995857,11.117303848266602,1,0.0216136258095502,0.0116276135668158,-0.0487940981984138,0,0.0105280196294188,-0.0037703907582908,0.0002852202451322,0,0.2342476546764373,0.1822772026062011,5.133847236633301,1,-0.0068741301074624,-0.0114141264930367,-0.0386388823390007,0
1.6546461582183838,0.7517032623291016,11.432194709777832,0.0057105929590761,-0.0681871101260185,-0.0637800619006156,0,0.7129305601119995,4.793693542480469,3.232606172561645,1,0.0083159562200307,-0.0198774673044681,-0.0561602674424648,0,0.0027409782633185,0.0024585553910583,-0.0204472448676824,0,4.087832450866699,-6.924395084381104,5.520424842834473,1,0.0213460028171539,0.0337422303855419,0.0499204993247985,0,-0.0012904067989438,-0.0157066099345684,-0.0333706364035606,0,-0.0950770229101181,-0.0433719828724861,0.0463448129594326,0,-3.0878632068634038,2.99334716796875,2.756657600402832,1
0.1860145330429077,-0.4872859418392181,11.59615421295166,0.0017024765256792,-0.0009342280682176,-0.0044272649101912,0,-0.0089660817757248,-0.0027129482477903,-0.0054938285611569,0,0.0032497334759682,-0.0051730521954596,-0.0166848227381706,0,0.0031120146159082,0.0025386689230799,-0.0162426605820655,0,0.0216625351458787,0.2051807045936584,3.651935815811157,1,0.0099927233532071,0.011930332519114,-0.0474169291555881,0,0.0132088363170623,0.0032389871776103,-0.0079250484704971,0,0.1450402587652206,-0.6963149309158325,8.061972618103027,1,-0.0029879626818001,-0.0050394739955663,-0.0195640698075294,0
-0.284294456243515,-0.6358333230018616,6.215611934661865,-0.0051929177716374,0.0008077715174295,0.0030615178402513,0,-1.0833319425582886,-0.8282632827758789,4.769204616546631,1,-0.0083278911188244,-0.0063953502103686,-0.0366080403327941,0,0.1332984715700149,0.1069264411926269,0.0932915657758712,0,-0.171514481306076,-0.1559237837791443,0.2908212840557098,0,-0.0037171184085309,-0.000735223875381,0.0141297811642289,0,0.8198085427284241,0.2554396390914917,1.1893616914749146,1,0.0429135710000991,0.0034026110079139,-0.0815544351935386,0,-0.0082308258861303,-0.0110921058803796,-0.0260953307151794,0
1.085766077041626,-1.3631794452667236,19.248634338378903,0.0121573405340313,0.0017586285248398,-0.0248291678726673,0,-0.2170036882162094,-1.0789155960083008,11.743682861328123,1,-0.0087998053058981,-0.0097107775509357,-0.0025849011726677,0,0.4171960055828094,0.1358322650194168,0.3979915082454681,0,-0.9625281691551208,-0.685187578201294,3.7438712120056152,1,-0.0085727246478199,-0.007044892758131,0.0152603751048445,0,1.849863052368164,0.2702882289886474,3.3732948303222656,1,0.0063053746707737,0.0062040290795266,0.0053185070864856,0,-0.0028513299766927,0.0035962536931037,-0.0033709828276187,0
-0.4325110912322998,2.143455743789673,5.341166019439697,0.0120140733197331,-0.0040025496855378,-0.0275508686900138,0,0.0676982775330543,0.3872454464435577,0.4393632113933563,0,0.0014012150932103,-0.0101613951846957,-0.0489247627556324,0,0.0009220924694091,0.0038656666874885,-0.0621789656579494,0,-0.1252221763134002,1.2217955589294434,2.865344762802124,1,0.0272471103817224,-0.0021635799203068,-0.0344410873949527,0,-0.0066850613802671,0.0124336006119847,0.031941995024681,0,-0.4126569330692291,0.5335674285888672,2.169182062149048,1,0.0027703095693141,0.0008755269809626,0.0084300795570015,0
0.0668124705553054,-0.0014187805354595,0.0816460251808166,0.0125519074499607,-0.0037322144489735,-0.0414422824978828,0,0.0096209216862916,0.0008639625157229,0.0118028484284877,0,-0.0230615381151437,0.0037441023159772,0.0338899344205856,0,-0.0039190975949168,0.0050508547574281,-0.0134015073999762,0,0.027181101962924,0.0016427459195256,-0.0087872706353664,0,-0.0214350521564483,-0.0191151928156614,0.0483727976679801,0,0.0010340763255953,0.0012847896432504,-0.004053097218275,0,0.0611601322889328,-0.0086840642616152,0.0108606461435556,0,0.0036800235975533,0.0175262354314327,0.0444039553403854,0
-1.0465418100357056,1.365058422088623,10.23590087890625,1.3262275457382202,-0.530290424823761,2.6337010860443115,1,-0.0055875978432595,0.0229786802083253,-0.0015995921567082,0,0.002773096319288,-0.008744791150093,0.0044515347108244,0,0.4294831752777099,-0.5526586174964905,1.904571294784546,1,-0.1053708270192146,0.5292941927909851,2.369056701660156,1,0.004645352717489,0.0044473093003034,0.0044382521882653,0,-0.0016441983170807,0.1487289071083068,-0.0002479405666235,0,-2.707444667816162,1.7398799657821655,3.337744951248169,1,0.010376495309174,0.0114231603220105,-0.016215356066823,0
-0.4767401218414306,3.395845890045166,14.037089347839355,-0.0340663716197013,0.0045827506110072,-0.0145435631275177,0,-1.4109528064727783,2.266142606735229,3.2549729347229004,1,0.0287453904747962,-0.0620526932179927,0.2942323386669159,0,0.5508191585540771,0.0211978200823068,0.8968337774276733,1,-0.4459846913814544,0.2702900171279907,6.232922077178955,1,0.1840581595897674,0.0820858553051948,2.6067779064178467,1,0.5858399868011475,1.0954272747039795,-0.6222351789474487,0,-0.0246412958949804,-0.2769479751586914,1.1214159727096558,1,0.0894422456622123,-0.0048793801106512,0.2667132616043091,0
1.2969822883605957,0.4723213911056518,7.519187450408935,0.1482321768999099,0.161431610584259,0.2066298872232437,0,0.0073803225532174,0.0374085083603858,0.7886902093887329,1,-0.0029810450505465,-0.0157558247447013,0.14668008685112,0,0.7533326148986816,-0.0176577139645814,0.6288862228393555,1,-0.3071919977664947,0.2014774680137634,2.14885687828064,1,-0.0138512160629034,0.1651595085859298,1.5526771545410156,1,0.8051749467849731,-0.0906469747424125,0.5498724579811096,1,-0.0950495526194572,0.0392865315079689,1.2660913467407229,1,0.0019361146260052,-0.0083816796541213,0.2308027893304824,0
-1.0027496814727783,-0.5663312673568726,9.596219062805176,-0.0177261978387832,0.0092942444607615,0.0218925364315509,0,-3.287332534790039,-1.526583194732666,5.443605899810791,1,0.0005713241407647,0.0154841961339116,-0.0135035952553153,0,0.463905930519104,0.5106382369995117,0.9413384795188904,1,-0.0734118893742561,-0.075630784034729,0.0555443875491619,0,0.0148000884801149,0.0022330486681312,-0.0021117518190294,0,1.882960557937622,0.5084753632545471,3.164255142211914,1,-0.0027455948293209,-0.0046909321099519,0.0033104459289461,0,0.0162286292761564,-0.0055514299310743,-0.0181119367480278,0
0.5098499059677124,-0.7004238963127136,9.818310737609863,0.0201849024742841,0.0004063676460646,-0.0375375412404537,0,0.3614185452461242,-0.1062154993414878,6.153542518615723,1,0.0072041945531964,0.0072529586032032,-0.0149831352755427,0,0.0034950182307511,-0.0034991428256034,-0.0107447626069188,0,0.0335802175104618,-0.7214056253433228,3.761902093887329,1,0.0199055932462215,0.0041349683888256,0.0386632122099399,0,0.0139085222035646,0.023185359314084,-0.0535983555018901,0,0.0670565515756607,0.0787943452596664,0.013893992640078,0,-0.016903655603528,0.0169223379343748,-0.0328275859355926,0
0.1609690338373184,-0.3107275366783142,20.53997611999512,-0.0332095697522163,0.0105007980018854,-0.0370435342192649,0,-0.0958006009459495,0.1163221597671508,-0.027821971103549,0,-0.9565073847770692,0.32837575674057,2.729679822921753,1,0.017287790775299,-0.0038632117211818,0.0123148951679468,0,1.2097619771957395,1.1846729516983032,4.959661483764648,1,0.0287282261997461,0.0061113182455301,0.0060661495663225,0,-0.0208021141588687,-0.1060789376497268,-0.019289718940854,0,0.0007241759449243,-1.872579574584961,13.028076171875,1,0.0107864346355199,0.0258112624287605,-0.1116671189665794,0
1.144688606262207,0.5951101183891296,6.17613697052002,0.0082395821809768,0.0086594093590974,0.0262816045433282,0,0.9254458546638488,0.2993979752063751,0.5741276741027832,1,-0.0579181127250194,-0.0030824718996882,0.0546301305294036,0,-0.0005493715871125,0.0204498935490846,0.1797959208488464,0,1.062049150466919,0.2964924573898315,1.9630028009414675,1,-0.5196976065635681,0.0314755327999591,1.6598529815673828,1,0.0024310240987688,-0.0067648361437022,-0.0099818017333745,0,0.4399125874042511,0.006787737365812,0.8161306977272034,1,-0.7152244448661804,-0.0583055764436721,0.9122967720031738,1
3.779371738433838,1.716450810432434,16.87274932861328,0.0371347777545452,-0.0064518800936639,0.0308254491537809,0,2.1182525157928467,3.632128953933716,8.209053993225098,1,0.005187798757106,-0.001392004196532,-0.0601462461054325,0,0.8296694755554199,0.1278513073921203,3.895286321640015,1,0.1419857889413833,-1.2317029237747192,0.459919273853302,0,-0.0069807893596589,0.0182380750775337,0.0044473428279161,0,0.669339656829834,-0.8111799359321594,4.2320942878723145,1,-0.0075919046066701,-0.0651249662041664,0.0966885089874267,0,-0.0076254638843238,0.054084163159132,0.0045795161277055,0
0.519487738609314,-0.027234062552452,4.120265007019043,0.0077252970077097,-0.0110297994688153,-0.0106506748124957,0,0.0943015441298484,-0.0161787867546081,-0.0927425473928451,0,0.339440256357193,0.0643917843699455,1.4877489805221558,1,0.007073248270899,-0.0034688292071223,-0.0177377182990312,0,0.0230306014418602,0.0136749111115932,0.0075104255229234,0,-0.0476173609495162,-0.2843743860721588,2.7760441303253174,1,0.0037126007955521,0.0018334906781092,0.0250139832496643,0,0.0593499429523944,0.1230906993150711,-0.0470898896455764,0,0.0324715673923492,0.0848268568515777,-0.0078315651044249,0
1.851024866104126,-0.3117736279964447,14.833473205566406,2.2564268112182617,-0.6407806277275085,5.976457118988037,1,-0.0297045782208442,-0.0069092288613319,-0.0270989742130041,0,-0.000857408507727,-0.0016111938748508,-0.0089663192629814,0,1.8545172214508057,-0.614811360836029,2.04573130607605,1,-0.7566121816635132,0.3593952357769012,0.9666082859039308,1,0.0184482205659151,0.0256319940090179,-0.0586299411952495,0,0.9580376744270324,-0.2038613855838775,0.656506359577179,1,-2.461833000183105,0.7591120600700378,5.286409854888916,1,0.0126021169126033,0.0120608396828174,-0.0035439690109342,0
-0.7776144742965698,0.951515018939972,20.11184310913086,-0.299035906791687,0.0974460691213607,0.8925936818122864,1,-0.0069996244274079,0.0043175905011594,-0.0215317942202091,0,-0.0101931635290384,0.00803186558187,-0.0522439368069171,0,-1.3420699834823608,0.5521376729011536,8.699296951293945,1,0.0011122123105451,-0.002922372194007,-0.0143135404214262,0,-0.0135714104399085,-0.0033896879758685,0.0007835710421204,0,0.9451121091842652,0.292684406042099,10.53085708618164,1,-0.0530723258852958,-0.0009290584712289,0.0909182876348495,0,0.0011036627693101,0.0041385879740118,-0.0145167978480458,0
0.6588872671127319,0.5022255182266235,10.61799430847168,0.0030109877698123,-0.0948434472084045,0.1388379782438278,0,-0.0007627162267453,0.0881318747997284,-0.1128813624382019,0,0.004118813201785,-0.0102308597415685,-0.0330707654356956,0,0.0011859971564263,0.005322768818587,-0.017146561294794,0,0.6019291877746582,0.7070115804672241,10.553536415100098,1,0.0147829977795481,0.0034178767818957,-0.0018374770879745,0,0.0037714103236794,-0.0460323430597782,0.0125209959223866,0,0.1013664230704307,-0.2500956952571869,0.0665431767702102,0,-0.0705158933997154,0.0995438247919082,0.0114916767925024,0
-1.0738327503204346,0.5493637919425964,14.622414588928224,1.0245825052261353,0.0789844170212745,2.953396797180176,1,-1.2212673425674438,0.6741662621498108,0.3956122100353241,0,-0.0001535998453618,-0.0259131658822298,-0.0105131072923541,0,1.3512006998062134,-0.0891390442848205,2.191944122314453,1,-0.9951462745666504,-0.0968772172927856,5.416241645812988,1,0.0121383918449282,0.0068739471025764,0.0018751624738797,0,0.2764930427074432,0.0524624064564704,0.3273196816444397,0,-1.5245362520217896,-0.1013597771525383,3.3626909255981445,1,0.0028561546932905,0.0501659549772739,-0.0161537807434797,0
-1.3782246112823486,-2.414771318435669,6.926425933837891,0.0027806395664811,-0.003091886639595,0.0070357793010771,0,0.3518129587173462,-0.2397093027830124,0.8213844895362854,1,-1.7024776935577393,0.3807731568813324,1.642531156539917,1,0.001790253445506,0.0270707998424768,0.1360852420330047,0,0.6462251543998718,-0.3396227359771728,1.3323266506195068,1,-0.9930943846702576,-0.7414758205413818,1.6581954956054688,1,0.006868926808238,0.0679845139384269,0.0281666293740272,0,1.3100666999816897,-0.4343013763427734,0.2299718111753463,0,-1.002197265625,-1.1323986053466797,1.070728421211243,1
0.353459745645523,-0.2640219926834106,5.079699993133545,-0.0012951667886227,0.0134346252307295,0.0296273808926343,0,-0.0604604072868824,0.1655976474285125,-0.0195720586925745,0,-5.475476882565999e-06,-0.0159045737236738,-0.033834371715784,0,-0.0010896200546994,-0.0054391110315918,-0.0042710229754447,0,0.6015539765357971,-1.2998112440109253,3.088246583938598,1,0.0113323237746953,0.0156279131770133,0.0135968886315822,0,0.0040056961588561,0.078096754848957,0.0144878448918461,0,0.0237256865948438,-0.0497170314192771,0.0117704281583428,0,-0.2243072688579559,0.8340930938720703,1.9796485900878904,1
-0.3915199935436249,-0.109376735985279,5.315841197967529,-0.0128526668995618,0.0094964811578392,0.0040749078616499,0,-0.0103444140404462,0.0543911568820476,1.4103240966796875,1,0.0005319993942975,-0.0035608008038252,-0.0367761179804801,0,0.001668506884016,0.0033723311498761,0.0318606421351432,0,-0.2400178760290146,-0.0015907181659713,2.30961275100708,1,0.0101421698927879,-0.0079041747376322,-0.0068368460051715,0,0.000104637001641,-0.0032285952474921,-0.0147832101210951,0,-0.1456141620874405,-0.179717406630516,1.5984233617782593,1,0.0048618121072649,0.0193649921566247,0.0199417676776647,0
0.984904408454895,0.2075935006141662,5.884571552276611,-0.061738085001707,0.0133103085681796,-0.0738553032279014,0,0.5692874789237976,1.8932180404663088,2.815793752670288,1,-0.0082495734095573,-0.0219803564250469,-0.006656942423433,0,0.0018515781266614,0.0110764587298035,-0.0280991792678833,0,0.2371691614389419,-1.066271424293518,-0.8658103346824646,0,0.0229369960725307,0.185782179236412,2.8746917247772217,1,0.0031148546840995,-0.0076597249135375,0.0376981720328331,0,0.0072956955991685,-0.0590825416147708,0.0393227972090244,0,0.2132363319396972,-0.7407994270324707,1.091486930847168,1
1.8968348503112795,0.7359122633934021,8.89777946472168,0.0266071185469627,0.0288361925631761,-0.0008708702516742,0,0.0140114380046725,0.0432031750679016,0.9005981087684631,1,0.0064476826228201,-0.020598093047738,0.3646937310695648,0,0.8649675250053406,0.0721503943204879,0.6015597581863403,1,-0.4466765522956848,0.4340855181217193,2.4336297512054443,1,-0.0288538690656423,0.2136609256267547,1.94660758972168,1,1.8352742195129397,-0.1402599960565567,0.2773000597953796,0,-0.353911280632019,0.1236084029078483,1.8761115074157717,1,-0.0210314504802227,-0.0187742784619331,0.4981499016284942,0
-1.7016445398330688,-0.1678917109966278,18.75393486022949,-0.1441085934638977,0.202534481883049,1.5997248888015747,1,-0.1816635131835937,0.0504950992763042,0.1363527774810791,0,0.00131023558788,-0.0028341470751911,-0.0189213585108518,0,0.0932053178548812,0.0235055722296237,0.1473450064659118,0,-2.4473955631256104,0.7958791255950928,6.022613048553467,1,-3.5997756640426815e-05,0.0018737553618848,0.0029233056120574,0,0.0028461136389523,0.0060179592110216,-0.0144015373662114,0,0.977185845375061,-1.2441256046295166,10.914381980895996,1,-0.0029883794486522,-0.0012378320097923,-0.0360836535692215,0
-5.963821887969971,-9.792818069458008,6.594839096069336,0.0678996071219444,-0.0345235764980316,0.0360686965286731,0,1.1741591691970823,-1.342226266860962,2.550915002822876,1,-0.0025673720519989,-0.0125830071046948,-0.0541281513869762,0,-0.0055915084667503,-0.0057129077613353,-0.0067719537764787,0,0.2823814451694488,-0.0282379072159528,0.5274034142494202,1,-0.7164484262466431,-0.2525245547294616,0.569661021232605,1,-0.0109565090388059,0.0314290411770343,-0.0513946190476417,0,0.0317190401256084,0.1460785865783691,-0.0938157886266708,0,-6.784417152404785,-8.294517517089844,3.116901397705078,1
-3.028200626373291,-5.819931983947754,12.641284942626951,0.0075078252702951,-0.0078152986243367,-0.0115568721666932,0,1.2425044775009155,-0.7304863333702087,2.337728977203369,1,-0.8349400758743286,0.3884229063987732,1.8074113130569456,1,-0.0029334551654756,0.0113040022552013,-0.0184513553977012,0,0.6528031229972839,-0.5680297017097473,0.4247662723064422,0,-1.0516716241836548,-0.0346069708466529,3.7913990020751953,1,-0.0353946648538112,0.0735730752348899,-0.1764561235904693,0,0.5237502455711365,-0.3984181582927704,0.5168593525886536,1,-3.529826402664185,-4.55387544631958,3.9695851802825928,1
-1.82902193069458,1.3056373596191406,6.929101467132568,-0.0040041212923824,0.0041881562210619,0.0039656534790992,0,-0.0223570428788661,0.0601466298103332,0.0907900482416153,0,-0.003646544413641,-0.0098187709227204,-0.0380872972309589,0,-0.0036567405331879,-0.0010569154983386,-0.0099814971908926,0,0.0228237435221672,-0.0041012023575603,0.1674226969480514,0,-0.9103197455406188,0.8123257160186768,1.7240650653839111,1,-0.00064056890551,-0.0017355722375214,-0.0075238067656755,0,-0.0380507223308086,0.008699657395482,0.0324465967714786,0,-0.8691701292991638,0.4369896948337555,4.966003894805908,1
3.340298891067505,0.8794720768928528,22.375635147094727,-0.0205168854445219,0.006029971409589,-0.0148238092660903,0,0.6145883798599243,1.6986218690872192,2.795340061187744,1,0.0026430285070091,-0.0276955403387546,-0.0015488535864278,0,-0.0111563401296734,0.0124030085280537,-0.0218202099204063,0,1.4360826015472412,-0.377249538898468,10.636260986328123,1,0.0170817803591489,0.000465256453026,0.0217338073998689,0,0.0020316990558058,-0.0410017818212509,-0.0211113989353179,0,1.2717212438583374,-0.4458825886249542,9.018621444702148,1,0.0278232283890247,0.0537814646959304,-0.0370156243443489,0
0.8041367530822754,1.3508154153823853,9.97446060180664,0.0078085521236062,-0.0016706224996596,-0.0184711664915084,0,1.9996232986450195,-0.0847278609871864,5.719662666320801,1,0.0002647496585268,0.0048540565185248,0.0378697291016578,0,0.0056778616271913,-0.0017381225479766,0.0347314178943634,0,0.8586394786834717,0.114421896636486,0.8208889961242676,1,-0.0082017332315444,-0.0041673178784549,-0.0104283494874835,0,5.084544318378903e-05,-0.0005162395536899,-0.0049053109250962,0,-0.0008320320048369,-0.0013101005461066,-0.0041645024903118,0,-2.058893918991089,1.325669765472412,3.399276733398437,1
0.3587524890899658,0.9260303974151612,6.065811634063721,0.0111611289903521,-0.0068588908761739,-0.030361333861947,0,1.8152929544448853,0.2658080756664276,0.7624350786209106,1,0.0041806027293205,0.0030224001966416,0.0054768840782344,0,-0.0011970656923949,0.0022860944736748,-0.0041420757770538,0,1.245730996131897,-0.3052907288074493,1.7936406135559082,1,-0.6118534207344055,0.4424186646938324,1.1781259775161743,1,0.0034053942654281,-0.0020598864648491,-0.0027220074553042,0,0.054387804120779,-0.001791652990505,0.0458185486495494,0,-2.162355899810791,0.5284963250160217,2.317540168762207,1
0.7240979075431824,-2.376227855682373,11.147300720214844,0.0659705102443695,-0.0042339940555393,0.0520061813294887,0,1.425611972808838,0.2596665322780609,1.2523702383041382,1,-0.0970813184976577,0.1579421907663345,0.5345785021781921,1,-9.691411833046004e-05,0.0083035333082079,0.0042794430628418,0,0.836397647857666,-2.293318748474121,6.794158935546875,1,0.0194414667785167,-0.0077414265833795,0.0408081747591495,0,-0.0246014595031738,-0.176785871386528,0.0504243113100528,0,-1.4985275268554688,-0.3638201355934143,2.4012153148651123,1,-0.0030165303032845,0.0437600128352642,0.0174595899879932,0
0.8751760721206665,0.5461345314979553,13.960432052612305,0.0112321451306343,0.0088216969743371,0.011724155396223,0,1.541704535484314,0.1916873157024383,1.8219890594482424,1,-0.0731724649667739,-0.0546141937375068,0.6883344650268555,1,0.0120447445660829,-0.065747819840908,0.8712254762649536,1,1.6125848293304443,0.4762061536312103,3.4679441452026367,1,-0.6350491046905518,0.1207840293645858,2.7684695720672607,1,0.0003195989120285,-0.0021358393132686,-0.0083765750750899,0,0.3621326088905334,-0.0934225246310234,1.9917197227478027,1,-1.9566208124160769,-0.0354443229734897,2.347402811050415,1
-0.2188282608985901,0.1571388691663742,13.053955078125,0.0002004206908168,0.0199898574501276,0.0090080257505178,0,0.601764976978302,3.0436999797821045,1.1301038265228271,1,-0.1901080757379531,-0.4057161808013916,0.6356028914451599,1,0.4321432411670685,0.9418213963508606,0.0284607093781232,0,-0.7684770822525024,-2.832451343536377,7.109259605407715,1,-0.0025313280057162,0.004123805090785,-0.0402389876544475,0,-0.2777371406555176,-0.5997808575630188,4.158024787902832,1,-0.0087573425844311,-0.0104669043794274,0.0323287546634674,0,-0.0053259613923728,-0.0040809381753206,-0.0085942912846803,0
1.991835117340088,2.6476359367370605,6.198026180267334,0.003768550697714,0.0012757236836478,-0.0137459719553589,0,1.164703607559204,0.5429945588111877,2.896467685699463,1,0.0053974403999745,-0.0013390803942456,-0.0538877807557582,0,-0.0093514453619718,0.0022458911407738,-0.1161864548921585,0,-0.0029503528494387,0.0262185763567686,-0.0705670565366745,0,0.6918988227844238,2.0169687271118164,3.3583314418792725,1,0.0023424625396728,0.0013900902122259,-0.0151206301525235,0,-0.0014558439143002,0.0016387406503781,0.0041343811899423,0,0.1374819576740265,0.0562429688870906,0.2086005210876464,0
0.8402353525161743,-0.2326675504446029,11.341434478759766,0.4807213246822357,-0.4111326932907104,1.4872138500213623,1,-0.0060341348871588,0.0082507375627756,-0.0291403736919164,0,0.0129206404089927,0.0017117951065301,-0.0461917780339717,0,0.0004269326745998,-0.0007904456579126,-0.0368430502712726,0,-0.6476790308952332,0.8728156089782715,1.7748650312423706,1,0.0012594002764672,-0.0020886084530502,-0.0086339674890041,0,-0.0062365303747355,0.0007793359691277,0.0245543904602527,0,1.0071967840194702,-0.7011280655860901,8.184381484985352,1,-0.0023399929050356,-0.0010852128034457,-0.0087716821581125,0
0.7607607841491699,-0.2943236529827118,6.435871124267578,-0.0082538379356265,0.0075654699467122,0.0109655680134892,0,0.2628270089626312,0.0834722369909286,0.3533371686935425,0,-1.2260311841964722,-0.3866539001464844,1.042858362197876,1,0.0055116424337029,-0.0100874211639165,0.1703017204999923,0,1.0641353130340576,0.1480432897806167,2.1148881912231445,1,-0.5454232692718506,0.0224885493516922,1.6910974979400637,1,0.005364563781768,-0.001647962606512,-0.0074719325639307,0,1.2019591331481934,-0.1566534489393234,1.0464820861816406,1,0.000671365763992,-0.0008504368597641,0.0134124318137764,0
-0.060664989054203,1.224487066268921,20.57001304626465,-0.0032043408136814,0.0062651922926306,-0.0228334031999111,0,-0.0093598822131752,0.0158777721226215,-0.0325128808617591,0,0.0005302794161252,-0.0088028712198138,-0.0524816662073135,0,0.3862599432468414,0.1635940670967102,9.787006378173828,1,0.0109704406931996,-0.0021170699037611,-0.1145217567682266,0,-0.0047430782578885,-0.0091846697032451,0.021954545751214,0,0.0059738242998719,-0.0082141645252704,-0.0344997309148311,0,-0.4405024945735931,1.0751795768737793,11.029119491577148,1,-0.0065896874293684,-0.0081107104197144,-0.0112165017053484,0
-0.0448843799531459,-0.9798007607460022,7.742091655731201,-0.0911762937903404,-0.3108383119106293,3.424806594848633,1,0.0006906224880367,-0.0568134374916553,0.2180532366037368,0,-0.0002995630202349,0.0131333470344543,-0.0056611024774611,0,0.5218937993049622,-0.3978902101516723,3.4930531978607178,1,-0.0121860560029745,0.0203778576105833,0.0715478733181953,0,-2.41816887864843e-05,0.0032313133124262,-0.0040343133732676,0,0.0012217296753078,-0.1741789877414703,0.0400461889803409,0,-0.4624709188938141,-0.067257672548294,0.4966976642608642,0,-0.0025335201062262,-0.0095646688714623,0.0075822426006197,0
0.4535771310329437,0.2672605216503143,18.86989021301269,0.6415141820907593,-0.2346656769514084,2.175715446472168,1,0.002228989964351,-0.006068215239793,-0.0015670342836529,0,-0.000460837589344,-0.0123756052926182,-0.0319087840616703,0,0.1668902933597564,-0.0618279911577701,0.103849209845066,0,-0.9873644113540648,0.8303698897361755,3.0750415325164795,1,-0.0008596923435106,-0.0051544392481446,0.0036251016426831,0,0.0013659541727975,-0.0021724037360399,-0.0186944957822561,0,0.6359965205192566,-0.2339486926794052,13.591428756713867,1,-0.0057338210754096,-0.0068963454104959,-0.0275999568402767,0
1.171003341674805,-0.2393539249897003,15.090093612670898,0.0370506830513477,0.4240707159042358,3.180769205093384,1,-0.0877867117524147,0.1274453103542328,0.0018951856764033,0,-0.0001299459981964,-0.026919949799776,-0.0386552512645721,0,0.9222701787948608,-1.243383288383484,7.391627311706543,1,-0.0011013073381036,0.0321044735610485,0.0142155149951577,0,0.0029740736354142,0.0058186831884086,-0.0047178701497614,0,-0.0024598161689937,-0.1240671575069427,-0.056277759373188,0,0.2739041149616241,0.593491792678833,4.5642290115356445,1,0.0262820720672607,-0.0279145501554012,0.0370084270834922,0
0.674367368221283,-1.4304391145706177,14.51176929473877,0.082352340221405,-0.0361706800758838,0.0511147752404212,0,0.0970165655016899,-0.6502004265785217,9.272090911865234,1,-0.0063477335497736,0.0078375516459345,-0.09831453114748,0,0.0035791359841823,-0.0001187418602057,0.0013727273326367,0,0.7568102478981018,-0.6571497321128845,4.2166666984558105,1,0.0305218156427145,0.0095851104706525,0.022501016035676,0,0.0095582054927945,0.0550708398222923,0.047391440719366,0,0.0882068499922752,-0.4110707938671112,0.4049236476421356,0,-0.3873301148414612,0.2517777979373932,0.5940223932266235,1
0.1296571046113968,-0.5836105346679688,19.644067764282227,0.0070947278290987,-0.0011644313344731,-0.0273707620799541,0,0.403738409280777,0.4953065514564514,4.3346147537231445,1,-0.003824814222753,-0.0151452831923961,-0.0386208295822143,0,0.0033924111630767,-0.0003145955852232,0.01265883538872,0,0.1693291366100311,-0.2653819918632507,9.841458320617676,1,0.0097898794338107,0.0038703121244907,-0.0548614934086799,0,0.003605215344578,-0.0051900413818657,-0.0159734673798084,0,-0.4624953269958496,-0.8004483580589294,5.599518299102783,1,-0.0009725512354634,0.0048573301173746,-0.0073569542728364,0
1.64976966381073,0.7191277146339417,19.66131019592285,1.9535715579986568,-1.0319441556930542,2.617040634155273,1,0.0066440030932426,-0.0021769551094621,0.0079472372308373,0,0.0023306426592171,-0.013522669672966,-0.0589514449238777,0,0.0004689892521128,0.0016343691386282,0.0060722017660737,0,-0.8938679099082947,1.607463836669922,5.770092010498047,1,-0.0077256546355783,-0.0054479991085827,0.012764636427164,0,-0.0018787799635902,-0.004495614208281,0.0003349858452565,0,0.5964939594268799,0.1749411970376968,11.335681915283203,1,-0.0062673008069396,-0.0073243044316768,-0.0296729709953069,0
2.2707645893096924,-0.0382739007472991,13.91533088684082,0.0071532507427036,0.0018118086736649,-0.0106243351474404,0,1.386790156364441,0.3146989941596985,4.940563201904297,1,-0.0004307799972593,0.0062625720165669,-0.0244175791740417,0,0.0015410535270348,0.0011030188761651,-0.0099790142849087,0,1.5497890710830688,-0.4429327249526977,6.781753063201904,1,0.0023846635594964,-0.0030589248053729,-0.0191194880753755,0,0.0040774410590529,-0.0069846850819885,-0.0111096492037177,0,0.2867030799388885,-0.3298240900039673,0.926498532295227,1,-0.9672434329986572,0.4206501543521881,1.3417657613754272,1
0.15932197868824,-0.1178309619426727,3.5590691566467285,0.0061884424649178,-0.0649672970175743,1.1165703535079956,1,0.0466491393744945,0.0115918684750795,0.0995809733867645,0,0.0019586069975048,-0.0045898766256868,-0.0042153354734182,0,0.2163730859756469,0.0115940403193235,0.3632031083106994,0,-0.0919617637991905,-0.0631147921085357,-0.2403257489204406,0,9.314993803855032e-05,-0.0054503213614225,-0.0031039172317832,0,0.0001406561495969,0.0137337204068899,-0.0719253942370414,0,-0.0381778962910175,-0.0609789155423641,2.2963132858276367,1,0.0180585663765668,0.0443506129086017,0.002971866633743,0
0.1341123878955841,-1.0257776975631714,17.311019897460938,-0.0017694548005238,0.0043920865282416,-0.0318122766911983,0,-0.650608479976654,-1.429165959358215,6.046051502227783,1,-0.0021497143898159,-0.0090402541682124,0.0096888076514005,0,2.0147080421447754,1.5188920497894287,5.434373378753662,1,0.0017032416071742,-0.0052171749994158,0.04721499979496,0,-0.0077997762709856,0.0029862283263355,0.0054910094477236,0,-1.219408392906189,-1.113068461418152,5.797450065612793,1,0.0008632257231511,0.0062446841038763,0.0231338944286108,0,-0.001426339498721,-0.0018009038176387,-0.0205719266086816,0
-1.2593514919281006,4.724488735198975,13.227945327758787,0.0310754124075174,0.0168865341693162,-0.0483327805995941,0,0.579586386680603,5.267370223999023,4.202905178070068,1,-0.1343838721513748,-0.1309147775173187,0.2624536156654358,0,0.484743058681488,2.7112605571746826,1.0833522081375122,1,-1.1707909107208252,-2.297609567642212,5.012468338012695,1,0.012924407608807,0.0204206407070159,0.2334170490503311,0,-1.0508785247802734,-0.8675785064697266,2.4553017616271973,1,-0.0156757291406393,-0.0048328284174203,0.0134632000699639,0,0.0040483251214027,0.0094855995848774,0.0129177020862698,0
-2.8001391887664795,2.612424850463867,8.777408599853516,-0.0233949925750494,-0.0002818724606186,-0.0309587605297565,0,0.0453747287392616,0.0198727510869503,0.0158413518220186,0,-3.1450788974761963,1.342778563499451,3.8550283908844,1,0.0059637483209371,0.0003279457741882,0.0052316412329673,0,0.0666828975081443,0.9510961771011353,3.3033008575439453,1,0.0062005897052586,0.0077429208904504,0.0052522933110594,0,-0.0144082596525549,-0.0223220754414796,0.0754477530717849,0,0.2582608461380005,0.2358891516923904,1.6355299949645996,1,0.0002601616142783,0.077321209013462,-0.0872652158141136,0
0.3521579504013061,-1.5290032625198364,5.48735237121582,0.0509811490774154,0.006046466063708,0.0068402970209717,0,0.3104224801063537,-0.4615004658699035,1.5905758142471311,1,-0.0026138874236494,-0.0285249277949333,0.0016481679631397,0,0.0012144703650847,0.0177700407803058,-0.0103810857981443,0,-0.006789140868932,-0.3776464760303497,1.592922329902649,1,0.012342045083642,0.0013395517598837,0.0020695687271654,0,-0.0172296985983848,-0.0060450336895883,0.002423251979053,0,-0.0043072230182588,-0.6541849374771118,2.3134982585906982,1,0.0081377513706684,-0.0262574106454849,-0.0122441686689853,0
-0.0628014802932739,-0.3728362321853637,15.945127487182615,0.0209398530423641,-0.0224769860506057,0.0496877208352088,0,0.6566295027732849,-0.4820354580879211,8.443239212036133,1,-0.0026218125130981,-0.0186023134738206,-0.0435303822159767,0,0.0060742595233023,-0.0017784450901672,6.25706888968125e-05,0,0.6161293387413025,-0.979495882987976,3.148209571838379,1,-0.1059362068772316,0.0400339402258396,0.3360065221786499,0,0.0772199034690857,-0.0086474390700459,-0.0733008086681366,0,-0.000327179004671,0.0396914295852184,0.009152190759778,0,-1.330909013748169,1.060474872589111,4.075600624084473,1
0.940289318561554,1.3733590841293335,12.406566619873049,0.0555170997977256,0.0032503597903996,0.0416845716536045,0,-0.0084833689033985,0.0430868193507194,-0.1379506140947342,0,1.7102755308151243,2.065037488937378,2.96030068397522,1,-0.0021728998981416,0.0055822650901973,0.0055453176610171,0,0.4001184999942779,0.7832244634628296,7.525259494781494,1,-0.3291141390800476,-0.3906043767929077,0.2426553219556808,0,-0.0261985026299953,-0.2855978012084961,0.0381952188909053,0,-0.8779948949813843,-0.9118618369102478,1.7129594087600708,1,0.0183420535176992,0.0612420178949832,0.017916789278388,0
1.9163645505905151,0.3538905382156372,11.453794479370115,2.5629115104675293,-0.8852647542953491,2.314613342285156,1,0.0070876493118703,0.0165216121822595,-0.0509472005069255,0,0.0034334231168031,0.0067927166819572,-0.0217120237648487,0,1.781684637069702,-0.5976679921150208,1.6619985103607178,1,-0.5115021467208862,0.5379798412322998,1.094967484474182,1,-0.0006078476435504,-0.0019137294730171,0.0013171992031857,0,0.4972959160804748,-0.2588471472263336,0.7959234118461609,1,-2.416787385940552,1.532973051071167,5.654486179351807,1,-0.0071515329182147,0.0033168878871947,0.0031481338664889,0
2.065950632095337,-0.800126314163208,13.369854927062988,0.906522572040558,-0.1357425302267074,1.2301632165908811,1,-0.3591502010822296,-0.2478253692388534,2.373100519180298,1,-0.000177378009539,-0.0030928424093872,0.0439258366823196,0,1.764890432357788,-0.2048186361789703,1.1635034084320068,1,-0.3800253570079803,0.0036555763799697,2.209033727645874,1,0.0064934096299111,-0.0049679493531584,-0.0172191485762596,0,1.0375697612762451,-0.1752316504716873,1.2753772735595703,1,-0.9171265959739684,-0.0420305058360099,5.085335731506348,1,0.0069539998658001,0.0099276043474674,0.0066334805451333,0
-0.0300046801567077,-0.6692391037940979,18.44175720214844,0.0093791428953409,0.0004107724525965,-0.0057736192829906,0,-0.0072785182856023,-0.0009143183124251,-0.0237110555171966,0,-1.02741277217865,-0.0903045609593391,5.964261531829834,1,0.0035558033268898,0.0011088234605267,0.024094870314002,0,0.007442289032042,0.0294663868844509,-0.1329757273197174,0,0.552105724811554,-0.4224637150764465,8.4646635055542,1,-0.0008873352780938,0.0002268158859806,-0.0029856546316295,0,-0.0001070698490366,0.0042710737325251,-0.0081222504377365,0,0.4331981837749481,-0.1910403668880462,4.162306308746338,1
0.8866652846336365,0.0095799528062343,17.463539123535156,0.3868151605129242,0.2418549358844757,0.4467930197715759,0,-0.1489213705062866,-0.3922265768051147,1.4764060974121094,1,-0.0034514439757913,-0.0025630486197769,-0.0441688299179077,0,1.2993251085281372,0.5236729979515076,9.205330848693848,1,-0.0031280913390219,-0.0119580365717411,0.0042008152231574,0,-0.0026214940007776,-0.00202137674205,0.0010954794706776,0,-0.6446704268455505,-0.3539721965789795,6.388312816619873,1,0.0009270857553929,0.0025818527210503,-0.0155689911916852,0,0.0023907138966023,0.0042113745585083,0.0011379652423784,0
-0.3794888257980346,0.238317996263504,7.026327133178711,0.7329967021942139,-0.141385868191719,0.8017844557762146,1,-0.3387882113456726,0.3315188288688659,0.5699235796928406,1,-0.0144587131217122,-0.0293051321059465,-0.0054975217208266,0,0.2558730542659759,-0.020064128562808,0.1418353617191314,0,-0.1284094005823135,0.0713351517915725,3.71027398109436,1,0.0319011732935905,0.0377057492733001,0.5576116442680359,1,-0.0287542603909969,-0.0138482991605997,0.0498102232813835,0,-0.8431742787361145,-0.059917151927948,1.253113031387329,1,-0.046674970537424,0.0622788444161415,-0.0525271967053413,0
-2.951543092727661,9.431553840637209,13.307332992553713,-0.0015803382266312,-0.0241287071257829,0.0873628109693527,0,0.4107133746147156,0.3014042377471924,0.7962481379508972,1,-6.231237888336182,9.258387565612791,3.566858053207397,1,-0.0044766189530491,0.0042196060530841,-0.0225007254630327,0,1.4980477094650269,1.3575433492660522,4.670131206512451,1,-0.841317355632782,-0.948524534702301,1.6486892700195312,1,-0.0100074782967567,-0.0985388532280922,-0.1305087804794311,0,2.416999340057373,-0.034057430922985,1.6935192346572876,1,-0.1886841654777526,-0.3847509920597076,0.9975327849388124,1
1.4627267122268677,1.0078239440917969,8.974935531616211,1.286824107170105,-0.0365683361887931,0.822861909866333,1,0.0191250778734684,0.0045123677700757,0.022136952728033,0,0.0002873831545002,0.0073182694613933,0.0027298729401081,0,1.5267302989959717,-0.2493748366832733,0.7427713871002197,1,-0.2596170902252197,0.7996355295181274,1.631201148033142,1,-0.0160379335284233,0.0031249620951712,-0.0174960866570472,0,0.4034174680709839,0.0257605891674757,0.2834408581256866,0,-1.4920600652694702,0.4545142352581024,5.494839191436768,1,-0.0059423851780593,-0.0010988793801516,-0.0075495326891541,0
-2.2223002910614014,1.1992048025131226,7.779811382293701,0.5126316547393799,-1.5815603733062744,4.729855537414551,1,-3.664162635803223,2.148775577545166,1.724905014038086,1,0.5308142900466919,0.1469800323247909,-1.5152469873428345,0,0.6483123898506165,0.1822965890169143,1.7456011772155762,1,-0.1591438204050064,0.2752327024936676,1.0894767045974731,1,0.0135727431625127,-0.0023181634023785,0.0046290094032883,0,0.0045514437370002,0.0090576484799385,-0.0223421696573495,0,-0.1255430728197097,0.0416357144713401,0.0488661080598831,0,0.0166667718440294,-0.0208949707448482,-0.025933152064681,0
-0.9895814657211304,3.2059903144836426,17.876121520996094,1.8166543245315552,0.0917366594076156,1.269184112548828,1,0.1142496019601821,0.0762052834033966,1.5860477685928345,1,0.0788943395018577,-0.0255639888346195,0.4467813074588775,0,0.5381693840026855,-0.0125844059512019,0.9066054224967957,1,-0.1077298000454902,0.7890548706054688,7.30811071395874,1,0.2000021785497665,0.1528037041425705,2.7520759105682373,1,-0.0025658376980572,0.0165724027901887,-0.0082468884065747,0,-3.6961629390716553,2.0773239135742188,3.3402209281921387,1,0.0689074024558067,0.0404420532286167,0.2753406763076782,0
-0.523788571357727,2.65455174446106,8.681880950927734,0.0188653133809566,0.0135594801977276,0.0032133676577359,0,-0.1467494964599609,-0.01445500459522,0.7995686531066895,1,0.0070469300262629,-0.0087941894307732,-0.00787313003093,0,0.4462040662765503,0.1723030656576156,0.3363167941570282,0,-0.0841022804379463,0.7059285044670105,5.30616569519043,1,0.1215085163712501,0.0388118699193,1.4498746395111084,1,0.5927578210830688,1.0881227254867554,-1.1326395273208618,0,-1.5540176630020142,0.6839041113853455,1.8965598344802856,1,0.0746982097625732,-0.0248288549482822,0.03069369494915,0
-0.4195038080215454,-0.8337034583091736,6.761499881744385,0.0019118469208478,-0.002959249773994,-0.0422338880598545,0,0.0078023988753557,0.0299157947301864,-0.0069176792167127,0,-2.4837071895599365,-1.021970510482788,2.766045093536377,1,-0.0006243193638511,0.0009208084084093,-0.0231569744646549,0,0.7783704996109009,0.4217478334903717,1.328709363937378,1,-0.8261590003967285,-0.5749093890190125,1.424869418144226,1,0.0002781680668704,0.0006525831413455,-0.000759299553465,0,2.1069681644439697,0.3162142634391784,1.3084698915481567,1,-0.0043445811606943,-0.0033155637793242,0.0064739240333437,0
-0.3506065011024475,1.0056812763214111,9.265443801879885,-0.026543740183115,0.0060805408284068,-0.0145398592576384,0,-0.8367345929145813,-0.2438179850578308,0.6542373299598694,1,-0.0009950121166184,-0.0041146213188767,0.0045543843880295,0,0.8024962544441223,0.4256218671798706,3.055760622024536,1,0.0054873479530215,0.0016935591120272,0.0672175511717796,0,0.0040487954393029,-0.0008570082136429,0.0013548467541113,0,-0.3192318975925445,0.768863320350647,5.5519232749938965,1,0.0094284266233444,0.0035742346663028,-0.0222585760056972,0,0.0114379646256566,0.0486374497413635,-0.0328050442039966,0
1.1023350954055786,0.2172205746173858,11.764086723327637,0.2013139426708221,-0.0050481390208005,0.178154855966568,0,-0.9255154132843018,-0.3559617698192596,2.7631633281707764,1,-0.005954107735306,0.03535633161664,0.559073805809021,1,1.2177454233169556,0.0334856621921062,0.5138609409332275,1,-0.5940360426902771,0.1518879532814026,3.0145413875579834,1,-0.0281652323901653,0.2889730632305145,2.0139877796173096,1,1.4074651002883911,0.0365290641784668,0.3823158144950866,0,-0.1425431221723556,0.0159140396863222,1.779956340789795,1,-0.0279755536466836,0.0160843543708324,0.5590330958366394,1
1.7639644145965576,-0.0552222058176994,13.839941024780272,0.3985694646835327,0.5330799221992493,1.176513433456421,1,-2.4131102561950684,-1.1226073503494265,4.9592485427856445,1,0.0021228857804089,-0.0071928026154637,-0.0450622178614139,0,2.44744610786438,0.5447648763656616,2.4913103580474854,1,-0.5272064208984375,-0.3583654165267944,2.308927059173584,1,-0.0104777552187442,0.0053017656318843,-0.0258455350995063,0,2.0319173336029053,0.4611591100692749,2.303874492645264,1,-0.171222522854805,-0.1274992823600769,0.6637638211250305,1,0.0059255887754261,0.0161369536072015,0.0072111194021999,0
-2.75213623046875,-1.6556260585784912,9.702528953552246,-0.0087439911440014,0.0059760571457445,0.0131864007562398,0,0.2221326678991317,-0.0807264968752861,0.8197953701019287,1,-1.0818136930465698,0.3801265060901642,1.5457130670547483,1,0.004286931362003,0.0104896463453769,0.1047681272029876,0,0.3413912951946258,0.1391945332288742,1.980628609657288,1,-0.7985724806785583,0.0695996284484863,2.904025793075561,1,-0.0101139526814222,0.0079509019851684,-0.0633957087993621,0,0.2255819141864776,-0.3054787516593933,0.5569652915000916,1,-1.6462846994400024,-1.8827580213546755,1.840842127799988,1
-0.3457496762275696,-1.884915351867676,13.395739555358888,0.0440274849534034,0.0151222506538033,-0.0078058098442852,0,-0.0051900329999625,-0.0239218268543481,-0.121276706457138,0,0.6050071120262146,0.0167993456125259,5.8929853439331055,1,0.0013288465561345,-0.0012303278781473,0.0007954263710416,0,0.0212701167911291,0.0524675287306308,0.074816308915615,0,-1.0583804845809937,-1.916586995124817,2.115316152572632,1,-0.0206378381699323,0.1270848512649536,-0.0726336687803268,0,0.0475995317101478,-0.2073686569929123,5.577270030975342,1,0.0192256439477205,0.052718449383974,-0.0637274384498596,0
1.2364617586135864,0.8092338442802429,7.61638069152832,0.0447507388889789,-0.0507288910448551,0.1255466043949127,0,-0.2447393983602523,1.2430813312530518,0.6463237404823303,1,0.3075080811977386,-0.1674795001745224,-2.5037362575531006,0,-0.0119568398222327,0.0018886670004576,-0.0033611403778195,0,0.65836101770401,0.3662759363651275,7.0328450202941895,1,0.0078736636787652,0.0078847594559192,0.0247715227305889,0,-0.0055374898947775,-0.0548014752566814,-0.0103191062808036,0,0.4719317555427551,-0.605505108833313,2.329529285430908,1,0.0082703027874231,0.0686182230710983,-0.025218965485692,0
0.7716656923294067,0.2553143203258514,14.956741333007812,0.0003134574217256,0.0098598496988415,-0.00744354352355,0,0.0436469614505767,-0.6142154932022095,9.157685279846191,1,0.0003032551612704,0.0038287879433482,0.0054843197576701,0,0.6996780633926392,0.5320606827735901,1.7377352714538574,1,-0.2407453209161758,-0.1658659279346466,0.9998913407325744,1,0.0046333260834217,0.0038920501247048,-0.0194705929607152,0,0.2639839351177215,0.4847963750362396,3.09840989112854,1,-0.0007767035276629,-0.0019804080948233,-0.0011164542520418,0,0.0006287949508987,0.0029383827932178,-0.0144338011741638,0
-4.762282371520996,-2.487679958343506,10.513750076293944,-0.0074536446481943,-0.0027585339266806,-0.0148743754252791,0,0.6954504251480103,-0.4943810999393463,1.354124665260315,1,-1.9549822807312007,0.6269367337226868,2.6508030891418457,1,-0.0112710483372211,0.0154694635421037,-0.0140929035842418,0,0.340951144695282,-0.2946915328502655,0.0162682067602872,0,-1.2662663459777832,-0.0246417839080095,3.04662561416626,1,-0.0030450818594545,0.0662386789917945,-0.0245567969977855,0,0.1608122587203979,-0.1670925021171569,0.1329283118247985,0,-2.716477632522583,-2.212759494781494,3.366523504257202,1
0.5430786609649658,-1.1009141206741333,10.579261779785156,-0.0020237131975591,0.0036888131871819,0.0171467699110507,0,0.0587482750415802,0.0524299293756485,0.0051618800498545,0,-0.9239979386329652,-0.4842458069324493,5.208804130554199,1,-0.0026044100522994,-0.0002058524551102,-0.034371793270111,0,0.8843331336975098,0.0782272517681121,0.3177357614040375,0,-0.3825909793376922,-0.5650418400764465,3.123551845550537,1,-0.0041849575936794,0.0030570237431675,0.0055032190866768,0,1.0888150930404663,-0.1318791061639785,0.548151969909668,1,-0.1734157502651214,-0.0569444857537746,1.3875775337219238,1
2.282979249954224,0.4696924686431885,5.495978355407715,0.0085472026839852,-0.0017525915754958,-0.0393158867955207,0,0.3518952131271362,0.2425553649663925,0.3844986855983734,0,-0.2089143097400665,0.0250048618763685,0.3805147409439087,0,0.000782947463449,0.002316900761798,-0.0016488049877807,0,1.1304093599319458,0.1667878031730651,1.8864691257476809,1,-0.4101020395755768,-0.0531737841665744,1.0549196004867554,1,8.489951869705692e-05,-0.000877164886333,-0.0081892218440771,0,1.4681956768035889,0.0978105887770652,1.779094696044922,1,-0.0579196363687515,-0.0089795039966702,0.0596350990235805,0
1.3584904670715332,0.4405354261398315,12.151004791259766,-0.0801325663924217,-0.0122329480946064,-0.0057433345355093,0,0.4053491055965423,1.5615158081054688,5.420117378234863,1,0.0010350038064643,-0.0196020156145095,-0.0666940957307815,0,0.0056963567622005,0.0054948013275861,-0.0156642664223909,0,0.7721806168556213,-0.6846863627433777,5.597710132598877,1,0.0169829316437244,0.0061352690681815,-0.0020953260827809,0,-0.010332453995943,0.13595712184906,-0.0682775676250457,0,0.3867290318012237,-0.7212322354316711,1.135239601135254,1,-0.1390174925327301,0.1691859513521194,0.1564119607210159,0
-1.4080767631530762,-0.960018515586853,15.057085037231444,0.0192955359816551,-0.0086620179936289,0.0261507369577884,0,0.3806808590888977,-0.3910369575023651,1.5219671726226809,1,-1.603015661239624,1.4258686304092407,4.591066837310791,1,0.0051937382668256,-0.0058476254343986,0.0053655002266168,0,0.692669689655304,-0.3699172437191009,1.1967060565948486,1,-0.2918955683708191,-0.1780241280794143,2.9158830642700195,1,-0.0170108377933502,0.0100158005952835,-0.1416384726762771,0,0.1753034889698028,-0.3804956972599029,0.4586075842380523,0,-0.7692980170249939,-1.061919331550598,4.482977390289307,1
0.6805330514907837,-0.1416892409324646,4.258203983306885,0.9890973567962646,-0.4887445569038391,1.208787441253662,1,0.0168397240340709,0.0072994488291442,0.0109987873584032,0,0.0029229347128421,-0.0022343581076711,0.0122813554480671,0,0.4405701756477356,-0.4120063781738281,2.039238452911377,1,-0.0031983412336558,-0.0007814241107553,-0.0292853992432355,0,0.0174514129757881,-0.0003210563736502,-0.027392053976655,0,-0.0189441852271556,-0.0028143683448433,0.0119477864354848,0,-0.7682181000709534,0.7450119256973267,1.0143057107925415,1,0.0040120761841535,0.0129014896228909,0.0173219051212072,0
-0.3803832828998565,0.9246371984481812,8.41466999053955,1.198598861694336,-0.1759763211011886,0.9942248463630676,1,-0.1043073982000351,0.3679726421833038,0.3894548118114471,0,0.0006506853969767,-0.0106903025880455,-0.0267903264611959,0,0.208192765712738,-0.0223698820918798,0.1377275884151458,0,-0.3169187009334564,0.3050462007522583,4.912542343139648,1,0.0555034391582012,0.0623956210911273,0.6678875684738159,1,0.0153150819242,-0.0450397580862045,0.0077061150223016,0,-1.4266945123672483,0.4067224860191345,1.3470046520233154,1,-0.0107234977185726,0.0365764833986759,-0.0150882899761199,0
0.9890267848968506,0.9989080429077148,19.86663246154785,0.3090462386608124,0.0304852463304996,0.3818182349205017,0,-1.4082785844802856,1.1773085594177246,5.380586624145508,1,-0.0001604720891918,-0.0161140095442533,0.0051186145283281,0,0.7541354298591614,-0.0930006206035614,0.8059829473495483,1,0.9396615624427797,0.372430682182312,6.461186408996582,1,0.0119139533489942,0.0031597581692039,0.0170068107545375,0,-0.0274566542357206,0.0445663481950759,-0.0334243141114711,0,0.4093416631221771,-0.5446546077728271,6.898232936859131,1,0.0008236083667725,0.0247266013175249,-0.0498743653297424,0
0.0732433125376701,0.0180441830307245,6.967933177947998,0.0022276947274804,0.0036417085211724,0.0894719213247299,0,0.0061695016920566,-0.0036461672279983,0.0138937989249825,0,0.0001390529505442,0.0113022411242127,-0.0056821377947926,0,0.5552220940589905,-0.2256132811307907,5.957391738891602,1,-0.0012593324063345,0.0360880903899669,-0.0439852140843868,0,0.0119871366769075,0.0122692780569195,-0.0309227872639894,0,0.0324737429618835,-0.2635040879249573,0.6895350217819214,1,-0.5278477072715759,0.4548732340335846,0.3073160946369171,0,-0.0058689196594059,-0.0073668267577886,-0.0090853534638881,0
0.4020345211029053,-0.4329041242599487,5.11143684387207,-0.1880670636892318,0.3452880382537842,-0.7161448001861572,0,0.7942010164260864,-0.7222474813461304,3.5679893493652344,1,0.0012641996145248,-0.0218237303197383,-0.0148595171049237,0,0.0073312348686158,0.0002964215527754,-0.0112923774868249,0,0.1218579038977623,-0.5005144476890564,0.1500749588012695,0,-0.0571125671267509,0.0207168590277433,0.2580532729625702,0,0.0038815464358776,0.0738588944077491,0.0084259016439318,0,0.021454568952322,-0.0681602731347084,-0.0074468990787863,0,-0.3027763366699219,0.4396816492080688,1.8766371011734009,1
-0.3200910687446594,0.5602339506149292,7.207254409790039,-0.0006790066836401,0.0037517263554036,-0.0435434281826019,0,0.5115490555763245,-0.2578901648521423,3.875568389892578,1,0.0045297462493181,-0.0715190097689628,1.1809022426605225,1,0.0070481519214808,-0.0008186300401575,-0.0224900357425212,0,0.09958516061306,-0.0190380793064832,0.8400798439979553,1,-0.0319009833037853,0.0585579685866832,0.1429455578327179,0,-0.0046890885569155,-0.0185792744159698,-0.0425618328154087,0,0.0138154476881027,-0.0241901669651269,-0.0317030549049377,0,-0.9193495512008668,0.8899596333503723,1.3080569505691528,1
-0.5892068147659302,0.8288831114768982,6.781588554382324,-0.0084967575967311,0.0030023888684809,0.0129778841510415,0,-0.2058555334806442,0.8630180954933167,2.6307406425476074,1,0.0070427437312901,-0.0208803750574588,-0.0718433707952499,0,0.0203926675021648,-0.0029998666141182,0.0024921449366956,0,-0.4999044239521026,-0.2411706447601318,2.2652738094329834,1,0.004287518095225,-0.0038791757542639,-0.0268278662115335,0,0.0926094204187393,0.2333861887454986,1.9524704217910769,1,0.0037969090044498,-0.0079640829935669,0.009940218180418,0,-0.0030794225167483,0.006370551418513,0.0063645998015999,0
0.9535703659057616,-2.39447283744812,9.336155891418455,-0.0051118079572916,-0.0060081123374402,0.0101664783433079,0,-0.0144746778532862,0.1095424890518188,0.026462435722351,0,0.9105814099311828,0.2026155889034271,1.2767741680145264,1,0.0011138061527162,0.0081471567973494,0.0139640551060438,0,-0.0042513506487011,-0.0041475505568087,0.0005950611666776,0,-0.4554238319396972,-1.957921385765076,3.879794597625733,1,0.0207821782678365,-0.1172588765621185,0.0323535576462745,0,0.501098096370697,-0.6938690543174744,4.101687431335449,1,-0.000743469747249,0.0644268915057182,-0.0056421887129545,0
1.8028887510299685,-0.4548044800758362,19.010114669799805,-0.0282678790390491,0.004570900928229,0.0285917688161134,0,-0.0637013390660286,-1.279291033744812,7.223272800445557,1,-0.0154003631323575,-0.0064153857529163,-0.0708077922463417,0,1.324508547782898,1.2985684871673584,5.615538597106934,1,-0.0015477656852453,0.0147728323936462,-0.0247684326022863,0,0.0128895826637744,0.0026655674446374,-0.011226812377572,0,0.5472394227981567,-0.4489032030105591,6.26927375793457,1,0.0042937858961522,-0.0222805757075548,-0.0027013064827769,0,0.0228746719658374,-0.0184920579195022,-0.0170578118413686,0
-0.1358737349510193,0.3430059850215912,6.614020824432373,1.0096313953399658,-0.4592449069023132,2.6891355514526367,1,0.0079178735613822,0.0074724573642015,0.0186995044350624,0,0.0017488172743469,-0.0011584270978346,0.014216492883861,0,0.3614524602890014,-0.1366501003503799,0.1444911509752273,0,-0.0349188931286335,0.0126344077289104,0.0084287347272038,0,0.0085385255515575,-0.0067122289910912,-0.0138911874964833,0,0.0029312616679817,-0.0055931475944817,-0.0167156495153903,0,-1.4902056455612185,0.9184878468513488,3.767457962036133,1,-0.0029694465920329,0.013770081102848,0.0021986374631524,0
0.3812716603279114,6.679923057556152,17.76215171813965,1.1742851734161377,0.5374751687049866,1.0669769048690796,1,-0.5135358572006226,3.49048924446106,3.0144381523132324,1,-0.0002483151329215,-0.0211005453020334,-0.0253002252429723,0,1.408026099205017,0.1471455246210098,1.444258689880371,1,-0.1708717495203018,0.9974007606506348,8.804366111755371,1,0.0143114225938916,0.0073587256483733,-0.0052921827882528,0,0.2696056663990021,0.3067042529582977,0.2956635653972626,0,-1.80296528339386,1.1789113283157349,3.184769630432129,1,0.0026642619632184,0.0355385541915893,-0.0177280940115451,0
-0.3123407959938049,-7.68081521987915,23.15243530273437,-0.0167450029402971,-0.0015472685918211,0.0301866699010133,0,0.7500113844871521,-1.497184157371521,1.952022910118103,1,0.0024611940607428,-0.0161246787756681,-0.1024800464510917,0,0.0034760741982609,-0.0081078549847006,-0.0117879025638103,0,-0.0169684179127216,0.0653876736760139,0.0494743473827838,0,-1.809667468070984,0.0818221941590309,10.39906406402588,1,0.0158960353583097,0.0032141206320375,0.0070386352017521,0,0.0140057811513543,0.039765827357769,-0.0405672863125801,0,0.7451896071434021,-6.34804105758667,10.869484901428224,1
0.500035285949707,-0.1370042264461517,19.19338798522949,0.0028472447302192,0.0112736402079463,-0.0004419072065502,0,0.2662140130996704,0.1408240795135498,5.487843990325928,1,0.0017421448137611,0.0080683371052145,-0.0385216288268566,0,0.0048813354223966,-0.0022168711293488,0.0025123585946857,0,-0.1402283757925033,-0.0027780474629253,9.313283920288086,1,0.0100411865860223,0.0111260879784822,-0.0416845232248306,0,0.0015041081933304,-0.0015159954782575,-0.0133329732343554,0,0.3535130620002746,-0.3085995316505432,4.508243083953857,1,-0.0004794562119059,0.0068140984512865,-0.0245146881788969,0
-0.156235933303833,-0.0294367466121912,4.993185997009277,-0.0026868169661611,0.002139490796253,-0.0150273339822888,0,-0.1186605021357536,0.0587886795401573,1.855013132095337,1,0.0029115809593349,-0.0104927606880664,-0.070744439959526,0,-0.0073018744587898,0.0050024073570966,-0.0381719544529914,0,0.0062042879872024,-0.0018246463732793,-0.071248710155487,0,-0.0323967039585113,-0.0780275464057922,3.395521402359009,1,0.0022278644610196,-0.0023068157024681,-0.0061897006817162,0,-0.0028444237541407,0.0067227235995233,-0.0365175791084766,0,-0.0036893398500978,-0.0094382800161838,-0.0194485206156969,0
-0.6381024718284607,-0.3669676482677459,20.85736656188965,1.1274003982543943,-0.5248476266860962,1.42955219745636,1,-0.577914297580719,0.3427624106407165,2.5950074195861816,1,0.0030691192951053,0.0175688937306404,0.0173539686948061,0,0.0085036288946866,0.0011397823691368,-0.0225681345909833,0,-2.1624577045440674,0.7578492164611816,9.88320255279541,1,0.0166350528597831,0.0049478383734822,0.0650332495570182,0,0.0068008597008883,0.000366085791029,-0.0104807736352086,0,0.9373515248298644,-0.974334180355072,6.925102710723877,1,0.0025089865084737,0.0075799501501023,-0.0248356908559799,0
0.7088165283203125,0.9534217715263368,17.455095291137695,0.1004502475261688,0.1275137960910797,0.7341616153717041,1,-0.6845998764038086,-0.0951780602335929,1.0698034763336182,1,0.001603125478141,-0.0057695847935974,-0.0505429245531559,0,0.3543477952480316,0.0937989503145217,0.5936452746391296,1,-0.2455806583166122,0.5390021800994873,3.502270221710205,1,-0.0027728918939828,0.0010429815156385,-0.0222051162272691,0,0.0173287186771631,-0.0007382055628113,-0.0286369007080793,0,1.1670247316360474,0.307349681854248,11.705309867858888,1,0.0010152912000194,-0.0135999359190464,-0.0487101413309574,0
-0.035901952534914,0.2618968486785888,19.96243095397949,0.000741381663829,0.0052972612902522,-0.0007779248990118,0,1.1189781427383425,0.9775660037994384,7.864512920379639,1,-0.0055864020250737,-0.0037829973734915,-0.038543451577425,0,0.004896409343928,0.0022163840476423,-0.0102789551019668,0,-0.8333714604377747,-0.5018123984336853,10.923158645629885,1,0.0008718273020349,0.0031376490369439,-0.0172090511769056,0,0.0041493470780551,-0.0043550948612391,-0.0135978832840919,0,-0.3240996599197387,-0.2233437001705169,1.2587337493896484,1,-0.0024815388023853,0.0069737425073981,-0.0035683058667927,0
-1.2327207326889038,-0.2241913080215454,4.451827526092529,0.0471067614853382,0.0152475172653794,-0.0505111590027809,0,-0.0780737549066543,0.4240072965621948,-0.176121637225151,0,-2.021977424621582,0.1895560622215271,1.7677628993988037,1,-0.0141908079385757,0.0068147564306855,-0.021689549088478,0,0.4656605422496795,0.0611561425030231,0.7657831907272339,1,-0.9891111254692078,-0.6312005519866943,1.0278534889221191,1,-0.0409295782446861,-0.0818990990519523,0.0923044085502624,0,1.57973051071167,-0.0857928991317749,0.4702542722225189,0,-0.180935725569725,-0.1220805794000625,0.5761915445327759,1
1.5671721696853638,0.1658688485622406,9.559163093566896,0.4293171763420105,-0.077686034142971,0.4778491258621216,0,-0.2747320532798767,-0.0541566498577594,1.4389004707336426,1,-0.0103519251570105,0.0164804011583328,0.3215391337871551,0,0.9446710348129272,-0.0560412108898162,0.5348600745201111,1,-0.3025538325309753,0.2060786485671997,2.3144025802612305,1,-0.0329667553305625,0.2313040494918823,1.8028504848480225,1,1.039790391921997,-0.1449040919542312,0.66984623670578,1,-0.2167925238609314,0.0390584021806716,1.6100369691848757,1,-0.0092092351987957,0.0057353312149643,0.3888779282569885,0
1.0512115955352783,-0.536119282245636,3.633912324905396,0.0600164234638214,0.0142116472125053,0.0363258570432662,0,-0.5252507925033569,-0.3009210526943207,1.291664958000183,1,0.0036851915065199,-0.0022907680831849,-0.0387789234519004,0,0.7315292954444885,-0.1469013094902038,0.0713870897889137,0,-0.2526852190494537,0.025711053982377,0.9711085557937622,1,0.0191564839333295,0.0390459820628166,0.3597213625907898,0,1.032188892364502,-0.1685074269771576,0.7922132015228271,1,-0.0186333581805229,0.0009263880783692,0.1448896825313568,0,0.0012047623749822,0.00260621891357,0.0053806910291314,0
-0.4801926910877228,0.673095166683197,7.41592264175415,0.0188761055469512,-0.0023562037386,-0.0565946958959102,0,0.0335188098251819,0.000550435623154,-0.0562331564724445,0,-0.6814067959785461,0.8726440668106079,3.214706420898437,1,-0.0033015781082212,0.0046040173619985,-0.0176402553915977,0,0.2407079041004181,-0.1162126883864402,1.1245933771133425,1,-0.2470254749059677,0.1263927370309829,1.3545517921447754,1,-0.0014592938823625,0.0572175495326519,-0.0089421402662992,0,0.1456828862428665,-0.3040501475334167,1.878582239151001,1,0.0142147345468401,0.0343053936958313,-0.0171010009944438,0
4.940371513366699,-7.412544250488281,23.055667877197266,0.0159250944852828,-0.0065927626565098,0.0432931371033191,0,2.9196181297302246,-3.764108896255493,4.803128719329834,1,0.0076652071438729,-0.0238207522779703,-0.1162485033273696,0,0.0047213635407388,-0.0077307820320129,0.0348439440131187,0,-0.0225538983941078,0.0957483202219009,0.0119046662002801,0,-0.3161367774009704,-0.2313773334026336,11.190549850463867,1,0.0080883847549557,-0.046241495758295,0.0552972517907619,0,-0.055068764835596,-0.0330748483538627,0.0126825021579861,0,2.378113031387329,-3.395346403121948,7.020215034484863,1
0.0958538949489593,-1.225583791732788,7.515482902526855,0.0242391601204872,-0.0046113776043057,0.0177314914762973,0,0.5493249893188477,-1.083351969718933,3.214810609817505,1,0.0010532381711527,-0.0104007143527269,-0.0117819318547844,0,-0.0016290814382955,-0.0129695469513535,0.0106873838230967,0,0.2420272231101989,-0.5228633880615234,0.0311823152005672,0,-0.2998227775096893,0.0079494500532746,1.0667519569396973,1,-0.0119456388056278,-0.125782236456871,-0.0754517540335655,0,0.0391057468950748,-0.0194772239774465,-0.0706327781081199,0,-0.4464989602565765,0.5459232926368713,3.332185983657837,1
0.0409084260463714,0.1738803684711456,0.2761881947517395,0.0220907088369131,0.0089747011661529,0.0567340664565563,0,0.0476745255291461,0.0225496813654899,-0.021778792142868,0,0.027209386229515,0.0140572944656014,0.0732080191373825,0,-0.0039541702717542,-0.0016425332287326,0.0041025220416486,0,0.0308091826736927,-0.0175873972475528,0.1084677726030349,0,-0.0217815171927213,0.0157874263823032,0.0138953644782304,0,0.0300968158990144,-0.0698249414563179,0.0901259556412696,0,0.0081219365820288,0.1331135630607605,0.0199387148022651,0,-0.0993584394454956,0.0684525817632675,-0.0685054138302803,0
0.333457201719284,-0.6701470017433167,18.01793670654297,-0.0030376322101801,0.0066564725711941,0.0124852824956178,0,-0.3900695443153381,-0.1973161250352859,6.86208438873291,1,0.0045244921930134,-0.0082807065919041,-0.025568913668394,0,0.0075849452987313,0.0064763184636831,0.039723664522171,0,0.2215956896543502,-0.2532861828804016,7.354347229003906,1,0.0023251082748174,0.0003829174384009,-0.0372270457446575,0,0.0064625153318047,-0.0038366382941603,-0.0122046517208218,0,0.4804354608058929,-0.2112620323896408,3.850231647491455,1,0.0036361517850309,-0.0096810273826122,-0.0259360503405332,0
-0.0494758784770965,-0.0803452283143997,13.833744049072266,0.0139569202437996,-0.0003098503511864,-0.0181828290224075,0,0.3464560210704803,0.0177911557257175,5.784954071044922,1,-0.0016373505350202,-0.0032485737465322,-0.0320324301719665,0,0.0014231762615963,0.0033793183974921,-0.0181617811322212,0,-0.3129761219024658,-0.0099348546937108,7.737639904022217,1,-0.0203666761517524,-0.0135533176362514,0.0172376707196235,0,-0.0003929551749024,0.0003383176226634,-0.005202617496252,0,-0.0806531012058258,-0.0755015239119529,0.384891539812088,0,0.004714180715382,0.0006941023166291,-0.0173996575176715,0
3.4973177909851074,-0.44157674908638,23.65256690979004,-0.0428505279123783,0.0042116250842809,0.0037124115042388,0,0.5304957032203674,0.9664543271064758,4.615481853485107,1,0.002536155981943,0.0021940025035291,-0.0204902086406946,0,-0.0050767199136316,0.0091010360047221,-0.0456525161862373,0,1.177653670310974,0.2886873781681061,9.548930168151855,1,0.0117217199876904,0.0090725179761648,0.0016079059569165,0,-0.0019486823584884,-0.0845023766160011,-0.0851909667253494,0,1.81504499912262,-1.6799885034561155,9.665133476257324,1,0.0097412131726741,0.0431932024657726,-0.0309657622128725,0
1.318033218383789,0.3323991298675537,15.571990966796877,0.040226113051176,0.0551849640905857,0.0524404868483543,0,-0.3896297216415405,-0.7449692487716675,3.809366464614868,1,0.0012959539890289,0.0001257241383427,-0.0008028749725781,0,1.3738003969192505,0.1597542762756347,5.581498146057129,1,-0.0032160934060811,-0.0006943853222765,-0.0333832167088985,0,0.0026786632370203,0.0061107641085982,-0.0299616232514381,0,0.2926565408706665,0.8542382121086121,6.216497421264648,1,-0.0001576072099851,-0.0004973644390702,-0.0113787408918142,0,0.000379054894438,0.00314621347934,-0.0122851002961397,0
-0.119049571454525,2.5722248554229736,18.62562370300293,1.8421542644500728,-0.2158546149730682,1.8161484003067017,1,-0.7067192196846008,2.442432641983032,2.342320680618286,1,0.003144628368318,-0.0057812216691672,0.0160560775548219,0,1.2085156440734863,-0.4592747092247009,1.659070611000061,1,-0.7012901306152344,0.6293153762817383,8.255298614501953,1,0.0143549293279647,0.0010492139263078,0.0224878340959548,0,-0.0114596877247095,-0.0457805208861827,-0.0117913223803043,0,-1.7581195831298828,0.256446897983551,4.57614278793335,1,-0.0096305813640356,-0.0303283017128705,-0.0501091256737709,0
0.8664628863334656,-2.0284743309021,13.771096229553224,0.0260958317667245,-0.0185095611959695,0.1093756407499313,0,0.600348711013794,-0.3685579895973205,6.359415054321289,1,0.0007365105557255,-0.0078960368409752,-0.0037942063063383,0,-0.0023253466933965,0.0106863509863615,-0.025446705520153,0,0.047755304723978,-1.1644431352615356,4.931376934051514,1,0.0262050759047269,-0.0004587275034282,0.0395216271281242,0,0.0007171709439717,0.0196452178061008,-0.0344234853982925,0,0.1401403844356537,-0.5068449378013611,2.450364828109741,1,0.0267892256379127,0.0079044988378882,-0.0552923195064067,0
0.2044696807861328,-0.1369716823101043,9.3623628616333,-0.2127896398305893,0.2639990746974945,2.9181883335113525,1,0.0184445716440677,0.1076609715819358,-0.0076755010522902,0,-0.0032321240287274,-0.0232225805521011,0.0045582582242786,0,0.7041885256767273,-0.8515253067016602,2.574538230895996,1,0.0322722047567367,-0.0354470163583755,0.1032781302928924,0,0.005609611980617,-0.0052277096547186,-0.0088578704744577,0,-0.0184205453842878,-0.0673825442790985,-0.0421184562146663,0,-0.3042239546775818,0.4770220816135406,3.820924043655396,1,-0.0173790380358696,-0.0028487406671047,-0.0004730223445221,0
3.9037275314331055,-3.4685089588165283,16.354278564453125,0.0236706584692001,-0.021284807473421,0.0174470040947198,0,1.2637561559677124,-1.7499181032180786,3.8661935329437256,1,-0.0025620304513722,-0.0135247148573398,-0.0885532200336456,0,0.0024612341076135,-0.0084530152380466,0.0192345138639211,0,-0.006567208096385,0.0805903151631355,0.0434023700654506,0,0.3563265204429626,0.2942095398902893,7.9372639656066895,1,-0.0096983537077903,-0.0260961521416902,-0.0171010196208953,0,-0.0293033942580223,0.10541532933712,-0.0578650049865245,0,2.3056440353393555,-2.1294474601745605,4.634257316589356,1
-0.6138039827346802,1.5616575479507446,8.429037094116211,0.0229270607233047,0.0070345089770853,-0.0100527023896574,0,0.010108970105648,-0.0862763226032257,0.0026431514415889,0,-0.7271645069122314,1.5287710428237915,5.293685436248779,1,-0.0010301097063347,-0.0012775886571034,-0.0138818882405757,0,0.06498284637928,0.0617273636162281,0.083525151014328,0,0.0667699575424194,0.1241067498922348,1.5430947542190552,1,0.0088030118495225,0.0014541040873154,0.0212553758174181,0,0.0811232253909111,-0.0641831010580062,0.0684214830398559,0,-0.1403245031833648,-0.0096991974860429,1.4403464794158936,1
1.285993218421936,-3.3563098907470703,7.7850236892700195,-0.0133639564737677,0.0016841106116771,-0.0500113293528556,0,0.1366420239210128,-1.6744645833969116,5.847956657409668,1,0.0005189240910112,-0.0263003259897232,-0.0396393090486526,0,0.2788417339324951,-0.0429564677178859,0.3144396543502807,0,-0.2930304110050201,-1.2566826343536377,0.3674299716949463,0,0.0043011931702494,0.0002497900277376,-0.0082293897867202,0,1.1015857458114624,-0.0789347440004348,1.3129453659057615,1,0.0570871345698833,-0.2693746089935303,0.0533514358103275,0,0.0134107833728194,-0.0095304260030388,-0.0132199516519904,0
-0.0863067656755447,-0.1060975492000579,4.808430194854736,0.0361129567027092,-0.0667650997638702,0.3510399758815765,0,0.0624198131263256,-0.0081062689423561,3.558138608932495,1,-0.0012122580083087,0.0038672385271638,-0.0183169189840555,0,-0.0048431949689984,-0.0011617025593295,-0.0059187323786318,0,-0.0247249118983745,-0.2171046733856201,-0.215896800160408,0,-0.0017898647347465,0.0051909969188272,0.0078058480285108,0,0.0013070240383967,-0.0076606697402894,-0.0020896110218018,0,0.0059070270508527,-0.03169821575284,-0.0406826362013816,0,-0.1594833433628082,0.2173408567905426,1.174350619316101,1
2.036354780197144,0.065143197774887,18.736719131469727,0.8784551024436951,-0.7390267252922058,5.88597583770752,1,0.0044937948696315,-0.0151290828362107,-0.0108723957091569,0,0.0052106925286352,0.0030913050286471,-0.0560086704790592,0,0.0019014267018064,-0.0036896036472171,-0.0224209167063236,0,-2.093557357788086,2.694249391555786,6.997664928436279,1,-0.0008156961412169,-0.0069561898708343,-0.0024301384110003,0,0.0090666748583316,-0.0054882494732737,-0.0188597775995731,0,3.235891580581665,-1.8638548851013184,5.989221572875977,1,-0.0042914133518934,0.0019472553394734,-0.025551376864314,0
0.7582181692123413,-0.6926526427268982,11.689191818237305,0.0107157370075583,-0.0018048587953671,-0.0229300856590271,0,0.749416172504425,0.460358053445816,5.123595237731934,1,0.0034116620663553,0.0031143762171268,-0.0257883351296186,0,0.000917631201446,-0.0047487448900938,-0.0095802322030067,0,-0.6561052203178406,-1.3549096584320068,5.123727321624756,1,0.0029317769221961,-0.007357956841588,-0.012650248594582,0,0.637545108795166,0.2071344405412674,1.5042083263397217,1,0.0042539583519101,-0.0017792637227103,0.0109375184401869,0,0.0051313466392457,0.0073409909382462,-0.0023279248271137,0
0.6746785640716553,0.6919591426849365,11.74541187286377,0.0107583533972501,0.0291080120950937,-0.0205964818596839,0,-1.464992642402649,-0.3071109354496002,3.0340096950531006,1,-0.0011043696431443,0.0395016074180603,0.4793572723865509,0,1.0126471519470217,0.178007960319519,0.5916597247123718,1,-0.6689823269844055,0.2087848037481308,2.915425062179565,1,-0.0273586865514516,0.2810202836990356,2.0103561878204346,1,1.8354878425598145,0.142609640955925,0.6166957020759583,1,-0.021496819332242,0.089248389005661,1.5646425485610962,1,-0.000279969710391,0.0307893734425306,0.5538628101348877,1
-0.0582552179694175,1.758641242980957,4.952237129211426,0.0093751354143023,-0.0017719628522172,-0.0241056885570287,0,-0.658807098865509,0.7553161978721619,3.1773643493652344,1,-0.0060113351792097,-0.0074098170734941,-0.0215875674039125,0,0.0430453605949878,0.0724666118621826,0.0034599495120346,0,-0.1604059636592865,0.0942502915859222,0.2262272536754608,0,0.0279688704758882,0.002092843176797,-0.0228889025747776,0,0.6715303659439087,0.8377717733383179,1.624641180038452,1,0.0113900825381279,0.0037747384048998,-0.0260536111891269,0,0.003659353358671,0.0021505637560039,0.0151802469044923,0
0.2885765135288238,-1.6036967039108276,16.94815444946289,-0.5981261730194092,-0.5149369835853577,10.585744857788086,1,-0.0692267343401908,-0.1709416210651397,0.0299223847687244,0,-0.0025426750071346,0.0090777948498725,0.0015534225385636,0,1.0439119338989258,-1.0544365644454956,3.143742322921753,1,-0.0085712699219584,0.0285063032060861,-0.093256689608097,0,-0.0020607144106179,0.0014756973832845,0.0075145433656871,0,-0.0221346765756607,0.0443131700158119,-0.1178104430437088,0,-0.0511900782585144,0.1049002930521965,3.3588736057281494,1,-0.0014831050066277,-0.0516547076404094,0.0318689458072185,0
0.6354374289512634,-0.8683246374130249,7.394681453704834,-0.5597020983695984,-0.0788802057504654,3.901412010192871,1,-0.0041762678883969,-0.0022106145042926,-0.0129670351743698,0,-0.0047691576182842,0.0097591709345579,0.0286073926836252,0,1.220884919166565,-0.777696430683136,3.377871036529541,1,0.0057890266180038,-0.0282831508666276,0.098160520195961,0,-0.0010430214460939,0.008825272321701,-0.0178046859800815,0,-0.0065223309211432,0.0027781715616583,-0.0049835061654448,0,-0.0068078362382948,-0.00279380264692,0.0391882620751857,0,-0.0082157831639051,0.0001770179369486,-0.0148031609132885,0
0.1716188937425613,-0.2204859256744384,6.223566055297852,0.0003449719515629,-0.0021945654880255,0.0026684906333684,0,-0.2078465968370437,0.1007530614733696,2.445109605789185,1,-0.0064263762906193,0.0110079711303114,0.0196448005735874,0,0.004859646782279,-0.0021489025093615,-0.006386169232428,0,0.2514347732067108,-0.2647199034690857,3.729752779006958,1,0.0147596793249249,0.0122026717290282,-0.0382057540118694,0,0.0240651983767747,-0.0132271377369761,-0.0332501269876956,0,0.0886662304401397,-0.0615320354700088,0.0915895253419876,0,0.001761355320923,-0.000627071945928,0.0126433037221431,0
-0.5584551692008972,1.7803325653076172,14.000710487365724,0.2932729423046112,-0.0723578631877899,0.2858786880970001,0,0.0616019219160079,1.222762942314148,1.8188786506652832,1,0.0289896260946989,-0.0087259653955698,0.1402507871389389,0,0.1859831362962722,-0.0779881551861763,0.6399961113929749,1,0.1236233338713646,0.4966155290603637,6.8137736320495605,1,0.1402446329593658,0.0960069894790649,1.990620493888855,1,-0.0339497625827789,0.0328403078019619,0.0022306402679532,0,-1.3678678274154663,0.0688381120562553,2.2778944969177246,1,0.0096468301489949,0.0223407186567783,0.0311863292008638,0
-1.28789222240448,-0.384992241859436,9.883184432983398,0.0057218139991164,-0.0104585587978363,-0.0075873741880059,0,0.409501314163208,0.0061437957920134,1.0674923658370972,1,-0.4159788489341736,0.2247217446565628,0.6117786169052124,1,0.0235929787158966,0.026003997772932,0.383020281791687,0,0.6018633842468262,0.177285149693489,3.00488543510437,1,-0.8939563035964966,0.0551543720066547,3.0098190307617188,1,-0.0015433831140398,-0.0154724670574069,0.0445526018738746,0,0.1542634814977646,-0.0724054798483848,0.5332537293434143,1,-1.1713566780090332,-0.7759647965431213,1.2359699010849,1
0.1144474744796752,0.826336145401001,19.041221618652344,0.1137525141239166,-0.3025454878807068,3.613272905349731,1,-0.0054676444269716,-0.013267446309328,-0.0423170961439609,0,-0.0069799944758415,-0.0024109445512294,-0.0185380298644304,0,0.0039039347320795,-0.0003942491021007,-0.0123026659712195,0,-0.1579851061105728,0.6631861329078674,10.72710418701172,1,0.0167117640376091,-0.0006243015523068,-0.0323167890310287,0,-0.0020555972587317,-0.0008925789152272,-0.0115376766771078,0,0.715114414691925,-0.8096634149551392,1.5745006799697876,1,-0.5625467896461487,1.2929484844207764,3.243356704711914,1
-3.002286195755005,-6.643773555755615,10.30499267578125,0.0176737755537033,-0.0126716624945402,0.0052229240536689,0,2.2425599098205566,-1.347917079925537,7.7125372886657715,1,-0.0085768904536962,-0.0077123581431806,-0.04694839194417,0,0.0099030621349811,-0.0132652847096323,-0.0057670720852911,0,0.4877690374851227,-0.816417932510376,-0.0529915615916252,0,-0.0818173214793205,0.022489920258522,0.2249006330966949,0,0.0222521647810935,-0.0158215779811143,0.04614083096385,0,0.0174401085823774,-0.0283362809568643,-0.0238898079842329,0,-5.709489822387695,-4.424121379852295,2.4457879066467285,1
0.2142846584320068,5.0272979736328125,16.6165828704834,-0.0155408876016736,0.0240069311112165,-0.0640418380498886,0,-0.7104479670524597,3.1421186923980717,7.366666793823242,1,-0.0057568335905671,-0.0045553036034107,-0.0443345382809639,0,0.9137459993362428,0.5379452109336853,1.0470443964004517,1,0.3152336180210113,0.4161721169948578,5.213503837585449,1,0.0153747387230396,0.010548741556704,0.0066608721390366,0,0.3255676031112671,0.4157193601131439,0.2431689649820327,0,-0.6317759156227112,0.4706540107727051,2.899885892868042,1,0.007884319871664,0.014687817543745,-0.0519720017910003,0
0.3013072609901428,-0.9935479164123536,7.81125020980835,0.6742584705352783,-0.1184167861938476,0.3277251124382019,0,-1.443189024925232,-0.6756904721260071,2.692323446273804,1,-0.0051741423085331,0.0190350711345672,0.0581292435526847,0,0.8058934211730957,-0.1810666769742965,0.3093682527542114,0,-0.2881455421447754,0.0423381105065345,1.6759581565856934,1,-0.0096962936222553,0.0915933400392532,1.1715681552886963,1,0.6422635316848755,-0.1697892397642135,0.6912451386451721,1,-0.0784856155514717,-0.0084438975900411,0.8427400588989258,1,0.0035824845544993,0.0068926741369068,0.0421930700540542,0
0.6728936433792114,-0.695198655128479,7.304246425628662,-0.04684579372406,0.0010547678684815,-0.1033536866307258,0,0.931882917881012,-0.1314832419157028,2.264922857284546,1,8.056332444539294e-05,-0.0038417861796915,-0.0107876770198345,0,0.0005981392459943,0.0057000815868377,-0.006453915964812,0,0.5477643609046936,-0.0292270723730325,3.357186317443848,1,0.0056024519726634,0.0131893996149301,-0.0153681803494691,0,-0.0198055710643529,-0.1104493960738182,-0.0153647903352975,0,-0.7541866302490234,-0.4186662137508392,1.8714497089385984,1,0.0078030554577708,-0.0214751940220594,-0.0379842184484005,0
0.7652701735496521,-2.4995226860046387,6.583067417144775,0.0172137655317783,-0.010387192480266,-0.0056255315430462,0,0.1504090279340744,-0.1613212972879409,0.4638659060001373,0,-0.0008953267824836,0.0033526618499308,0.009202136658132,0,0.0025567570701241,-0.0125976828858256,-0.0005531890201382,0,0.6336974501609802,-1.6297876834869385,4.604772090911865,1,-0.0030212928541004,-0.0045183687470853,0.0046867816708981,0,-0.0022760645952075,-0.0087874662131071,0.0153275271877646,0,-0.0376450158655643,-0.6748759150505066,1.4740924835205078,1,0.005230912938714,-0.0005995861720293,0.017299385741353,0
1.213229417800903,0.5640922784805298,10.356233596801758,0.0753387808799743,-0.0357542596757411,0.3612063825130462,0,0.0374923162162303,-0.0862230956554412,0.4293481409549713,0,0.0075757396407425,0.0028519781772047,-0.0370267555117607,0,-0.000173568361788,0.0049790893681347,-0.0084585156291723,0,0.5668365359306335,0.6249838471412659,1.583240985870361,1,-0.1748443692922592,0.3767963349819183,2.326521158218384,1,0.0007621975382789,-0.0373251885175704,-0.0035363358911126,0,1.2304803133010864,-0.3749317824840545,1.4671828746795654,1,-0.5302385687828064,0.0887153446674346,4.237756252288818,1
0.069940835237503,-1.5156017541885376,5.517216682434082,-0.0370939821004867,0.0115350037813186,-0.0278489906340837,0,0.0262860003858804,-1.024321436882019,4.300595760345459,1,-0.0020054595079272,0.0069407457485795,-0.007658714428544,0,-0.0118551040068268,-0.0023873599711805,-0.0261828564107418,0,0.1471009999513626,-0.5741028189659119,1.0775251388549805,1,0.0035619109403342,0.0083292303606867,0.0048306002281606,0,-0.009961474686861,0.0536006540060043,-0.0369772017002105,0,0.0109419729560613,-0.0348950698971748,-0.0133777353912591,0,-0.057034034281969,0.0396993197500705,0.2463101893663406,0
1.6063023805618286,-0.3262620866298675,3.112632274627685,0.0090658841654658,-0.0029648800846189,-0.0276243202388286,0,0.4206054508686065,0.0640274062752723,0.2029208093881607,0,-0.1275984048843383,-0.0362167991697788,0.1414077430963516,0,-0.0049398001283407,-0.0080048218369483,-0.0374570973217487,0,0.8538468480110168,-0.0270238332450389,1.5464138984680176,1,-0.2674393653869629,-0.1055722832679748,0.7185819745063782,1,-0.0022581277880817,0.0039481506682932,-0.0027931374497711,0,0.8194480538368225,-0.1721327900886535,0.4827150702476501,0,-0.0944282338023185,-0.0423222407698631,0.088467463850975,0
-0.0856633186340332,-0.5922198295593262,5.240157604217529,0.0855937004089355,-0.0398668758571147,0.045324295759201,0,1.6489626169204712,-1.325452446937561,0.7694995403289795,1,-0.0008479689713567,0.0100612053647637,0.0007330567459575,0,0.0079835765063762,-0.0091670462861657,-0.0068600373342633,0,0.121402621269226,-0.2232851684093475,-0.3474884331226349,0,-0.1827049702405929,0.2553299367427826,1.5034734010696411,1,-0.0103005431592464,0.0033210052642971,-0.023161232471466,0,-0.0719524621963501,0.0259570572525262,-0.0191853046417236,0,-1.6837999820709229,0.7108824253082275,3.317822217941284,1
0.2363736033439636,2.4912354946136475,18.29481315612793,1.2418726682662964,-0.1188816055655479,0.3394065201282501,0,-2.1228435039520264,1.8514976501464844,3.439872026443481,1,0.0705454722046852,0.0050578392110764,0.6476909518241882,1,0.9483014941215516,0.0737357810139656,1.082617998123169,1,-0.0503708645701408,0.6543691754341125,6.780226230621338,1,0.2249826788902282,0.1354828774929046,3.325355529785156,1,0.1357427537441253,-0.0927632451057434,0.0016459578182548,0,-0.3432551622390747,-0.0893148779869079,2.0817887783050537,1,0.1313980519771576,0.0720520094037056,0.5962092280387878,1
0.2366868704557418,0.2624007165431976,7.803409576416016,0.2301829308271408,-0.031871061772108,1.7687009572982788,1,-0.1576607823371887,0.2206850945949554,0.106744535267353,0,0.0026750662364065,0.0110471043735742,-0.010863552801311,0,0.2477590888738632,-0.0828544273972511,0.888583242893219,1,0.0469277575612068,0.2253165394067764,2.2357277870178223,1,0.0064605781808495,0.0062408256344497,0.0120733166113495,0,0.0805081874132156,0.0749085992574691,-0.0758221223950386,0,-0.2687443196773529,-0.1600224375724792,2.828270196914673,1,0.0485784001648426,-0.0010494993766769,0.0499952957034111,0
1.0332916975021362,-0.0828398540616035,10.28697109222412,0.0311374329030513,-0.0186119005084037,-0.0212111975997686,0,0.9169604182243348,0.231214553117752,0.8611220717430115,1,-0.8182490468025208,-0.0955193862318992,1.8396645784378047,1,0.0055514676496386,0.0053659193217754,0.0165463332086801,0,1.412725567817688,0.1264654546976089,2.038734674453736,1,-1.2616795301437378,-0.2199291437864303,2.87381362915039,1,0.0066236206330358,0.0007971390150487,0.0127356452867388,0,1.4810515642166138,-0.0821783244609832,1.4727145433425903,1,-0.7408298254013062,-0.0304441526532173,1.1928503513336182,1
0.8722481727600098,0.0854579359292984,13.47760009765625,0.0114177614450454,0.0184756182134151,0.0068257548846304,0,-1.307788610458374,-0.4490076005458832,3.3060195446014404,1,-0.0136448387056589,-0.0141532663255929,0.6289495229721069,1,0.9379540085792542,0.1248755306005477,0.4625502526760101,0,-0.675057590007782,0.1345467120409011,3.2332887649536133,1,-0.0412935353815555,0.2521269917488098,2.410396814346313,1,2.025711297988892,-0.0484377034008502,0.865953803062439,1,-0.0517358407378196,0.0477297343313694,1.7881500720977783,1,-0.0133145172148942,0.0193019341677427,0.7754654884338379,1
-1.10872220993042,-1.6448495388031006,12.91411018371582,0.0130145167931914,-0.0520882792770862,0.0255221538245677,0,-0.7579925656318665,2.042200326919556,7.22866678237915,1,-0.0031657530926167,-0.0199988167732954,-0.0633361935615539,0,-0.0024810314644128,0.0109614040702581,-0.0055738515220582,0,0.2005554884672165,-1.8496824502944944,-1.62017560005188,0,-0.4713226556777954,-0.5383437275886536,6.077809810638428,1,0.0039051638450473,-0.1316543668508529,0.0724937245249748,0,0.01441784016788,-0.1643775552511215,-0.0468728318810462,0,-0.1056531146168708,-0.9418661594390868,1.2455756664276123,1
1.5252108573913574,0.5545416474342346,9.595011711120604,0.0159586705267429,0.000124087309814,-0.0350234769284725,0,0.4163462519645691,0.3833073377609253,0.9571895599365234,1,-1.01602303981781,-0.2783757746219635,1.0812238454818726,1,0.004245885182172,0.0156305842101573,0.6212279796600342,1,1.35685133934021,0.4139084815979004,2.72043776512146,1,-0.5194429159164429,0.0550689585506916,2.352525234222412,1,0.0176585875451564,-0.0076295058242976,-0.0263869948685169,0,1.369792103767395,-0.0121306022629141,1.4979363679885864,1,-0.1201760470867157,-0.0153619302436709,0.4258812367916107,0
-6.0052170753479,-7.546503067016602,14.02957820892334,0.0262617319822311,-0.0117512010037899,0.0302755068987607,0,1.085846781730652,-0.4986484348773956,2.3870556354522705,1,-1.0912516117095947,0.3339534699916839,1.2362685203552246,1,0.0335017517209053,0.0401182956993579,0.4782578945159912,0,0.6749658584594727,0.0903692170977592,2.360960006713867,1,-1.4212969541549685,-0.0105129405856132,3.592116355895996,1,-0.0029865214601159,0.0997179523110389,-1.3660386684932746e-05,0,0.3026720583438873,-0.2322777062654495,0.9311453104019164,1,-5.6129302978515625,-7.357471942901611,3.013511896133423,1
0.8446752429008484,-0.4643458425998688,7.112744331359863,-0.0185250714421272,0.0044659134000539,0.0099918451160192,0,-1.8569936752319336,-0.8708124160766602,2.8698387145996094,1,-0.0090022692456841,-0.0164193399250507,-0.0079090017825365,0,0.694561243057251,0.2524421811103821,1.1841861009597778,1,-0.373741865158081,-0.2886069118976593,0.5706576108932495,1,-0.0018757272046059,0.0051984130404889,-0.012115086428821,0,2.4145328998565674,0.4568282067775726,2.550379991531372,1,8.180864824680611e-05,0.0010076042963191,-0.0161443203687667,0,-0.0043619759380817,-0.0084495525807142,-0.0361417047679424,0
1.5316972732543943,0.1180804818868637,9.210234642028809,-0.0327449887990951,0.0111018130555748,-0.0211332626640796,0,-0.0718555971980094,0.2665887176990509,-0.6107969880104065,0,0.0007934671011753,0.0054296501912176,-0.007651547435671,0,-0.0032679622527211,0.0006437514675781,-0.0130855701863765,0,0.97735595703125,0.2769389748573303,5.284353733062744,1,0.0052989111281931,-0.0067116920836269,-0.0025915717706084,0,0.0016452970448881,0.013354405760765,-0.0261465981602668,0,0.675576388835907,-0.4693313539028168,4.626716136932373,1,-0.0211042407900095,0.0200662184506654,-0.0194288436323404,0
1.163414478302002,-0.639927864074707,7.628889560699463,0.0030685423407703,0.0041590826585888,0.0031927525997161,0,0.3010490834712982,-0.2586135864257812,3.0915558338165283,1,-0.0021149839740246,0.0071103065274655,-0.0204550009220838,0,-0.0020569220650941,0.0027979961596429,-0.0218974258750677,0,1.0336346626281738,-0.2221248298883438,2.7444841861724854,1,-0.1161347553133964,-0.0125576322898268,0.2291238903999328,0,0.0019120671786367,-0.0061380486004054,-0.0155284730717539,0,0.1472814977169037,-0.1499658674001693,0.260097861289978,0,-0.203224778175354,-0.0045952727086842,1.358315348625183,1
1.6331815719604492,-0.3289256393909454,12.64218807220459,0.7603318095207214,0.2528911232948303,1.0966345071792605,1,-1.9913833141326904,-0.7319364547729492,5.043691635131836,1,0.0007089141290634,-0.0004646041197702,0.0149113535881042,0,1.8024760484695437,0.2464781999588012,1.0445438623428345,1,-1.5081716775894165,-0.2023947387933731,3.3926331996917725,1,-0.0085103111341595,0.0060976529493927,-0.0216508917510509,0,2.792494058609009,0.2288563251495361,1.1630489826202393,1,-0.2175255864858627,-0.1384772956371307,0.8898240327835083,1,0.0027615376748144,0.0100241610780358,0.0185525063425302,0
2.2273402214050293,1.0405495166778564,4.94088888168335,0.0027426693122833,-0.0001352326798951,-0.0195646435022354,0,1.215653657913208,0.2247370779514312,0.673983633518219,1,-0.0278139319270849,0.0304926857352256,0.0363761782646179,0,-0.0007892438443377,-0.0013541366206482,-0.0199950076639652,0,1.4341437816619873,0.4000939130783081,2.5865864753723145,1,-0.2561468780040741,0.25330650806427,0.6834531426429749,1,0.0036063722800463,-0.0121219912543892,-0.0219823569059371,0,0.1713743209838867,-0.0110452743247151,0.5715551376342773,1,-0.3154304027557373,0.156575858592987,0.4504759907722473,0
1.0560061931610107,-0.0401080809533596,4.651219367980957,-0.0026649334467947,-0.0026394147425889,6.934868724783882e-05,0,0.2850814461708069,0.0258497800678014,0.7481369376182556,1,-0.2039293348789215,0.0096733188256621,0.5411034822463989,1,0.0032194824889302,0.0043185297399759,0.0005264144274406,0,0.9452489018440248,0.1169644221663475,1.7331461906433103,1,-0.198557823896408,-0.029327493160963,0.6617985367774963,1,0.0079323910176754,-0.0032108151353895,-0.0105608226731419,0,0.3022686541080475,-0.1520822346210479,0.8816190958023071,1,-0.0825925916433334,-0.0096541764214634,0.0953803807497024,0
1.8726364374160769,1.969276428222656,20.5996322631836,0.0061843357980251,0.003146857721731,-0.0533960573375225,0,1.1040630340576172,1.3850270509719849,11.667128562927246,1,-0.005991191137582,-0.0073848338797688,-0.013744912110269,0,0.9396255016326904,1.9219427108764648,5.022164821624756,1,-0.0060922340489923,0.0390500053763389,-0.0450352542102336,0,0.0127338645979762,0.0090593602508306,0.0269442666321992,0,-0.1778905689716339,-1.3543391227722168,4.03057336807251,1,0.0043394463136792,0.0214636139571666,-0.034566443413496,0,-0.0043357899412512,-0.0486896038055419,-0.0004366555949673,0
1.8011155128479004,-1.9768743515014648,17.69617462158203,-0.0090394001454114,-0.0086710080504417,-0.0323441252112388,0,2.481172800064087,-1.0841150283813477,10.099903106689451,1,0.0027742180973291,-0.0191980730742216,-0.0333474949002265,0,0.0091975592076778,-0.0099598998203873,-0.0075092911720275,0,-0.0957009196281433,-1.1379919052124023,6.283152580261231,1,0.0239325016736984,0.0212118830531835,0.0338807739317417,0,0.0054934546351432,0.0125764114782214,0.0559637062251567,0,-0.0715149790048599,-0.460549533367157,0.6569246053695679,1,-0.5451993942260742,0.7098228335380554,0.6395499110221863,1
-2.5765280723571777,1.7364040613174438,15.897445678710938,-0.2641011774539947,0.30942103266716,-0.6206187009811401,0,0.3840018510818481,0.5010710954666138,-0.240645095705986,0,-0.5941125154495239,0.5148776173591614,0.9887184500694276,1,-0.0036653173156082,0.0140167288482189,-0.0023050922900438,0,0.727840006351471,0.6475630402565002,2.5965726375579834,1,-0.5836698412895203,0.719170331954956,4.510476112365723,1,0.001946992939338,0.053366795182228,0.0117817735299468,0,0.524671196937561,-0.3764375746250152,1.6215978860855105,1,-2.769439220428467,-0.646645188331604,7.0318684577941895,1
1.1545064449310305,0.2059029936790466,13.445749282836914,0.0095448521897196,-0.0108845811337232,-0.0085464417934417,0,0.1293324083089828,0.231741800904274,0.1411695927381515,0,-1.9590656757354736,-1.1461652517318726,4.4249467849731445,1,0.0040367660112679,-0.010547169484198,-0.0599214099347591,0,2.138395309448242,1.26600980758667,3.430572032928467,1,-0.2873325049877167,-0.2041384428739547,2.24732518196106,1,0.0150774698704481,-0.016496567055583,-0.0371803008019924,0,1.277435541152954,0.2035555988550186,2.5763676166534424,1,-0.1729177385568618,-0.1071721911430358,0.7310163974761963,1
0.9436782002449036,-0.5164893269538879,9.797571182250977,-0.006886432878673,0.2175867259502411,1.3704842329025269,1,0.0743936821818351,0.0976734906435012,0.1224584430456161,0,0.0019131925655528,-0.0130859380587935,-0.0045930705964565,0,0.8076724410057068,-0.3347179889678955,7.646618366241455,1,-0.0197136607021093,-0.002974699018523,-0.1007361263036727,0,0.0029610721394419,0.0025170031003654,-0.00339568243362,0,0.1745850890874862,-0.5341203212738037,0.7618858814239502,1,-0.0698356032371521,0.0177259948104619,0.0049519827589392,0,-0.0214116387069225,0.0329063795506954,-0.0001028234983095,0
0.9489246010780334,-0.6846932172775269,6.882429122924805,0.0336469188332557,-0.0052078254520893,-0.0276954974979162,0,0.2568851709365845,0.0694432035088539,2.242292881011963,1,0.0032173006329685,0.0049562091007828,0.0376500748097896,0,-0.0012402981519699,-0.0066648293286561,-0.00349907646887,0,0.3658929467201233,-0.6264303922653198,3.149190664291382,1,0.0083071710541844,0.0019755149260163,0.0190875120460987,0,-0.0010886641684919,-0.1271199285984039,0.037700492888689,0,0.2677355408668518,-0.0353390090167522,1.426698923110962,1,0.0155685665085911,0.0396938472986221,0.0010032629361376,0
1.7052481174468994,4.448349475860596,8.666890144348145,-0.0538883171975612,0.0076190689578652,0.0434654168784618,0,0.6346853971481323,2.9063045978546143,3.692504644393921,1,-0.0035429503768682,0.0163640845566988,-0.0269968975335359,0,0.0102269314229488,-7.300992001546547e-05,0.0082164574414491,0,0.7134336829185486,1.2163019180297852,4.453337669372559,1,0.0065173218026757,0.0038638890255242,0.009672500193119,0,0.0141653250902891,0.1375652998685836,0.0711451843380928,0,0.3935465812683105,0.1564498096704483,0.3829442262649536,0,-0.009895839728415,0.0039538466371595,0.0326009131968021,0
1.1318926811218262,-1.3768694400787354,9.169584274291992,-0.0039361547678709,-0.0329260230064392,0.0287462081760168,0,0.5417537093162537,-1.007044553756714,2.8348374366760254,1,0.0026691467501223,-0.0230067130178213,-0.0429923497140407,0,-0.0013361625606194,0.002049216767773,-0.0051848879083991,0,-0.0060752211138606,0.0260488111525774,0.0760448798537254,0,-0.0380543880164623,0.2024933099746704,2.826660394668579,1,0.0005136086256243,-0.0819670408964157,0.0311605706810951,0,-0.0177687834948301,-0.004441968165338,0.0255800206214189,0,0.6541268825531006,-0.4580743610858917,3.3947319984436035,1
-1.4791406393051147,1.9788472652435305,16.291488647460938,0.575875461101532,0.5296176075935364,3.1609697341918945,1,-1.2589057683944702,0.9391963481903076,0.8379819989204407,1,0.0041028806008398,-0.0037153039593249,-0.0195091757923364,0,1.523316740989685,-0.2608490288257599,5.62024450302124,1,-0.5072309970855713,0.3256469368934631,3.1021854877471924,1,0.0090321209281682,-0.0075774658471345,-0.0257753897458314,0,0.0806622505187988,0.0597282461822032,1.0901514291763306,1,-1.9165606498718264,0.392240971326828,2.5670855045318604,1,0.0105672506615519,0.0045589618384838,-0.0418468415737152,0
1.573949098587036,0.6684755086898804,9.11067008972168,0.0172260347753763,0.0097696557641029,-0.0438425950706005,0,0.1471060812473297,0.125736579298973,0.8033542633056641,1,-1.2982803583145142,-0.2329169064760208,1.1390159130096436,1,0.011646881699562,0.0051077888347208,0.5960182547569275,1,1.4390636682510376,0.6221039891242981,2.529571056365967,1,-0.7788642644882202,-0.0057272310368716,2.7364296913146973,1,0.0171161144971847,-0.0049976049922406,-0.0111772259697318,0,2.0298242568969727,0.1540893763303756,1.0960183143615725,1,-0.01088931504637,-0.0046901619061827,0.2652819454669952,0
1.9507114887237549,0.1262423694133758,10.681575775146484,-0.0284031294286251,-0.0090426262468099,0.0743201076984405,0,1.069666028022766,-0.8711773157119751,5.586495399475098,1,-0.0024274443276226,0.0001811428228393,-0.0104101290926337,0,0.0022178292274475,-0.0027062739245593,0.0189704168587923,0,0.0071719661355018,0.0445490442216396,0.0052967080846428,0,0.0906904563307762,0.3150230050086975,1.4786285161972046,1,0.0013250382617115,0.12538443505764,0.0172606371343135,0,0.0040826611220836,0.1187651604413986,-0.0410019643604755,0,0.8063879609107971,0.4052657783031463,3.552015781402588,1
0.0047617852687835,-0.1491040289402008,0.8098797798156738,-0.0123459910973906,-0.0030721898656338,0.0004903010558336,0,0.0448265075683593,-0.197300523519516,0.8745281100273132,1,0.0017848211573436,0.0035368059761822,0.0004887248505838,0,-0.0065233414061367,0.0036185318604111,0.0008367017144337,0,-0.0100456336513161,0.0107944123446941,-0.0809424668550491,0,5.173645695322193e-05,-0.0010765107581391,0.0038078604266047,0,-0.006021951790899,0.1045115813612937,-0.0235442724078893,0,0.0095860101282596,-0.0901855826377868,0.0302886571735143,0,-0.0165503714233636,0.0200694222003221,0.0039261421188712,0
2.9462640285491943,3.0028653144836426,22.32088088989257,0.0152309816330671,0.9562959671020508,4.0953898429870605,1,-0.0531018674373626,0.180234283208847,-0.1876562088727951,0,0.0063636447302997,0.0013790329685434,-0.0102609591558575,0,0.36200150847435,-0.6352600455284119,0.4980427026748657,0,1.6492661237716677,4.367789268493652,14.099932670593262,1,0.0167967192828655,0.0136889675632119,0.0138039821758866,0,0.0001886468671727,0.0071328352205455,0.0485041365027427,0,1.0444082021713257,-2.293307065963745,3.492264032363892,1,-0.0948898568749427,0.4049116671085357,0.2708601355552673,0
0.3647767603397369,-0.3861874341964721,24.17728614807129,-0.0063947387970983,0.0092275040224194,0.0078200055286288,0,-1.1740496158599854,0.6638184785842896,4.107061862945557,1,0.0015178399626165,-0.0041917376220226,-0.0113409580662846,0,0.0022412193939089,0.0046896170824766,-0.0125150848180055,0,0.2317063510417938,-0.0791409239172935,17.06998634338379,1,-0.0209183059632778,-0.0039660101756453,-0.0322501696646213,0,0.0016787291970103,-0.0047481111250817,-0.0030513179954141,0,1.325821042060852,-0.9742913246154784,3.0176310539245605,1,0.0031741620041429,0.0024150544777512,0.033942837268114,0
0.3322665989398956,0.0758010372519493,13.270403861999512,0.0076303039677441,0.006202314980328,-0.0065175169147551,0,0.2410705089569091,0.2529995143413543,0.339578628540039,0,-3.5550265312194824,-1.49359929561615,4.898388385772705,1,0.0023958988022059,0.0007328735664486,-0.0169704910367727,0,2.05411696434021,1.6723902225494385,3.082002639770508,1,-0.4288565516471863,-0.5061535239219666,2.1754744052886963,1,0.0058411308564245,-0.0022972386796027,-0.0157327353954315,0,2.042846202850342,0.1529053151607513,2.71928334236145,1,-0.0377512872219085,-0.0073792296461761,0.0948971733450889,0
1.3522316217422483,0.0820537060499191,19.220563888549805,-0.0258012227714061,-0.0063735502772033,-0.0028236471116542,0,2.4206418991088867,2.9143290519714355,9.286304473876951,1,-0.0026687413919717,0.0027798083610832,0.0020246186759322,0,0.2403910160064697,0.2607999742031097,0.7177910804748535,1,-0.4227426648139953,-2.0702154636383057,3.027608633041382,1,0.0110506052151322,0.0025177064817398,0.0147155188024044,0,-0.8516129851341248,-0.9296969175338744,6.302485466003418,1,0.0012187244137749,-0.0303719174116849,-0.0826067849993705,0,-0.0182449389249086,-0.0617147125303745,-0.0449352860450744,0
1.3854076862335205,-0.9025973677635192,12.630777359008787,0.3387500941753387,0.1446497291326522,0.6938700675964355,1,-3.161242246627808,-1.0309953689575195,5.299028396606445,1,-0.0009461120935156,-0.0113241849467158,-0.030244193971157,0,1.6987931728363037,0.2060577124357223,1.4512876272201538,1,-1.2254433631896973,-0.7237938046455383,2.7117764949798584,1,0.0184221621602773,0.0303298998624086,-0.0637863203883171,0,3.710080862045288,0.4716328978538513,2.572181463241577,1,-0.0042402488179504,-0.005526652559638,-0.0057867956347763,0,0.0112333316355943,0.0163722950965166,0.0024513143580406,0
-0.0163410138338804,0.4701427221298218,16.28510856628418,0.0023087849840521,-0.0037185330875217,-0.0068580317310988,0,0.1300776749849319,0.2167361080646515,0.3552354872226715,0,0.0061378870159387,0.0099890772253274,0.0047722524031996,0,-0.0001835885486798,0.003094570711255,-0.0091852853074669,0,0.5936031341552734,0.4734582901000976,6.145382881164551,1,0.0029808243270963,0.0027968329377472,-0.0178713947534561,0,-0.0026803109794855,-0.0020202284213155,-0.0157155636698007,0,-0.7476949691772461,-0.2259386330842971,9.83820629119873,1,-0.0008904769201762,-0.004254771862179,-0.0088576460257172,0
-4.001556873321533,-8.496003150939941,11.36765480041504,0.0079035805538296,0.0082912584766745,-0.0474824011325836,0,1.714450716972351,-1.5723941326141355,2.1058921813964844,1,-0.386574387550354,0.082310676574707,0.3739680051803589,0,0.0067461067810654,-0.0087329419329762,0.1700630187988281,0,0.5035362243652344,-0.0250526685267686,1.7223767042160034,1,-1.0011965036392212,-0.2178329527378082,2.62439227104187,1,-0.0066416170448064,-0.0188559163361787,-0.1242573261260986,0,-0.0069861183874309,-0.0566972121596336,0.4418729841709137,0,-4.832794666290283,-6.687039375305176,4.100828647613525,1
0.3074064254760742,-2.4249160289764404,20.16136360168457,0.2119900435209274,-0.9244468212127686,3.6642274856567374,1,0.017104061320424,-0.0932312831282615,0.0156869627535343,0,0.0030906805768609,-0.0051278281025588,0.0178796704858541,0,0.0458620712161064,-0.074043795466423,0.1264975517988205,0,-0.1518213748931884,0.8242446780204773,9.263176918029783,1,0.0093951495364308,-0.014085198752582,-0.0036859461106359,0,0.0153933688998222,-0.1687733083963394,0.0829847231507301,0,0.1408137679100036,-2.037097692489624,7.054989814758301,1,0.0155786667019128,0.0676453933119773,-0.0603949688374996,0
-0.0836684331297874,0.124210275709629,14.954230308532717,0.0068503078073263,0.0016990061849355,-0.0027737356722354,0,0.12629234790802,0.3412469923496246,3.7349915504455566,1,-0.0020894077606499,0.0018264309037476,-0.0105690732598304,0,0.0034332671202719,0.0056286333128809,-0.0473384670913219,0,-0.3928661942481994,-0.5985537767410278,7.795290470123291,1,-0.0048942081630229,0.0030023434665054,-0.0397806875407695,0,0.0107776261866092,-0.0051088039763271,-0.0206647366285324,0,0.1738656461238861,0.3724025189876556,3.560216426849365,1,-0.0050378078594803,0.0020669198129326,-0.0151419499889016,0
0.3210500478744507,-0.8245518803596497,12.45726203918457,-1.1214452981948853,0.4983262121677398,4.703042030334473,1,-0.0134781440719962,0.09523905813694,-0.0319887995719909,0,0.000440291914856,0.0047325086779892,0.0123502174392342,0,2.158935070037842,-1.9052048921585083,7.179861545562744,1,0.0100906053557991,-0.0089760469272732,0.0179864279925823,0,0.0004571645404212,0.0018733289325609,-0.0194555185735225,0,0.0019155304180458,-0.0496768578886985,0.0372996069490909,0,-0.7180902361869812,0.4922302365303039,0.5996166467666626,1,0.0022250942420214,0.0469046607613563,-0.0414495579898357,0
2.773836851119995,4.732347011566162,8.47630786895752,0.008451035246253,0.0020277069415897,-0.0001227761968038,0,-0.0186221953481435,0.0902762413024902,-0.0729773193597793,0,0.6130461096763611,-0.0435846447944641,1.274357795715332,1,0.0053695435635745,0.0197266545146703,0.0138256596401333,0,-0.0064928573556244,0.0725474059581756,0.0307143423706293,0,0.3176089227199554,0.046870082616806,1.7432540655136108,1,-0.0395943410694599,0.0289677176624536,0.0284655503928661,0,1.8680193424224851,4.4799909591674805,5.500540733337402,1,0.0260512996464967,0.0355249345302581,-0.041750356554985,0
1.2011929750442505,-1.3556536436080933,14.856348037719728,0.0079787727445364,-0.0176555626094341,0.0216011814773082,0,0.2497099936008453,-0.1786830872297287,8.156898498535156,1,0.0029125004075467,-0.0140519989654421,-0.007277778815478,0,-0.0080273663625121,0.0088510988280177,-0.0112979477271437,0,0.9394349455833436,-0.8390248417854309,5.469123840332031,1,0.008209878578782,0.0096784941852092,0.0112463906407356,0,-0.0026622312143445,0.0232721008360385,0.0294377021491527,0,0.2069681286811828,-0.5231751203536987,0.5047622919082642,1,-0.2033316195011139,0.1751352846622467,0.6818534731864929,1
0.816010594367981,-0.7885428071022034,14.414177894592283,0.0886290073394775,-0.000459931557998,0.0475990921258926,0,-1.1300667524337769,-0.8779842853546143,5.877130508422852,1,0.0044950172305107,0.0133918467909097,-0.0169076807796955,0,1.1480556726455688,0.2423256337642669,1.8589600324630735,1,-0.2886703610420227,-0.0543999150395393,0.6460357904434204,1,0.0075087519362568,0.0095555940642952,-0.0202581938356161,0,0.985667645931244,-0.1268022209405899,6.023311614990234,1,0.0005168166826479,-0.0049660499207675,0.0032871039584279,0,-0.0001252021320397,0.010796420276165,-0.004980927798897,0
2.1495249271392822,-2.191694498062134,14.286454200744627,-0.0371856875717639,0.0007533333846367,-0.0171582158654928,0,1.142637014389038,-1.990779161453247,6.164617538452148,1,0.000649555644486,-0.0201104972511529,0.003174350829795,0,1.0423038005828855,-0.3649036586284637,8.241325378417969,1,-0.0139539474621415,0.0328758209943771,-0.0699831843376159,0,0.0017918982775881,-0.0014298025052994,0.0080498270690441,0,0.00519853644073,0.1534433960914611,0.0012250104919075,0,-0.0098598273470997,-0.0378036797046661,-0.0433082990348339,0,0.0179436542093753,0.0362599045038223,-0.0014890109887346,0
1.5425764322280884,0.8786908984184265,12.208246231079102,0.5265318155288696,-0.1060425043106079,1.653589367866516,1,-0.2574663460254669,0.8304364681243896,1.3008326292037964,1,0.0007175400969572,-0.0079654669389128,-0.0170540735125541,0,0.2347289621829986,-0.0270260963588953,0.3688133955001831,0,0.4448612034320831,0.359539657831192,5.228816032409668,1,0.0095719154924154,0.0005478060920722,0.0112549755722284,0,-0.0029178047552704,-0.1604146957397461,-0.0501874797046184,0,0.5806312561035156,-0.0053941165097057,3.73285722732544,1,0.005917873699218,-0.0049901693128049,-0.0206778571009635,0
-0.2598448097705841,0.8017556667327881,7.168354034423828,0.8380109667778015,-0.0805631428956985,1.2892400026321411,1,0.1086517721414566,0.0609776228666305,0.2037408053874969,0,0.0015478966524824,-0.0019369267392903,-0.0101760784164071,0,0.2482873797416687,-0.0321403071284294,0.2739134430885315,0,-0.1380689889192581,0.2279440760612487,3.321345329284668,1,0.0436039194464683,0.0623312294483184,0.5978734493255615,1,0.0380227640271186,0.1064001247286796,-0.0708238929510116,0,-1.3653072118759155,0.4249138236045837,1.633932113647461,1,-0.0345931239426136,0.0338291525840759,-0.0706911832094192,0
0.8948269486427307,0.0119798295199871,11.098126411437988,0.0014103344874456,0.0075562982819974,0.0107278488576412,0,0.528483510017395,0.3986363112926483,0.410647451877594,0,-3.312156915664673,-1.205830454826355,3.255075216293335,1,-0.0024834319483488,0.0046603567898273,-0.0475039780139923,0,1.956667423248291,1.0033677816390991,2.5972321033477783,1,-1.453550934791565,-0.8693933486938477,3.144808053970337,1,0.0008341207285411,-0.0045103123411536,-0.0148921161890029,0,3.2219698429107666,0.6828041672706604,1.731596827507019,1,-0.0463470593094825,-0.0053110015578567,0.0104350196197628,0
0.1086350232362747,-0.4854411780834198,8.828201293945312,0.0034311870113015,-0.0066056698560714,-0.0363711155951023,0,0.2802705764770508,-0.0343523025512695,3.007474184036255,1,-0.0004328271315898,0.0014219044242054,-0.0092766117304563,0,0.0023049507290124,0.0028216151986271,-0.0151684395968914,0,0.0084390025585889,-0.2611063420772552,4.633411884307861,1,-0.0001317148853559,0.0064603495411574,-0.0198739152401685,0,-0.0008481413242407,-0.003579803975299,0.0026566421147435,0,-0.1800434291362762,-0.1634333878755569,1.3376480340957642,1,-0.0043545775115489,-0.0270675215870142,-0.0722986161708831,0
2.5727739334106445,-0.2298759371042251,14.41330909729004,0.6630700826644897,0.3023127019405365,1.2483640909194946,1,-0.4427093267440796,-0.4617654383182525,2.472257375717163,1,-0.0094311013817787,-6.228400161489844e-05,0.0330685004591941,0,1.6212117671966553,-0.5033063888549805,6.707198619842529,1,-0.0555834658443927,-0.0153596419841051,0.1369871646165847,0,-0.0114887710660696,-0.00500193471089,0.0200200453400611,0,0.8184003829956055,0.4511463940143585,3.76552963256836,1,-0.0138228023424744,-0.0052989949472248,0.022864855825901,0,0.0031274082139134,0.0074596921913325,0.0070176790468394,0
2.7581100463867188,1.622881293296814,17.52069664001465,0.4823982715606689,-0.2390784919261932,4.792646408081055,1,-0.0368406176567077,0.200806975364685,-0.036680307239294,0,0.0916852280497551,-0.0249184258282184,-0.2990893125534057,0,-0.0120208403095602,0.0065053892321884,-0.0394502654671669,0,1.6815906763076782,2.636393547058105,11.670953750610352,1,0.0053483247756958,-0.0064164642244577,0.1089648976922035,0,0.0090988464653491,0.0876061990857124,0.0356999412178993,0,0.5188448429107666,-1.0307334661483765,1.3089632987976074,1,0.0180054698139429,-0.0072839278727769,-0.0213133078068494,0
1.319535732269287,-0.3458042740821838,8.306573867797852,0.01003934815526,-0.0010435683652758,-0.0337036103010177,0,0.1410690695047378,-0.0419037491083145,2.6814894676208496,1,-0.003153649624437,0.0073455180972814,0.0100619252771139,0,-0.0004612219927366,0.0013254152145236,0.013405155390501,0,0.008632518351078,0.005878590978682,-0.085796482861042,0,-0.6017266511917114,0.2507059574127197,2.415851593017578,1,0.0010054840240627,0.0022548648994416,-0.0018298398936167,0,0.0017965455772355,-0.0050974725745618,0.0071295881643891,0,1.7623343467712402,-0.5652698278427124,3.2999653816223145,1
1.0048315525054932,0.1653513312339782,4.631564140319824,0.2769846320152282,-0.0080027608200907,0.7448322772979736,1,-0.0440334863960742,0.0255526546388864,0.1628800183534622,0,0.0041616754606366,0.0075377128086984,0.0264224819839,0,0.840863049030304,-0.0670180916786193,0.1825288981199264,0,-0.2764844298362732,-0.0494553446769714,1.2741674184799194,1,0.0163183156400918,0.0404089540243148,0.6084832549095154,1,1.0992342233657837,0.0055590476840734,0.0455086976289749,0,-0.9125826954841614,0.2141790688037872,1.5926309823989868,1,0.0003702223184518,-0.0034099232871085,-0.0058899149298667,0
-4.17800235748291,-4.3393425941467285,19.00558280944824,-0.0567188411951065,0.003343861317262,0.0045480416156351,0,0.3055878579616546,-0.1350248306989669,0.0835233777761459,0,-1.714893102645874,2.9168832302093506,7.205888271331787,1,-0.0138346869498491,0.0127012776210904,-0.0028540510684251,0,0.8535103797912598,-0.295845478773117,0.8082941770553589,1,-1.7116457223892212,-0.7560757994651794,5.182185649871826,1,-0.0088808368891477,-0.1881642043590545,-0.0584555491805076,0,2.0355052947998047,-0.445989191532135,2.45241379737854,1,-3.866632461547852,-5.451171398162842,3.330038785934448,1
-1.89964497089386,-0.9978113770484924,15.37149429321289,-0.0157487038522958,-0.0057870559394359,-0.0052381604909896,0,1.203835129737854,-1.0100053548812866,4.279768466949463,1,-1.446914792060852,0.397701621055603,1.4797861576080322,1,0.0019858742598444,0.0076039447449147,-0.0126594053581357,0,1.188705563545227,-0.6923384666442871,2.354477643966675,1,-0.7879209518432617,0.1424261778593063,1.7752234935760498,1,-0.0104980869218707,-0.0258370358496904,-0.0820380449295044,0,0.2713357508182525,-0.5852521657943726,1.157366156578064,1,-2.30442476272583,0.7736769318580627,4.424808502197266,1
1.4899667501449585,-0.4436806738376617,17.517757415771484,0.0223849043250083,-0.0042851213365793,0.0086304442957043,0,1.725352168083191,1.0503898859024048,11.047768592834473,1,-0.0069669019430875,-0.0123997358605265,-0.0291625242680311,0,-0.0022584064863622,0.0143738631159067,0.0064768190495669,0,-0.5725463628768921,-2.2533860206604004,4.218863487243652,1,0.0250035300850868,0.0132173178717494,0.0051246522925794,0,0.3150340914726257,0.7529471516609192,2.294923782348633,1,-0.0006873233360238,0.0044768522493541,0.0047932527959346,0,-0.0153488125652074,-0.0090148616582155,-0.0396621562540531,0
1.947254538536072,0.3972091376781463,7.754982948303223,0.0060821468941867,0.000807718897704,-0.0355428308248519,0,0.5366249680519104,0.3336359560489654,0.7268352508544922,1,-0.603593111038208,-0.1408045887947082,0.6024185419082642,1,0.0039793942123651,0.0005251888069324,0.4934181869029999,0,1.3295083045959473,0.2388020604848861,2.4426722526550293,1,-0.5227722525596619,0.0559201464056968,1.989336848258972,1,0.0043515302240848,-0.008294653147459,-0.0128518771380186,0,1.4153807163238523,-0.072023868560791,1.1661310195922852,1,-0.2223072797060012,-0.0113588459789752,0.3825654983520508,0
0.4816037714481354,2.38976788520813,15.623052597045898,0.0004734670510515,0.014901902526617,-0.041276216506958,0,-0.0062421634793281,0.0062412787228822,-0.0473386272788047,0,-0.003788179019466,-0.0029035764746367,0.0180229227989912,0,-0.7381664514541626,2.149529218673706,11.711569786071776,1,0.0110751409083604,0.0523797683417797,0.1921085268259048,0,0.0171184968203306,0.0305656883865594,0.0393626280128955,0,1.2074365615844729,0.1530213207006454,3.7628250122070312,1,-0.0032253973186016,-0.0023642040323466,0.0180472489446401,0,-0.0030777112115174,-0.0116035733371973,-0.0302690397948026,0
0.5067481398582458,0.5852240324020386,6.195349216461182,0.2750559151172638,0.1045576408505439,0.993935763835907,1,-0.0486223809421062,-0.0026266106870025,0.31800577044487,0,0.0008349144482053,-0.000305599765852,0.0074906148947775,0,0.6433957815170288,0.189351350069046,0.4215090572834015,0,-0.2543804049491882,0.050923652946949,1.4276533126831057,1,-0.008864153176546,0.0593735091388225,0.8430624008178711,1,0.7139279842376709,0.1455939263105392,0.2149684131145477,0,-0.8164294958114624,0.0397045724093914,1.950120449066162,1,0.0018298961222171,-0.001348378486,0.0186038352549076,0
1.4209643602371216,-2.161078929901123,16.88946533203125,0.034973919391632,-0.0027492404915392,-0.0036826620344072,0,1.9620428085327148,-1.1392090320587158,11.704530715942385,1,-0.0020934098865836,-0.0024496822152286,-0.0199886206537485,0,0.0061383037827908,-0.0045671151019632,-0.0038325344212353,0,-0.9568305015563964,-2.074939012527466,4.198892593383789,1,0.0188114326447248,0.0104552647098898,0.0300180166959762,0,0.3636020123958587,1.0378941297531128,1.0308688879013062,1,0.0077477572485804,0.0196925159543752,-0.0098985927179455,0,-0.013427909463644,-0.0052065681666135,-0.0374416783452034,0
-1.600206971168518,-1.6408727169036863,15.315326690673828,0.1141157671809196,0.2666471004486084,1.9102708101272583,1,-0.2163155823945999,-0.3837405443191528,0.7067834138870239,1,0.0059931492432951,0.0051695187576115,-0.0006584958755411,0,-0.8565335869789124,-1.1829534769058228,11.944122314453123,1,-0.0099577372893691,0.0408217050135135,-0.0457279868423938,0,0.0086923260241746,0.0059879929758608,-0.0105167794972658,0,-0.6386760473251343,-0.4102997183799743,0.8116743564605713,1,-0.0034861739259213,0.0105385817587375,-0.0218566600233316,0,-0.0040392251685261,0.0069560864940285,0.0212349966168403,0
0.0677248239517211,-0.2218646258115768,6.450828075408936,-0.0001722250162856,-0.1906682103872299,2.281700849533081,1,0.0032781932968646,-0.0100715067237615,0.022052003070712,0,0.0001147449656855,-0.009328749962151,-0.0204491969197988,0,0.0036976228002458,-0.0114830238744616,0.0025061410851776,0,-0.0813327133655548,0.0860999748110771,-0.0222957786172628,0,0.0141705106943845,0.0041338033042848,-0.0206788275390863,0,-0.0041074901819229,-0.0001096736086765,-0.0115797212347388,0,0.1337307095527649,-0.098899096250534,4.217180252075195,1,-0.0016545308753848,0.0084618683904409,0.0023922508116811,0
-0.3381363153457641,-0.0218866467475891,16.07706642150879,0.0310610141605138,-0.0140868611633777,-0.0060453917831182,0,1.1598453521728516,1.6370347738265991,7.430065631866455,1,-0.0001458436454413,-0.0218258090317249,0.2473167032003402,0,-0.0099127069115638,0.0097825424745678,-0.0204903464764356,0,0.6927809119224548,-1.7758649587631226,4.120264053344727,1,0.0174924731254577,0.0149621851742267,0.0223915055394172,0,0.0041150264441967,-0.0813868045806884,0.0212138295173645,0,0.0522957295179367,-0.4887879490852356,0.8784056305885315,1,-2.28566837310791,0.6982861757278442,3.3839447498321533,1
-0.5667588114738464,0.2632084190845489,7.043150424957275,0.4441156983375549,-0.246470645070076,1.894904851913452,1,-0.3903215825557709,0.6544755101203918,0.2985195517539978,0,0.0021449667401611,-0.0009073677938431,0.0075357900932431,0,0.6584967374801636,-0.3130897581577301,2.637050151824951,1,-0.3255601525306701,0.3073015213012695,1.3572747707366943,1,0.0105438260361552,-0.0027363165281713,0.004626577720046,0,0.0049729156307876,-0.2601721584796905,0.046210516244173,0,-0.960472285747528,0.1397060602903366,0.8077802658081055,1,-0.0106789655983448,-0.0148984463885426,-0.0107516190037131,0
1.0572723150253296,4.156759262084961,9.915322303771973,1.3813766241073608,0.7961868643760681,2.71725869178772,1,-0.0016986330738291,-0.0069095804356038,-0.0134967286139726,0,0.0018038725247606,0.0073596583679318,-0.0074087171815335,0,0.8443201780319214,0.129985362291336,0.9329522252082824,1,-0.2917932569980621,0.6227479577064514,0.2293429374694824,0,-0.0073077981360256,-0.0021376661024987,0.0101453782990574,0,-0.0035369719844311,0.0013259020633995,-0.0278434697538614,0,-0.8641197085380554,2.591146945953369,6.043813228607178,1,-0.001772055751644,0.017053622752428,0.0305581577122211,0
1.0058943033218384,0.3242571353912353,14.292248725891112,-0.1892614066600799,0.1016222164034843,-0.6533863544464111,0,-0.0243638083338737,3.523002862930298,4.884389877319336,1,7.135478517739102e-05,-0.0171291809529066,-0.0304849874228239,0,0.009668125770986,-0.0013692091451957,-0.0051804184913635,0,1.0303301811218262,-3.080330848693848,0.4885179996490478,0,0.025562759488821,0.004626746289432,0.0087201735004782,0,0.0013166659045964,0.0410433560609817,0.0308623239398002,0,0.0262672360986471,-0.05730951577425,-0.0120415352284908,0,0.1263031661510467,-0.1898991614580154,9.580851554870604,1
0.5162571668624878,-0.9791886210441588,6.325401306152344,-0.0175132229924201,0.0070202657952904,-0.0264748726040124,0,-0.0003346981538925,-0.005084412638098,-0.0173333622515201,0,0.4572297930717468,0.2536627054214477,1.9463731050491333,1,0.0019237081287428,-0.0032605554442852,0.0277646500617265,0,-0.0129889920353889,0.0267934184521436,-0.0631395205855369,0,-0.5481657981872559,-1.1442567110061646,2.483116626739502,1,-0.0003304496640339,0.0593805462121963,-0.0215624775737524,0,0.6231032609939575,-0.1882171779870987,2.0104968547821045,1,0.0133335599675774,0.0147733092308044,-0.013839934952557,0
1.196901559829712,-0.2259102314710617,16.50206756591797,0.0040646395646035,0.0104303220286965,-0.0156975034624338,0,0.142147034406662,0.2958499789237976,0.018542543053627,0,-0.0460491925477981,-0.0474292561411857,0.0586456432938575,0,0.0025351347867399,0.0011593633098527,0.0154839092865586,0,1.0549912452697754,0.0065362369641661,14.408967971801758,1,-0.0039693131111562,-0.0055337361991405,-0.0014231079258024,0,0.4700706303119659,0.2146764695644378,0.2671225965023041,0,-0.4213876724243164,-0.7086981534957886,1.753960132598877,1,-0.0055009541101753,0.0070985108613967,-0.0035350616089999,0
-3.783605098724365,2.848130226135254,16.38467788696289,0.5736901760101318,-2.094905376434326,0.8477399349212646,1,-0.1132877841591835,0.3009074330329895,0.0294896941632032,0,0.0206622071564197,-0.0115498518571257,0.0056871543638408,0,1.8829528093338013,-1.1825355291366575,2.479450225830078,1,-0.6215082406997681,1.7363730669021606,10.322303771972656,1,0.0212920308113098,0.0081953611224889,0.0079494416713714,0,-0.0114654032513499,-0.1124258264899253,0.0040390691719949,0,-5.517436027526856,4.129533290863037,2.785463809967041,1,-0.0185049772262573,0.0745378583669662,-0.0974470004439354,0
1.0996942520141602,0.3443724513053894,7.19538688659668,0.2078923135995865,0.0309690181165933,0.0364307835698127,0,-0.4765544831752777,-0.0944526940584182,1.455235719680786,1,-0.0027476151008158,0.0003253976756241,0.1129732728004455,0,0.7544283270835876,-0.0085226846858859,0.4001721441745758,0,-0.399836778640747,0.2443580776453018,2.012235403060913,1,0.0099373031407594,0.1847070753574371,1.2838066816329956,1,1.110751390457153,-0.0455454960465431,0.7509490251541138,1,-0.105665273964405,0.0436074696481227,1.0488425493240356,1,0.0014891814207658,-0.0110737513750791,0.0947415009140968,0
1.0405564308166504,-0.2113307267427444,4.415768146514893,0.4320714175701141,-0.0668955743312835,1.1934853792190552,1,-0.0026956484653055,-0.0148120764642953,0.0847363322973251,0,-0.0016298033297061,-0.0163765307515859,-0.0409578159451484,0,0.7044094204902649,-0.110843226313591,0.5264701247215271,1,-0.2076228857040405,0.0109185604378581,1.131003975868225,1,-0.0037938118912279,0.0048276018351316,0.5633558034896851,1,0.3838483691215515,0.0456920489668846,0.2861156463623047,0,-0.2707667350769043,-0.0724634528160095,0.6616013646125793,1,0.0067359819076955,0.0086219226941466,0.0099570378661155,0
0.4735310673713684,-0.2121074795722961,3.792168617248535,-0.0362936742603778,-0.0138978799805045,0.0112246638163924,0,-0.0716528594493866,0.4687298238277435,2.1129937171936035,1,0.0005958653637208,-0.0206730477511882,0.0085705863311886,0,-0.0021076239645481,0.0128656020388007,-0.0146277835592627,0,0.2044099271297454,-0.7436959147453308,0.3362885117530823,0,0.007454665377736,-0.0066166799515485,0.0255268570035696,0,-0.0037954978179186,-0.0204593911767005,0.0030834572389721,0,0.0865109786391258,0.0437930263578891,-0.0594390518963336,0,0.2884092628955841,0.0678469613194465,1.368547439575195,1
0.6237757802009583,0.3222932517528534,6.047182083129883,-0.1003542840480804,0.2373173087835312,-0.3306175470352173,0,0.9273823499679564,-0.0527510903775692,1.3165298700332642,1,-0.1825778931379318,0.0812197923660278,0.996239960193634,1,0.0009069255320355,0.0096542164683341,-0.0216728691011667,0,0.1412872523069381,-0.0885246023535728,0.0094801122322678,0,-0.0768749639391899,0.0180310849100351,1.3516534566879272,1,-9.658654016675428e-05,-0.184213176369667,-0.024478081613779,0,0.0099404538050293,0.0082711316645145,-0.0089210188016295,0,-0.0958374589681625,0.2932885885238647,2.7589683532714844,1
-0.9885467290878296,0.7507637143135071,7.821666240692139,0.3623000383377075,-0.0886049568653106,0.699159562587738,1,-0.6091877222061157,0.6103705763816833,0.9931212663650512,1,0.004737242590636,0.0058997850865125,-0.0517931096255779,0,0.4274932742118835,0.0281930584460496,0.6521787643432617,1,-0.5203205347061157,0.1951624900102615,3.7199954986572266,1,0.089640699326992,0.0249169021844863,1.0909682512283323,1,0.104426585137844,-0.0243233907967805,0.1879458427429199,0,-0.853926956653595,-0.0453402325510978,0.5191023349761963,1,0.0062906024977564,0.0444895550608634,0.0109875360503792,0
0.7034613490104675,0.7594204545021057,10.516145706176758,1.9784024953842163,-0.3740378618240356,2.579263925552368,1,-0.0375172719359397,0.0962755903601646,0.0534644834697246,0,-0.0006170244887471,-0.0082426378503441,0.0033847407903522,0,0.769810676574707,-0.3674588799476623,1.0918837785720823,1,-0.1193528249859809,0.5792356133460999,4.244443416595459,1,0.0045055020600557,0.0119147077202796,0.0142960408702492,0,-0.0003349406470078,0.1421078443527221,-0.0228603743016719,0,-1.906217217445373,0.622561514377594,2.567219018936157,1,0.0147822620347142,0.0570645444095134,-0.0149490507319569,0
-4.283393383026123,-5.654211044311523,8.377248764038086,0.0063528628088533,0.0116987843066453,-0.0382747501134872,0,0.6905486583709717,-0.3271694481372833,1.1413286924362185,1,-1.124766826629639,0.258750319480896,0.8099187016487122,1,0.0053614834323525,0.0028220047242939,0.0494152754545211,0,0.3485138714313507,0.2031872272491455,1.6459412574768066,1,-0.7483617067337036,-0.4314917922019958,1.940877914428711,1,-0.0177749637514352,-0.0153734562918543,-0.2293564677238464,0,0.0604017749428749,0.0013594510965049,0.1069575250148773,0,-3.503668546676636,-5.357994079589844,2.9504408836364746,1
0.7545385360717773,0.9721161127090454,10.237556457519531,0.0022983895614743,0.0016571911983191,-0.0086177429184317,0,1.852948904037476,0.3552378118038177,1.5229198932647705,1,-0.07715904712677,0.0285515133291482,0.1345286667346954,0,-0.0060591590590775,0.0071760471910238,-0.0562558732926845,0,1.7393791675567627,-0.2338911741971969,2.402759552001953,1,-1.1412599086761477,0.3804614543914795,2.524557590484619,1,-0.0035518892109394,-0.0066132037900388,-0.0132402023300528,0,0.7161235809326172,-0.1791383773088455,0.748522162437439,1,-2.328181505203247,0.6186748147010803,2.98238205909729,1
1.8872629404067995,-1.6436445713043213,21.29840087890625,-0.4413039982318878,-0.4338987171649933,4.540719985961914,1,-0.0151582723483443,0.0752503722906112,0.0248806942254304,0,0.0046291551552712,-0.0246623642742633,-0.0533678196370601,0,0.101061038672924,-0.0130730494856834,0.1969806998968124,0,0.1957639455795288,0.9657995104789734,8.310344696044922,1,0.0098769208416342,0.0011396432528272,0.0112512027844786,0,0.0089221131056547,0.0307926163077354,-0.0174855701625347,0,1.976483702659607,-2.2337124347686768,8.274398803710938,1,0.0469883419573307,-0.0112800300121307,0.0106782307848334,0
0.2555818557739258,0.3622336089611053,3.571934461593628,-0.034037884324789,0.0425585843622684,0.0677238628268241,0,-0.0226010493934154,0.0039651552215218,0.0120079694315791,0,0.0121193928644061,-0.007435102481395,-0.0244119875133037,0,0.3400474190711975,0.2018850147724151,2.772777318954468,1,0.0170639399439096,0.0020787913817912,-0.0607008449733257,0,-0.0057016778737306,0.0165334660559892,-0.0537469089031219,0,-0.0454521402716636,0.1024413108825683,0.7922238707542419,1,-0.0112176667898893,-0.0102259842678904,0.0666539072990417,0,0.0053615383803844,0.0104323681443929,-0.0005927803576923,0
-0.1101866737008094,-0.0624980926513671,9.185513496398926,-0.0190606582909822,0.0224961843341588,0.0461191795766353,0,-0.0028622013051062,-0.0054525607265532,-0.0047703781165182,0,-0.0009284274419769,-0.0062374300323426,0.0086264330893754,0,0.0030419286340475,-0.0032334707211703,-0.0317022055387496,0,-0.6647657752037048,0.5939673185348511,6.064881324768066,1,-0.0108974361792206,-0.0118813067674636,0.0141034722328186,0,0.0021181730553507,-0.0066126896999776,-0.0173109658062458,0,0.5803705453872681,-0.6190191507339478,3.1565194129943848,1,0.0027972105890512,-0.0265249609947204,-0.0509517937898635,0
1.0127253532409668,-0.4841841757297516,18.84773063659668,0.0195931643247604,-0.0001232365175383,-0.0070918817073106,0,-0.0044392398558557,0.0116482926532626,-0.0677312910556793,0,-0.1704980283975601,-0.5880926847457886,3.2523036003112797,1,0.0044744154438376,0.0001224440493388,-0.0014219577424228,0,1.6935197114944458,1.24555766582489,6.3359375,1,0.0168837569653987,0.0022462266497313,-0.0180078241974115,0,0.0014639497967436,-0.0070821968838572,-0.0200845953077077,0,-0.5410750508308411,-1.1431052684783936,9.403273582458496,1,-0.0071973977610468,-0.0053553190082311,-0.0294467955827713,0
0.3153086602687835,0.420674979686737,16.48337745666504,0.0029445809777826,0.0024185802321881,-0.0125654004514217,0,0.477022647857666,1.8000370264053345,2.6976473331451416,1,0.0004205561126582,-0.0119725046679377,-0.0417612604796886,0,-0.0022214297205209,0.0050020739436149,-0.0530903935432434,0,0.066208116710186,-0.4890010356903076,7.38997745513916,1,-0.006829219404608,-0.0078249461948871,-0.0120093403384089,0,0.515897274017334,0.3740622103214264,0.7874312400817871,1,-0.7406073212623596,-1.2568330764770508,5.742724418640137,1,0.0024734970647841,0.0047866567037999,-0.0149751296266913,0
0.470814049243927,0.599709153175354,5.082838535308838,-0.0100656924769282,0.0156115721911191,0.0047043939121067,0,-0.0005218234146013,-0.0052134599536657,0.0075296317227184,0,-0.0093502169474959,-0.0005629968945868,-0.0231651663780212,0,0.5158005356788635,0.6151385307312012,5.218692779541016,1,-0.0072730667889118,-0.0094012934714555,0.0226990804076194,0,-0.011443824507296,-0.0022083898074924,-0.0064882934093475,0,-0.0028515697922557,-0.0119781903922557,-0.0432071946561336,0,0.0019289217889308,0.0086085684597492,-0.0689575299620628,0,-0.0054092155769467,-0.0102851185947656,-0.0289695095270872,0
0.8805636167526245,-0.4954832792282104,17.865093231201172,-0.0018393096979707,0.0143493860960006,-0.022991569712758,0,-0.8156781196594238,-1.846627712249756,7.244802951812744,1,0.0014589357888326,-0.0039552906528115,-0.0089341104030609,0,1.9173672199249268,1.529879450798035,9.22994899749756,1,-0.0089669674634933,0.00225654640235,0.0154592283070087,0,-0.0089808655902743,-0.007219816558063,0.0041579999960958,0,-0.2223825007677078,-0.1842614859342575,1.348345398902893,1,0.0242914799600839,-0.0051002837717533,0.0495200827717781,0,-0.0047063622623682,0.0051959734410047,0.0047863773070275,0
2.053700685501098,0.5970458388328552,7.301658153533935,0.0534540563821792,0.0930309742689132,0.0479939058423042,0,-0.6244179606437683,-0.2406771928071975,1.8763823509216309,1,-0.0032106174621731,0.0028997061308473,0.0466725639998912,0,1.001906156539917,0.1405357271432876,0.344626784324646,0,-0.6117438673973083,0.1933117359876632,2.303186655044556,1,-0.0051462012343108,0.1482337564229965,1.3725906610488892,1,2.3134477138519287,0.2048437595367431,0.074158489704132,0,-0.073759488761425,0.0349503308534622,1.115176796913147,1,0.0031710502225905,0.0199170690029859,0.1208700761198997,0
-1.6314162015914917,1.293619155883789,12.862499237060549,0.047844611108303,0.0214884225279092,-0.0525167919695377,0,0.3858211636543274,0.0372352488338947,0.7117000222206116,1,-3.940035343170166,1.548032522201538,3.18017578125,1,-0.0039198533631861,0.0111318081617355,-0.0161512941122055,0,1.1815325021743774,0.5139237642288208,3.146005392074585,1,-1.686786651611328,-0.9775046110153198,1.7419826984405518,1,0.0001533400354674,0.0081573482602834,-0.0638495832681655,0,2.6234652996063232,0.1349304765462875,3.797622203826904,1,-0.2394916117191314,-0.0037757204845547,0.4175304174423218,0
0.7954704165458679,0.9209332466125488,14.099658966064451,0.0911902785301208,-0.0330618545413017,0.3319537341594696,0,0.4323569536209106,-0.4500685334205627,0.2598620653152466,0,-0.8795230984687805,0.8812788724899292,3.966193914413452,1,0.0026401579380035,0.0040260078385472,-0.0047839628532528,0,0.0797366201877594,-0.0638371556997299,-0.088732860982418,0,0.2865468561649322,0.2365638613700866,2.961902379989624,1,0.0084962658584117,-0.250731885433197,0.0560726150870323,0,0.0108035029843449,-0.0227042194455862,-0.0406902059912681,0,0.763222873210907,0.6194682121276855,6.657881736755371,1
-0.4606274664402008,-1.0132524967193604,6.097114086151123,0.0007690604543313,-0.0064839227125048,-0.0154881393536925,0,-0.0023644508328288,-0.0119961472228169,-0.0104360245168209,0,-0.3471424579620361,-0.0082348827272653,1.1023942232131958,1,0.0038832849822938,0.0066254888661205,0.0248969253152608,0,0.0089872200042009,0.0074210679158568,-0.0232715960592031,0,-0.5561509132385254,-1.1984065771102903,4.595394134521484,1,0.0123132020235061,-0.0021481956355273,-0.0352899618446826,0,0.4178577363491058,0.2125639021396637,0.4977538287639618,0,0.0012198598124086,-0.0125932740047574,-0.0388392210006713,0
0.6552982926368713,-0.0259499587118625,6.032719135284424,-0.104587011039257,0.0005765294190496,-0.0663661882281303,0,0.1152957454323768,-0.0040736976079642,-0.3262760639190674,0,0.3152046203613281,0.3466892540454864,4.2252116203308105,1,0.0004631303600035,0.0051656868308782,0.0088050933554768,0,0.0063886931166052,-0.0085691893473267,0.0236416030675172,0,-0.3904623985290527,-0.4039230048656463,0.4200305938720703,0,-0.0264231674373149,0.111513540148735,0.0375806838274002,0,0.724585235118866,-0.0852331295609474,1.7258436679840088,1,0.0148334661498665,0.0119040198624134,-0.0157511606812477,0
1.3690229654312134,-0.4250241219997406,9.287741661071776,-0.008168569765985,0.0047221016138792,0.0042660105973482,0,0.0902553722262382,0.0995358824729919,0.140054702758789,0,-1.1729289293289185,-0.5151740908622742,2.6767680644989014,1,0.0006879400461912,-0.0009416898828931,-0.013217244297266,0,1.3319566249847412,0.22527776658535,2.2252583503723145,1,-0.6553174257278442,-0.2661242485046386,1.429144024848938,1,0.0068204910494387,-0.0057326308451592,-0.0168452821671962,0,1.7774115800857544,0.0477915853261947,2.8712191581726074,1,-0.0016941295471042,-0.0143788140267133,-0.0289059448987245,0
0.0683270618319511,0.199410006403923,14.207036018371582,-0.4613851308822632,0.3125969469547272,7.785655498504639,1,-0.2952272295951843,0.4219518005847931,-0.4426888525485992,0,0.3053956031799316,-0.1463674455881118,-2.495637893676758,0,0.8563551902770996,-0.9645292162895204,5.363327980041504,1,0.0011961798882111,0.026475815102458,0.0571818873286247,0,-0.0008137020049616,0.0005030258907936,0.0056337225250899,0,0.0117035452276468,-0.0867383554577827,0.0562515556812286,0,-0.3574645519256592,0.5908833146095276,3.887655735015869,1,0.0085671488195657,0.0446340851485729,-0.0103441663086414,0
0.2681923508644104,0.1275484561920166,6.821396827697754,0.321704626083374,-0.0871057882905006,1.562536358833313,1,-0.0065159890800714,0.022504786029458,-0.0309015773236751,0,-0.0072332853451371,0.0077493879944086,0.0446477085351944,0,0.1480259597301483,-0.0510922968387603,0.169469729065895,0,-0.0751455202698707,0.0415680892765522,0.0730410739779472,0,0.0220603104680776,0.0113590648397803,-0.0319061018526554,0,0.0271383188664913,-0.0151069546118378,-0.0498226918280124,0,-0.1635143458843231,0.2000673711299896,5.077236175537109,1,0.0016722750151529,-0.0023952054325491,0.007096373476088,0
-0.9423649311065674,-0.5643834471702576,9.303411483764648,0.008557197637856,-0.0003547619271557,-3.807755274465308e-05,0,0.331382155418396,-0.0603233277797699,1.559284806251526,1,-1.399491786956787,-0.8817543387413025,2.651820182800293,1,-0.0063155153766274,0.0032829309348016,-0.0336454473435878,0,0.1971858888864517,0.3263943493366241,4.711666107177734,1,0.0073842178098857,-0.0030746457632631,-0.0107571212574839,0,-0.0012905995827168,0.0022319157142192,0.0085290530696511,0,-0.076915331184864,0.0432089753448963,0.4131799638271332,0,-0.002861205022782,0.0060055158101022,0.0033722110092639,0
-0.4079768061637878,0.6299948692321777,6.853145599365234,1.1816585063934326,-0.3760644495487213,2.2754251956939697,1,-0.0915646180510521,0.4350937604904175,0.2091336697340011,0,8.305862866109237e-05,-0.0094753615558147,0.0048534907400608,0,0.3034694194793701,-0.3985993862152099,1.438894271850586,1,-0.2272461354732513,0.4038431346416473,1.6215888261795044,1,0.0030718233902007,0.0028395045083016,-0.0051021892577409,0,-0.0078418254852294,0.0645380094647407,-0.0019041418563574,0,-1.5580315589904783,0.4898560345172882,1.3367685079574585,1,-0.011575412005186,0.0179635919630527,-0.0265122223645448,0
-1.5579360723495483,3.952791452407837,13.900683403015137,0.0047762473113834,0.013374681584537,-0.0142056420445442,0,-0.9642788767814636,1.404814600944519,8.217535972595215,1,-0.0021026181057095,0.001328206853941,0.0536504238843917,0,0.2582128643989563,2.6733052730560303,3.3917410373687744,1,-0.0484160892665386,-0.0044359904713928,0.0488770417869091,0,0.0083322478458285,0.0158797148615121,-0.0297151245176792,0,-0.8192228674888611,-0.1611797213554382,2.1993296146392822,1,-0.0035546170547604,-0.0022762806620448,0.0198830366134643,0,0.0083176381886005,0.0119807235896587,0.0135883139446377,0
0.3185399770736694,-0.2367989420890808,7.446760177612305,-0.0082561420276761,0.0043413396924734,0.018037186935544,0,-0.0031832777895033,-0.0190896485000848,0.0201671794056892,0,-0.1604731827974319,-0.0213390067219734,0.441302090883255,0,-0.0020290759857743,-0.0015872622607275,-0.0133640514686703,0,0.5351441502571106,0.0482606813311576,2.061868190765381,1,-0.0022040612529963,-0.0183158926665782,0.0348730646073818,0,-0.0029767616651952,-0.0019886039663106,0.0088531766086816,0,-0.0314411260187625,-0.226916030049324,4.8730244636535645,1,-0.006040537264198,-0.0001645261509111,0.0019986717961728,0
-0.9295201301574708,0.9658840894699096,14.335441589355469,-0.0005004326230846,-0.0040818997658789,0.0090393582358956,0,1.95114541053772,0.0936176776885986,2.1352834701538086,1,-0.0581804662942886,0.0011966648744419,0.7074118256568909,1,0.0135275283828377,-0.0015322344843298,0.8782444000244141,1,1.446657657623291,0.235322043299675,3.4406838417053223,1,-0.8122851848602295,0.2380260676145553,3.164862155914306,1,0.00554886367172,-0.0034056389704346,-0.0081969806924462,0,0.0403912588953971,0.0198281425982713,1.8265199661254885,1,-3.515824794769287,0.3869132697582245,2.18159294128418,1
-0.2713924646377563,-0.0669137611985206,6.456944942474365,0.3310070335865021,-0.1514981687068939,1.93545663356781,1,-0.0942156314849853,0.099208079278469,-0.0189955700188875,0,0.0032166019082069,-0.0024315810296684,-0.0047801178880035,0,0.5907029509544373,-0.1055311933159828,1.4453991651535034,1,-0.3894310593605041,0.2108752280473709,1.9512476921081543,1,0.0111240772530436,0.0018404450966045,-0.0184610560536384,0,-0.0033263040240854,0.0136367240920662,-0.0387150421738624,0,-0.7139135003089905,-0.0555183589458465,1.2607771158218384,1,-0.0065566366538405,-0.0774949342012405,-0.0549834109842777,0
0.3901183903217315,-0.5381180047988892,21.700439453125,2.5355782508850098,0.9804142713546752,9.621217727661133,1,0.0055440575815737,-0.0027312466409057,0.0008375338511541,0,0.0094181783497333,-0.0066201970912516,-0.0716776549816131,0,-2.1150224208831787,-1.5374354124069214,12.19296646118164,1,-0.0090695703402161,0.002394848736003,-0.0213090218603611,0,0.0209494959563016,0.0105093987658619,-0.0184136219322681,0,-0.0242579597979784,0.0050749788060784,0.0183101706206798,0,-0.0283043589442968,0.0094190714880824,-0.0069186300970613,0,-0.0047172335907816,0.000856252561789,-0.0145741598680615,0
1.3177978992462158,0.4393431842327118,6.887271404266357,0.0037414282560348,0.0053439391776919,-0.0094817792996764,0,1.2268812656402588,0.1517256796360016,1.1479471921920776,1,-0.0074951746501028,-0.0054286778904497,0.035746730864048,0,-0.0043124165385961,0.008914372883737,0.2082171589136123,0,0.7838196754455566,0.2399322241544723,2.4694457054138184,1,-0.2806557118892669,0.0665407627820968,1.280348777770996,1,-0.0014271929394453,-0.0011975065572187,0.0083883581683039,0,0.291532039642334,-0.0216013938188552,0.8996083736419678,1,-0.6942861080169678,-0.0048862323164939,0.8470509648323059,1
0.2098979651927948,3.255691766738892,21.650426864624023,0.0161411371082067,-0.0055943657644093,0.02392103895545,0,0.0394792929291725,1.8442895412445068,3.7358789443969727,1,0.1335836499929428,-0.068333201110363,1.0209375619888306,1,0.5086871981620789,-0.0755781829357147,1.4545221328735352,1,-0.4459547996520996,0.93414306640625,8.698582649230957,1,0.2748717665672302,0.0623736605048179,3.932288408279419,1,0.3798625469207763,0.576517641544342,-0.6563107967376709,0,-0.8033629059791565,-0.0225594379007816,2.6481380462646484,1,0.1065900549292564,0.0104332519695162,0.7924695611000061,1
-1.525741457939148,3.630522966384888,9.146684646606444,2.901119470596313,-0.3482817113399505,2.0660197734832764,1,-0.224448025226593,0.392598420381546,-0.2715896368026733,0,0.0376318804919719,0.0031103412620723,0.0135017149150371,0,1.0838700532913208,-0.8677274584770203,2.1567087173461914,1,-0.3952616751194,0.8285781145095825,4.260972023010254,1,-0.0027686171233654,0.0124335410073399,-0.0060418546199798,0,-0.0442061759531497,-0.1724112182855606,0.1261461526155471,0,-4.875157356262207,3.6918230056762695,0.8925254344940186,1,-0.0065211202017962,0.0904000923037529,-0.0915588811039924,0
0.9454405903816224,1.933350920677185,12.736268997192385,0.032495729625225,1.2744756937026978,4.35932731628418,1,0.0025264478754252,0.0068596615456044,-0.0104955080896615,0,0.0069367149844765,0.0131111228838562,-0.0320614762604236,0,0.6743420958518982,0.5147520303726196,7.777896404266357,1,0.0025370800867676,-0.0077950544655323,0.0035957463551312,0,0.0118650076910853,0.012650336138904,-0.0445318669080734,0,0.2203579396009445,0.1324631571769714,0.6733192205429077,1,-0.0011060594115406,-0.0069085746072232,0.0347972102463245,0,-0.0045143235474824,-0.0062575549818575,-0.0255779903382062,0
0.7265845537185669,-0.7385681867599487,7.806978702545166,-0.0391602627933025,-0.0060683107003569,-0.0600320622324943,0,0.3462437987327575,0.3242759704589844,1.9080677032470703,1,0.0011582125443965,-0.0037878965958952,-0.0018433057703077,0,0.0018276789924129,0.0043533542193472,-0.0118151074275374,0,0.3427911698818207,-1.2801624536514282,5.957401752471924,1,0.0110565107315778,0.0064625833183526,0.0018325104610994,0,0.0734482929110527,0.2944709062576294,0.0370411463081836,0,-0.0086158467456698,-0.0338284522294998,0.0023942983243614,0,-0.0021650134585797,-0.0442838408052921,-0.026068277657032,0
-2.274336576461792,2.6985626220703125,16.018810272216797,-0.2549832165241241,0.3166338205337524,-0.6268817186355591,0,0.4259119629859924,0.424111932516098,-0.0908977687358856,0,-0.727537989616394,0.6052637696266174,1.317699670791626,1,-0.0035299474839121,0.0099199619144201,0.0013799036387354,0,0.7298038005828857,0.6310411691665649,2.4467263221740723,1,-0.4714923501014709,0.791016697883606,4.334853649139404,1,0.0050457129254937,0.0393109507858753,0.0301310140639543,0,0.4283142387866974,-0.3800453543663025,1.2992998361587524,1,-2.4058687686920166,0.2613095939159393,7.306500434875488,1
-0.0024133073166012,-0.3027012944221496,10.91433334350586,-1.0102288722991943,0.0871072188019752,4.666141033172607,1,0.0075686136260628,-0.0142968008294701,0.0215644184499979,0,0.0008205336635001,-0.0068901097401976,-0.0198843758553266,0,1.286734938621521,-0.2765280902385711,3.206262588500977,1,-0.0062595596536993,0.0021373941563069,0.0247387774288654,0,-0.0153858652338385,-0.0061875162646174,0.0027616517618298,0,0.234038770198822,-0.0324574001133441,0.1444921493530273,0,-0.4956284761428833,-0.0616067089140415,2.864410161972046,1,-0.0040733562782406,0.0060207340866327,0.003846822772175,0
0.8118132948875427,0.5625985264778137,18.149776458740234,0.401997834444046,-0.1582496017217636,3.820387601852417,1,-0.5319880247116089,0.4192721545696258,0.2568555474281311,0,-0.0097447615116834,0.0116447126492857,0.0191920921206474,0,1.2106176614761353,-0.3073344528675079,2.8194191455841064,1,0.0048081749118864,0.2874384224414825,4.77989673614502,1,0.0003189347335137,-0.002665699692443,-0.0245046261698007,0,0.0012548604281619,-0.0554438084363937,-0.0041287867352366,0,-0.2490902096033096,0.3164490759372711,6.52987813949585,1,-0.0163611508905887,0.0514876954257488,-0.0472202226519584,0
1.1181989908218384,-1.5699971914291382,10.731390953063965,0.0045533822849392,-0.0004200488328933,-0.0014121870044618,0,2.191743850708008,-0.3165602684020996,3.4146053791046143,1,0.0020866848062723,0.0021743066608905,0.0185851044952869,0,0.0065023899078369,0.0042792004533112,-0.0077168601565063,0,0.0426589287817478,-0.7799463272094727,5.95039701461792,1,0.0139250522479414,-0.0062306383624672,0.0199311710894107,0,-0.0021029792260378,0.0099869035184383,0.0595391616225242,0,-1.128589391708374,-0.4684727489948272,1.3414121866226196,1,-0.0125788552686572,-0.0148075455799698,-0.0639500468969345,0
0.5702013969421387,0.1357940435409546,18.62982940673828,0.0099323606118559,-0.0043038893491029,0.0117093287408351,0,0.4748500883579254,-0.5873987674713135,8.647418022155762,1,-0.0070178788155317,0.0021283344831317,-0.0202942006289958,0,0.004692792892456,-0.0017609084025025,0.0199578963220119,0,0.0161463506519794,-0.0178819466382265,0.0053387931548058,0,-0.8626927733421326,1.5350573062896729,7.177213191986084,1,-0.000468455691589,-0.0048284903168678,-0.0116303274407982,0,0.0208864416927099,0.0142595767974853,-0.0703419297933578,0,0.913872480392456,-0.799477219581604,2.8704588413238525,1
-0.48334401845932,-0.3586777150630951,8.04648494720459,0.1634181141853332,-0.3003349602222442,3.1714155673980717,1,0.0004882430948782,-0.0400986894965171,0.2971594631671905,0,-0.0019042959902435,0.0048263487406075,0.056073423475027,0,1.1788793802261353,-0.4260508418083191,0.1967333853244781,0,-0.2408770322799682,0.0263134371489286,1.3233717679977417,1,-0.0012626048410311,0.0425212867558002,0.911836564540863,1,0.5758055448532104,-0.0844346806406974,0.0407126657664775,0,-2.1598289012908936,0.40936478972435,2.024204730987549,1,0.001937449676916,0.0092156585305929,0.0249773133546113,0
-0.2945654392242431,-2.1450071334838867,10.088406562805176,0.0315770953893661,-0.0217109378427267,0.0329463668167591,0,2.8543524742126465,-2.520113945007324,4.074635982513428,1,-0.0623697526752948,-0.0065693203359842,-0.0008874934283085,0,-0.0001546098210383,-0.0006732514011673,0.0175142735242843,0,0.7054687142372131,-1.6345295906066897,0.6460834741592407,1,-0.6998551487922668,0.4429948627948761,1.7044063806533811,1,0.0047040591016411,0.0290588922798633,0.0371958576142787,0,0.0486111529171466,0.022658446803689,-0.0326608680188655,0,-3.1768994331359863,1.5438778400421145,3.609172821044922,1
1.1190876960754397,-0.6164132952690125,17.51688575744629,-0.1153932213783264,-0.0110487742349505,-0.049628872424364,0,1.680398941040039,0.9215776324272156,6.746186256408691,1,0.0003321291587781,-0.0242887791246175,-0.0214382819831371,0,0.0048162271268665,-0.0008904093992896,-0.0065779672004282,0,-0.7098503708839417,-2.0265953540802,10.699885368347168,1,0.0166106969118118,0.0032858757767826,0.0341556668281555,0,0.2096551805734634,0.6285430788993835,0.1616432517766952,0,0.0120004247874021,-0.0840772986412048,-0.0410930775105953,0,0.0205177310854196,-0.02291926369071,-0.006245891097933,0
-0.1110471189022064,-0.5079492926597595,7.306281089782715,0.0267756804823875,-0.0013786164345219,0.0084522450342774,0,0.5803776979446411,-0.8466340899467468,1.5936386585235596,1,-0.305629700422287,0.221746027469635,1.2766411304473877,1,0.0079463077709078,-0.0053193219937384,-0.0004846555821131,0,0.2432658225297927,-0.2844631373882293,0.0494162887334823,0,-0.1799332350492477,-0.0261180642992258,1.3086756467819214,1,0.0022827086504548,-0.0161050874739885,0.011767872609198,0,0.0183922760188579,-0.057550098747015,-0.0063206870108842,0,-0.5045246481895447,0.5078731179237366,3.064494132995605,1
0.4981052875518799,-0.5411891341209412,9.389168739318848,-0.0457770489156246,-0.017145849764347,0.0115021830424666,0,0.4320309460163116,-0.6787826418876648,6.602651596069336,1,0.0020959768444299,-0.0226942636072635,0.0099464654922485,0,-0.0001466208923375,-0.0134198423475027,0.021483963355422,0,0.0313612669706344,-0.1055290922522544,1.5950236320495603,1,0.0082021821290254,0.0040665362030267,0.0268136244267225,0,0.0881249383091926,0.3404673635959625,1.0893830060958862,1,0.0016263069119304,-0.0783432349562645,0.0522838495671749,0,-0.019412625581026,0.0301919821649789,-0.0199204366654157,0
2.4540019035339355,0.5023614168167114,15.608682632446287,0.9506887197494508,-0.2584901452064514,1.041433334350586,1,-0.4600505828857422,-0.4561771154403686,2.5472474098205566,1,-0.0042851376347243,-0.0072442283853888,-0.008519678376615,0,1.9408292770385744,0.0661581978201866,1.0069334506988523,1,-0.3613529205322265,-0.0499375239014625,1.9599300622940063,1,-0.0146867856383323,0.0030877953395247,-0.0138884717598557,0,2.6059045791625977,0.2768345773220062,3.4784224033355717,1,-2.199481964111328,0.9217956066131592,5.610223293304443,1,-0.0035634310916066,0.0063342563807964,-0.0131001127883791,0
-1.585077166557312,1.9689780473709104,14.771570205688477,0.5818496942520142,-0.2019344419240951,0.6788268685340881,1,-1.7097899913787842,1.6697752475738523,2.643943548202514,1,0.0440505258738994,-0.0491341724991798,0.2255889922380447,0,0.7094427347183228,-0.0888631343841552,0.8086962103843689,1,-0.5544041395187378,0.1936404556035995,6.217710971832275,1,0.1538552790880203,0.122067891061306,2.260507345199585,1,0.4483329355716705,0.2318473309278488,-0.5124611258506775,0,-1.2859991788864136,0.0376758128404617,2.3130106925964355,1,0.0275849159806966,0.0539029277861118,0.1357455402612686,0
-1.8187631368637085,-6.672276496887207,17.024385452270508,0.0493051037192344,-0.0039332672022283,-0.004724757745862,0,-0.4542565643787384,0.2970195710659027,12.678786277770996,1,-0.0029457318596541,-0.0285030715167522,-0.0721675604581832,0,0.0049296175129711,0.0036817982327193,-0.0188522618263959,0,2.102292060852051,-3.752960205078125,0.3557620346546173,0,0.0219227001070976,0.023803761228919,0.0127743622288107,0,-0.0075319623574614,0.0865893363952636,-0.0511734411120414,0,0.0894071757793426,-0.2302635014057159,-0.0127999726682901,0,-3.621885538101196,-3.067710876464844,4.136780261993408,1
1.2847683429718018,1.1832492351531982,18.086509704589844,2.2109766006469727,-0.6443748474121094,0.8477016687393188,1,0.0043173739686608,0.1388040632009506,1.835105299949646,1,-0.0216599404811859,0.0978095084428787,1.3713655471801758,1,1.0376125574111938,-0.1138038784265518,1.244704008102417,1,-0.5372447967529297,0.5130974054336548,3.503436803817749,1,-0.0628103613853454,0.4562289118766784,3.194277286529541,1,0.4729588627815246,-0.0244052801281213,0.2651020288467407,0,-1.7769581079483032,0.6515774726867676,4.362097263336182,1,-0.0424235537648201,0.1083158329129219,1.4627189636230469,1
0.0928960144519805,0.2462063580751419,1.6714143753051758,-0.0017456124769523,0.0019252836937084,-0.0111432019621133,0,-0.0082160579040646,0.0116885462775826,-0.0266527645289897,0,-0.0005405846750363,-0.0057076597586274,-0.0393222793936729,0,-0.1568105816841125,0.2323931008577346,0.2198865264654159,0,0.0083402646705508,-0.006802583578974,-0.0491194613277912,0,-0.0027952857781201,-0.0100588165223598,0.0172845814377069,0,0.2695872187614441,0.0190024469047784,1.585004448890686,1,-0.0115271508693695,0.0101489890366792,-0.0153297428041696,0,-0.003396212356165,-0.0063829612918198,-0.0091937538236379,0
0.3935278952121734,-0.5571656227111816,20.329843521118164,-0.0006047589122317,0.0028597437776625,0.0160799659788608,0,0.4058204293251037,-0.1492765247821808,6.031527996063232,1,0.0058348695747554,-0.014690501615405,-0.0866304114460945,0,-0.0034107961691915,0.0042181019671261,-0.0315338298678398,0,0.1443830877542495,-0.1991198360919952,7.599221229553223,1,0.0025585500989109,0.0098862675949931,-0.0243275109678506,0,0.0034728585742413,-0.0042884945869445,-0.0075403237715363,0,-0.1589484959840774,-0.1922766417264938,6.866541385650635,1,-0.005577896721661,-0.0144777428358793,-0.0334944911301136,0
1.1645500659942627,0.5245435237884521,17.702177047729492,1.9535672664642332,-0.6641244292259216,0.5528764128684998,1,-0.0040409048087894,0.1481012105941772,1.7999236583709717,1,-0.0219378061592578,0.0794420838356018,1.254138708114624,1,0.9726821780204772,-0.2511376440525055,1.1925700902938845,1,-0.7170242071151733,0.4593274593353271,3.816595077514648,1,-0.0672198086977005,0.436594694852829,3.106631278991699,1,0.4809954762458801,-0.1433394253253936,0.3520162105560303,0,-1.3912971019744873,0.3610482513904571,4.231351852416992,1,-0.0411751456558704,0.0986312702298164,1.3960751295089722,1
-0.877058744430542,3.34077262878418,11.641228675842283,0.1014615148305893,0.0215824488550424,0.1429724842309951,0,-3.568532943725586,-0.8704842925071716,4.3089776039123535,1,0.0044227917678654,-0.020448250696063,-0.0627456605434417,0,1.6741236448287964,0.4651941657066345,2.6495554447174072,1,-0.9942724108695984,-0.6440861225128174,4.1943535804748535,1,0.0270023681223392,0.0069980509579181,0.0185193642973899,0,1.970328450202942,4.414083480834961,0.3388374149799347,0,-0.0780875235795974,-0.0436347015202045,0.0415451750159263,0,-0.0135047007352113,0.0115677695721387,0.0092122657224535,0
-0.9876807928085328,-0.5864440202713013,5.360708236694336,0.0012446277542039,-0.0123968357220292,0.0268795937299728,0,0.2201462239027023,0.0335524193942546,0.7255196571350098,1,-0.4923416078090668,0.1277967989444732,0.1143498942255973,0,-0.0060119195841252,0.005912363063544,0.0027106252964586,0,0.4167096316814422,-0.4209751486778259,0.7713037729263306,1,-0.4339958429336548,-0.052750963717699,1.358283519744873,1,-0.0052836188115179,0.1196752488613128,0.0045815533958375,0,0.22616508603096,-0.144628494977951,0.1375970989465713,0,-0.9143133759498596,-0.2426293492317199,2.219482660293579,1
0.9791257977485656,-0.1960798501968383,9.717625617980955,-0.3177751898765564,0.5565916299819946,3.095543622970581,1,-0.0072454730980098,-0.012987689115107,-0.00770756136626,0,0.0036738640628755,-0.0119113102555274,-0.0324602574110031,0,1.507841944694519,-0.8647496700286865,6.5299272537231445,1,-0.0023716150317341,0.0080526657402515,-0.003497565165162,0,0.0094310203567147,-0.0001972290920093,-0.0077056535519659,0,0.078709177672863,-0.0366638116538524,0.0190948005765676,0,-0.2916190326213836,0.1726428717374801,0.1294322162866592,0,-0.0015186431119218,-0.0068573192693293,-0.0050022737123072,0
1.4506391286849976,3.4391632080078125,8.182208061218262,0.0094861844554543,0.0003977299493271,-0.0176214557141065,0,0.6389088034629822,0.6884430050849915,0.6467824578285217,1,-0.4807846248149872,0.2117110043764114,0.3765630424022674,0,0.0240168571472167,0.0787469521164894,0.5201883316040039,1,1.3203462362289429,1.1224828958511353,2.649773597717285,1,-0.6800234913825989,0.5333762168884277,2.0840890407562256,1,-0.0015656525501981,0.0071322196163237,0.0106177814304828,0,1.1519514322280884,0.5262998342514038,1.3288272619247437,1,-0.5316966772079468,0.2705730199813843,0.5829874277114868,1
-2.382065534591675,6.797003269195557,13.602537155151367,2.70971417427063,0.4421623945236206,0.612841784954071,1,-0.1931479722261428,1.585527420043945,0.999860405921936,1,0.0016599419759586,-0.0170592032372951,-0.0147998221218585,0,1.4271347522735596,-1.018140196800232,1.7266525030136108,1,-0.5585055947303772,1.2231086492538452,9.480013847351074,1,0.0146143911406397,0.0040871822275221,-0.0118624102324247,0,0.0303919371217489,-0.0455395206809043,0.1639846563339233,0,-5.812994003295898,4.587592601776123,0.6963174343109131,1,-0.0009331928449682,0.0352637581527233,-0.0504708737134933,0
0.2568093538284302,0.0043974248692393,12.239864349365234,0.8586301207542419,-0.5263783931732178,4.571902275085449,1,-0.0058503984473645,0.010571819730103,-0.0278986040502786,0,-0.0077378931455314,0.0073810904286801,0.0188946239650249,0,1.311925768852234,-0.3602259457111358,2.1871466636657715,1,-0.5339184403419495,0.2774502038955688,0.4905723035335541,0,0.0227971039712429,0.0080263642594218,-0.0303587336093187,0,0.642545223236084,-0.0561594665050506,0.7660403251647949,1,-2.0339813232421875,0.6463826894760132,4.256435394287109,1,0.0023990925401449,-0.0026509438175708,0.0071300403214991,0
-0.3708946704864502,1.537987470626831,11.759668350219728,0.793129563331604,-0.2040965557098388,0.8070788383483887,1,-0.5161616802215576,1.1648632287979126,2.1960365772247314,1,-0.0047634379006922,-0.0219440981745719,0.5952690839767456,1,0.5766769647598267,-0.284110277891159,1.523258924484253,1,0.2464395761489868,0.3340246677398681,3.8638391494750977,1,0.0091480053961277,0.0085089262574911,0.0228532627224922,0,1.5259689462254755e-05,0.1175035312771797,-0.0108243403956294,0,-1.49062979221344,0.3962059915065765,2.7818102836608887,1,0.0152509324252605,0.0270320381969213,-0.0196537971496582,0
-0.0038808584213256,0.3276431560516357,6.275374412536621,-0.0090173929929733,-0.0044811111874878,0.0296830814331769,0,-0.130768820643425,1.0622692108154297,4.830253601074219,1,-0.0168330539017915,-0.0058157686144113,-0.0510793812572956,0,0.0055637876503169,-0.008030361495912,0.0113959927111864,0,0.3293943703174591,-1.0273689031600952,0.7168118953704834,1,-0.0014577698893845,0.0124070541933178,-0.0278057213872671,0,0.0051179178990423,0.0424768552184104,0.0198710467666387,0,0.0139597095549106,0.0041760806925594,-0.0376457870006561,0,-0.1998396068811416,0.2520101070404053,0.78388911485672,1
-0.107445515692234,-0.0328646153211593,10.359975814819336,-0.0022775228135287,0.0015136344591155,0.0054504005238413,0,-0.6252741813659668,0.1011652946472168,6.724009037017822,1,-0.0025647867005318,-0.003175608580932,-0.0544068478047847,0,0.0062479809857904,0.0278090424835681,-0.0283497031778097,0,-0.0878250300884246,-0.5301966667175293,2.6395270824432373,1,0.0040324702858924,-0.0024847302120178,-0.0003868918865919,0,0.6050812005996704,0.3779560625553131,1.1193045377731323,1,-0.0010552434250712,0.005537434015423,-0.0258366391062736,0,-0.0038104425184428,-0.0109890662133693,-0.0193351991474628,0
-0.0369262434542179,0.3559681177139282,8.640740394592285,-0.0019145314581692,0.0065796738490462,0.0307115335017442,0,-0.0082237217575311,-0.0033520124852657,-0.0332952104508876,0,0.001038049464114,0.0097649358212947,-0.0326246917247772,0,-0.0007677290705032,4.939901191391982e-05,-0.0359037332236766,0,0.0636761114001274,0.1319685578346252,8.047358512878418,1,-0.0087951458990573,-0.0022377255372703,-0.0246441848576068,0,0.0004237067769281,-0.0019973663147538,-0.0112528298050165,0,0.0006462217424996,-0.0141884153708815,0.0277109015733003,0,-0.0830092057585716,0.2293810546398162,0.6726799607276917,1
1.3002357482910156,-0.0551153384149074,8.155817031860352,0.0070298016071319,-0.0107779204845428,-0.0090139247477054,0,0.1976817697286605,0.1869015544652938,0.7167584300041199,1,-1.9223721027374268,-0.6198012232780457,0.8116633892059326,1,0.0074957837350666,0.0166125539690256,0.5248990654945374,1,1.447567582130432,0.3622047305107116,2.50501561164856,1,-0.8075722455978394,-0.0961842760443687,2.533541440963745,1,0.0015644369414076,-0.0019336821278557,0.0018508556531742,0,2.377178907394409,0.1232498958706855,0.8886227607727051,1,-0.0083380816504359,-0.015386956743896,0.1824795305728912,0
-0.1761917024850845,3.230884790420532,17.2615966796875,1.3764914274215698,0.381714254617691,2.4708409309387207,1,-1.2416033744812012,2.024500131607056,2.090691566467285,1,0.0005034045316278,0.0081806005910038,0.0053145363926887,0,1.6043089628219604,-0.0549390614032745,2.515864849090576,1,-1.0017950534820557,0.1541092097759246,7.052067279815674,1,0.0094261914491653,0.0031095722224563,-0.0244528371840715,0,0.6245542168617249,0.5811527967453003,0.26351398229599,0,-1.505925178527832,0.106732927262783,2.9370598793029785,1,-0.0421523004770278,0.0263244770467281,-0.0493033938109874,0
0.275604635477066,-3.0386786460876465,15.068679809570312,-0.0312658660113811,-0.0128392055630683,0.0555559992790222,0,0.4858403503894806,-1.0833641290664673,2.678764581680298,1,-0.0022448599338531,-0.0215797703713178,-0.0738459601998329,0,0.0063255629502236,-0.0001786552311386,0.0150878634303808,0,0.0106124002486467,0.0184825379401445,0.0098175564780831,0,-0.5843351483345032,0.4053840935230255,7.5248332023620605,1,0.0031182076781988,-0.0498748645186424,2.561232395237312e-05,0,-0.0242023952305316,-0.0384990200400352,0.0863282531499862,0,0.4117563664913177,-2.2562096118927,4.772111892700195,1
0.4180071353912353,-1.762794017791748,14.723267555236816,1.5603629350662231,0.4634961485862732,2.8710410594940186,1,-1.52415668964386,-0.1138650998473167,2.275563240051269,1,-0.0007196443038992,-0.0097850877791643,-0.0114948777481913,0,0.9749549627304076,-1.3886905908584597,4.202486991882324,1,-0.3111632764339447,-0.1692660003900528,4.832521438598633,1,0.0017514622304588,0.008513169363141,-0.0163979977369308,0,0.003277184208855,-0.0824959427118301,-0.0160144958645105,0,-0.2630382180213928,-0.4660630822181701,0.6014941930770874,1,-0.0232615582644939,-0.0046377633698284,-0.0159316752105951,0
-0.1442961543798446,-0.3163895606994629,4.685162544250488,-0.0257331263273954,-0.0106102991849184,0.0208439249545335,0,-0.3224191069602966,-0.1850118488073349,3.84711217880249,1,0.1699772477149963,0.0878171101212501,-1.2964036464691162,0,0.0005033676279708,-0.0094119245186448,0.0118429148569703,0,0.0265275165438652,-0.1875324845314026,2.116219043731689,1,0.0053975130431354,0.0147128971293568,-0.0075098136439919,0,0.0040125050581991,-0.0297699198126792,0.0325981006026268,0,-0.0008613301906734,-0.0035865495447069,-0.0298559311777353,0,-0.0017007641727104,0.0070034507662057,-0.0096847778186202,0
1.0455341339111328,0.6014163494110107,10.478681564331056,0.0030520379077643,0.0048447092995047,0.0092516019940376,0,2.1407082080841064,0.0049473545514047,2.74207615852356,1,-0.010459404438734,-0.0226475689560174,-0.0515264049172401,0,8.156694093486294e-05,0.0020494468044489,-0.0218953434377908,0,1.6399047374725342,-0.2502367794513702,2.6405630111694336,1,-0.6934050917625427,0.3621986806392669,1.6831860542297363,1,-0.0020316888112574,-0.0034833741374313,-0.0065484060905873,0,0.3385654985904693,-0.1872066259384155,0.4007181823253631,0,-2.3708815574646,0.6909505128860474,3.0828568935394287,1
0.06136005371809,-0.0523304268717765,0.1870055943727493,0.0161311738193035,-0.0167243983596563,-0.0185702126473188,0,-0.0034745670855045,0.0075201983563601,0.0081478105857968,0,0.0072457031346857,0.0002982591104228,-0.0187217257916927,0,-0.0016100156353786,0.0031104981899261,-0.0116132451221346,0,-0.0076073976233601,-0.0274508502334356,0.1797053962945938,0,0.0069648092612624,-0.0081441318616271,-0.0016684908187016,0,-0.0121115827932953,-0.0031802935991436,0.0109589509665966,0,0.0471514202654361,-0.0180438924580812,0.026008702814579,0,0.008670512586832,0.0102841863408684,0.0127584217116236,0
0.5219188928604126,0.2722581326961517,15.581856727600098,1.4523154497146606,-0.2861395180225372,3.187791347503662,1,-0.0379065237939357,-0.0127768376842141,0.315165102481842,0,0.0006627300754189,-0.0037370594218373,-0.0023597674444317,0,0.9161662459373474,-0.2965973019599914,1.6464498043060305,1,-0.1024286076426506,0.4641739428043365,5.71842098236084,1,0.0065642301924526,0.0140042770653963,-0.0146808577701449,0,-0.0193703509867191,0.0198366660624742,-0.0431837290525436,0,-1.7092788219451904,0.3760640621185303,4.818777084350586,1,0.0151947792619466,-0.0025700577534735,-0.0445235781371593,0
0.3440304696559906,-0.5979294180870056,8.449301719665527,0.0090649900957942,-0.007711021695286,-0.0273024775087833,0,-0.0003619664930738,-0.0040293028578162,-0.0047135911881923,0,0.1973432898521423,-0.6713431477546692,4.058873653411865,1,-0.0008251325343735,0.0046922410838305,-0.0067680655047297,0,0.2290002852678299,0.0893030762672424,0.0560152791440486,0,0.0062428996898233,-0.0084772184491157,-0.0069525591097772,0,-0.0164775438606739,-0.001848682295531,0.0222486089915037,0,-0.0877054631710052,-0.0056557110510766,4.351827144622803,1,0.0077491388656198,0.0071403579786419,0.0060736276209354,0
0.2762035429477691,-0.1655675917863845,9.076441764831545,0.0059197293594479,0.0005009154556319,-0.0111564025282859,0,0.3139887452125549,0.3667766153812408,1.841092228889465,1,0.0027737296186387,-0.0110312718898057,0.0008869344601407,0,0.0022203142289072,-0.0023234791588038,0.0359315872192382,0,0.0203143171966075,-0.4939074218273163,4.27437162399292,1,-0.0143558578565716,-0.0034927695523947,-0.0091838194057345,0,0.0025956358294934,-0.0042653130367398,-0.0218692552298307,0,-0.0596144869923591,-0.026327321305871,2.966425895690918,1,0.0023614424280822,0.0085024554282426,-5.657898509525694e-05,0
-0.1611374467611313,-0.1143107712268829,8.992204666137695,0.0536636412143707,0.0713344886898994,0.0173383168876171,0,0.0010825635399669,0.012089354917407,0.0040583470836281,0,-0.0066271731629967,0.0051505370065569,-0.0091561172157526,0,0.4667458236217499,0.1198343411087989,8.608593940734863,1,0.0018866074969992,0.0133436489850282,-0.1191559135913848,0,-0.0071392459794878,0.0103807970881462,-0.017721252515912,0,-0.6989662051200867,-0.3779910206794739,0.6192736029624939,1,0.0312923528254032,0.0211540069431066,-0.1188937574625015,0,-0.0030757989734411,0.0103930896148085,0.0078675672411918,0
0.3769068717956543,-1.2988932132720947,9.553638458251951,0.0228986125439405,-0.0274130441248416,0.0246573481708765,0,-0.0444778949022293,0.1875329166650772,-0.017668405547738,0,0.0034134443849325,-0.0028019063174724,0.0055340966209769,0,-0.0103550292551517,-0.0017578168772161,0.0008630072697997,0,0.1518488973379135,-0.6012932658195496,8.594786643981934,1,0.0136804236099123,-0.0007984459516592,0.02374779433012,0,-0.002391752321273,-0.1441716253757476,0.0271786637604236,0,0.223306268453598,-0.7210290431976318,0.9047316908836364,1,0.0189838986843824,0.0128390779718756,-0.0101918214932084,0
0.7002949118614197,-0.7651175260543823,8.934774398803711,0.46161749958992,-0.2105299681425094,1.042017102241516,1,-0.4801957309246063,-0.5959654450416565,2.5928099155426025,1,-0.000123103003716,-0.003230367321521,-0.0106496214866638,0,1.0173512697219849,-0.1195078343152999,1.911171317100525,1,-0.1870241463184356,0.0198215283453464,0.8091135025024414,1,-0.0121944108977913,-0.0057670716196298,0.0229018293321132,0,0.4135491847991943,0.0787546560168266,0.7636429071426392,1,-0.503467321395874,0.0572728589177131,1.7732709646224976,1,-0.0092183966189622,0.0140341548249125,0.0304965302348136,0
0.5694057941436768,-1.8233895301818848,17.627914428710938,0.0054812212474644,0.003243148792535,0.0109207360073924,0,0.1163970082998275,-0.0040409588254988,-0.047776311635971,0,-0.1566532999277115,0.807939350605011,6.551005840301514,1,0.0028434556443244,-0.0022115579340606,-0.0051140752620995,0,0.002973333466798,0.0780166611075401,-0.072558470070362,0,0.2397366762161255,-1.115247368812561,8.008411407470703,1,-0.0038880049251019,0.0982668474316597,-0.0012519675074145,0,-0.0019444829085841,0.0009375109220854,-0.0921005383133888,0,0.3644599318504333,-1.6902930736541748,3.2763776779174805,1
1.776761174201965,-1.6003468036651611,16.88109588623047,0.0034929392859339,-0.0045449994504451,-0.0223408564925193,0,-1.5471398830413818,-1.594940185546875,8.916769027709961,1,-0.0043047606013715,0.0046454188413918,-0.0647254288196563,0,0.931251049041748,0.2409103065729141,1.4670255184173584,1,-0.2470013201236724,-0.5274259448051453,0.8674514889717102,1,0.0117981890216469,0.0150018231943249,-0.0437659695744514,0,2.6492769718170166,0.2746117711067199,5.630982398986816,1,-0.0235277526080608,-0.0182166956365108,0.0971627309918403,0,0.002915563294664,0.0096117286011576,0.0325377099215984,0
-9.989439964294434,-1.8907145261764529,8.391778945922852,0.9226022362709044,0.1127897053956985,2.600534439086914,1,-6.403094291687012,0.2076941579580307,-1.6817865371704102,0,-0.013939905911684,-0.0117170037701725,-0.0451683811843395,0,0.1842431873083114,-0.9044053554534912,4.431102275848389,1,-3.4851415157318115,-1.3696821928024292,1.53667950630188,1,0.0126002542674541,0.0073828846216201,0.0094511900097131,0,-0.112869381904602,0.2114002257585525,1.3864004611968994,1,-1.1081933975219729,-0.1615160703659057,0.1838120371103286,0,0.0143527640029788,0.0173391606658697,-0.0292461421340703,0
-0.2178137153387069,0.3656851947307586,13.646402359008787,0.9982256889343262,-0.4160600900650024,2.846870422363281,1,0.0037775596138089,0.0385698229074478,1.0260957479476929,1,-0.0027728138957172,-0.0228473283350467,0.4792925119400024,0,0.9071698188781738,-0.2438576519489288,0.9036248326301576,1,-0.4626443386077881,0.3205615878105163,2.478511333465576,1,-0.0236043613404035,0.2374016940593719,2.0355935096740723,1,0.0860143154859542,0.0126487789675593,0.0090527012944221,0,-1.7133383750915527,0.4633174240589142,3.31184458732605,1,-0.010641080327332,-0.0240490138530731,0.5555164813995361,1
0.5065407156944275,-1.268354058265686,16.664121627807617,0.0805355086922645,0.0237149018794298,0.3139665126800537,0,-3.6746609210968018,-2.3451027870178223,4.471518039703369,1,-0.0219922047108411,-0.0092780841514468,-0.0519543066620826,0,1.1006500720977783,1.5000064373016355,3.3900177478790283,1,-0.2220270037651062,-0.6953024864196777,0.3088801205158233,0,0.0147427571937441,-0.0048732715658843,0.0172886978834867,0,3.2048189640045166,0.3084560930728912,8.172152519226074,1,0.0561595857143402,-0.014168893918395,0.0548563413321971,0,-0.0316860228776931,-0.0318061411380767,-0.0126031432300806,0
2.276295661926269,-3.386512279510498,18.181365966796875,0.0062298723496496,0.0033072393853217,-0.0242682918906211,0,0.7274729609489441,0.0452159792184829,4.078375339508057,1,-0.0088662719354033,-0.0057986979372799,0.0746095776557922,0,-0.0037632151506841,0.0018920170841738,-0.0271989256143569,0,-0.0866305381059646,-3.242804527282715,11.734572410583496,1,-0.0015738873044028,-0.0063410811126232,-0.0078834537416696,0,1.63180673122406,-0.1733781546354293,2.365907430648804,1,0.0077582988888025,-0.0082626482471823,-0.0121719324961304,0,0.0038617590907961,-0.0003422879963181,-0.0005758123006671,0
1.010044813156128,-0.752243161201477,10.114543914794922,0.0088249025866389,0.0048301578499376,-0.0184930153191089,0,-0.1386037915945053,0.0918618515133857,4.647285461425781,1,-0.0055352104827761,0.0070681297220289,-0.0161731746047735,0,0.0087849143892526,-0.0005582598387263,0.0656901225447654,0,1.2379813194274902,-0.8430458307266235,5.215289115905762,1,-0.0030511445365846,0.0049460846930742,-0.0181426554918289,0,-0.0041575864888727,0.0033572253305464,-0.0007684383890591,0,-0.0017909986199811,-0.0042666969820857,0.0284841358661651,0,-0.0924075990915298,-0.016435869038105,0.211371898651123,0
-0.1779009252786636,5.516173839569092,22.59515380859375,0.0638321042060852,0.0095163974910974,-0.0071774339303374,0,-1.810879468917847,2.136249542236328,4.773571014404297,1,0.1558200567960739,0.0503704771399498,1.3468084335327148,1,0.6643376350402832,0.1642847806215286,1.5898759365081787,1,-0.5431976318359375,0.36522376537323,8.8380126953125,1,0.2728613913059234,0.0642493218183517,4.6410651206970215,1,0.8616785407066345,2.854488611221313,-2.006704330444336,0,0.0092509044334292,-0.265250027179718,2.310286045074463,1,0.1483956724405288,0.1370408982038498,1.1094143390655518,1
-0.0551914647221565,1.2646764516830444,14.009513854980469,0.7925422787666321,-0.0147192254662513,0.997461438179016,1,-0.618293285369873,0.6769447326660156,1.6844301223754885,1,0.0185355450958013,-0.0393847823143005,0.0678708478808403,0,0.5466870665550232,-0.0045357448980212,0.7259660959243774,1,-0.1273054182529449,0.4053367376327514,6.423855781555176,1,0.1505539566278457,0.1122844219207763,1.9939639568328855,1,0.0078930715098977,-0.0773278847336769,0.0048477654345333,0,-0.8586711883544922,0.1363446712493896,2.05092453956604,1,0.0328665301203727,0.0697334706783294,0.0601937919855117,0
0.5290810465812683,0.023360751569271,7.010935783386231,0.0014277170412242,-0.0040481984615325,-0.0257561169564723,0,4.512452505878173e-05,-0.0022797561250627,-0.0083621721714735,0,-0.295924425125122,-0.3132848143577575,2.9454867839813232,1,0.0001320730225415,0.0042349705472588,-0.00843848567456,0,0.8518097996711731,0.3206239938735962,2.051965713500977,1,-0.0964210033416748,-0.0265389587730169,0.4661046862602234,0,-0.003606783458963,-0.0003024576872121,-0.0029668735805898,0,0.0675120204687118,0.042576789855957,1.6091532707214355,1,0.0041065118275582,0.002379186451435,-0.0162510573863983,0
0.0888853147625923,0.3408972322940826,15.163989067077637,0.0027971158269792,-0.0008293311111629,-0.0189427081495523,0,0.1675705760717392,0.5311312675476074,1.3642066717147827,1,-0.0062971683219075,-0.0058961873874068,0.02413778193295,0,-0.0008265727083198,0.0046496652066707,-0.0209644250571727,0,-0.0594173856079578,-0.5807135701179504,8.934749603271484,1,0.0137795740738511,-0.0009935328271239,-0.0059274034574627,0,0.0015320203965529,-0.0023151361383497,-0.0203312803059816,0,-0.0343687608838081,0.3926006555557251,4.925019264221191,1,0.0041159195825457,0.0032634364906698,-0.0179585330188274,0
0.6071560382843018,-0.6342155933380127,9.247925758361816,0.0439468994736671,0.0140298372134566,-0.0096466084942221,0,4.705083483713679e-05,0.0672675520181655,7.261006976477802e-05,0,0.4032819271087646,0.1048750132322311,2.716022253036499,1,0.0080942176282405,-0.0026479274965822,-0.016108438372612,0,0.21019347012043,0.215965524315834,1.01890230178833,1,-0.1275959461927414,-0.2691839635372162,0.3428693413734436,0,-0.0133268795907497,0.05358162894845,0.0276639945805072,0,0.0678245350718498,-0.8401378989219666,5.18911075592041,1,0.0146907763555645,0.022034665569663,-0.0209612287580966,0
0.7315933108329773,-1.0634047985076904,5.207550048828125,0.3088892698287964,-0.2568206191062927,0.6003153324127197,1,-0.053192351013422,-0.0246037766337394,0.2651076912879944,0,0.0020363978110253,-0.0151870669797062,-0.0010691626230254,0,0.6518252491950989,-0.3090280592441559,0.3378881216049194,0,-0.2634466290473938,-0.04833210632205,1.4321247339248655,1,-0.0188281964510679,0.0617888011038303,0.7865011096000671,1,0.7660058736801147,-0.2225849330425262,0.2594214081764221,0,-0.6580411195755005,-0.2425208985805511,1.5382952690124512,1,-0.0036551516968756,-0.0061161699704825,-0.0110341263934969,0
0.4529641270637512,0.3937154710292816,15.3016996383667,1.1172540187835691,-0.2170330584049224,0.6585853695869446,1,-0.0223969370126724,-0.0076757627539336,0.6327970027923584,1,0.0067219184711575,-0.0087260790169239,-0.0557834915816783,0,0.7927204966545105,-0.2525161206722259,0.6464860439300537,1,-0.1033798307180404,0.560151219367981,2.813196897506714,1,-0.0143841197714209,-0.0190147999674081,0.0266775861382484,0,9.237138874595983e-05,-0.0002111826324835,-0.0125657711178064,0,-1.3234161138534546,0.3456681966781616,10.61967658996582,1,-0.0002476437366567,-0.0069269421510398,-0.0273715741932392,0
0.1217464208602905,-0.2246315032243728,7.13572359085083,-0.0054664742201566,0.0040778368711471,0.0207741912454366,0,-0.0012031744699925,0.0386712960898876,0.4076886177062988,0,-0.0007919873460195,-0.0151241635903716,-0.0354182794690132,0,0.0017321102786809,-0.0048721530474722,-0.0227476097643375,0,-0.0809467658400535,0.0983322411775589,4.1018385887146,1,0.0001637029490666,-0.0053944042883813,-0.0055139204487204,0,-0.002344551961869,0.0009263203828595,-0.0089895911514759,0,0.2157171219587326,-0.3362652361392975,2.698779582977295,1,-0.0051135742105543,-0.0049832332879304,-0.0206877682358026,0
1.2773234844207764,-0.377093106508255,8.186594009399414,0.1385165601968765,-0.0188006721436977,0.0187982693314552,0,-0.6202852129936218,-0.3525145947933197,2.5098202228546143,1,0.0022098564077168,-0.0188518036156892,0.0955138206481933,0,0.8669697642326355,-0.1629026532173156,0.3921261727809906,0,-0.3208686709403991,0.1668891310691833,1.8601946830749512,1,-0.0074719074182212,0.1505232900381088,1.3506413698196411,1,1.353351593017578,-0.1299296617507934,0.743586003780365,1,-0.1339426338672638,0.0132262641564011,1.1300039291381836,1,-0.0011558309197425,-0.0247324518859386,0.0859093517065048,0
0.268482893705368,0.4013023674488067,11.374473571777344,0.0148746632039546,-0.0052835731767117,-0.0169151723384857,0,-0.0040820529684424,0.0108992662280797,-0.0045192227698862,0,-0.0470360592007637,-0.0237617585808038,0.0822341218590736,0,-0.0001838909665821,0.0033180809114128,-0.0568837709724903,0,1.1273775100708008,0.8080100417137146,2.87833023071289,1,-0.0010334077524021,-0.0036439436953514,-0.0091379256919026,0,0.0127012655138969,0.0016350522637367,-0.0024648210965096,0,-0.8321985006332397,-0.400695651769638,8.506969451904297,1,-0.0019365837797522,0.0108248014003038,-0.0031393358949571,0
1.655916452407837,0.5129940509796143,11.79720401763916,-0.0365436114370822,-0.0201324205845594,0.0208202116191387,0,0.1626937389373779,4.294424057006836,2.620187520980835,1,0.0049750795587897,-0.0141879944130778,-0.0198222827166318,0,-0.0041924905963242,0.0118647404015064,-0.0127251287922263,0,2.19087553024292,-5.210547924041748,0.6352664828300476,1,0.0300610121339559,0.0173068381845951,-0.0002388075517956,0,0.0027310841251164,0.0661936476826667,0.0176923554390668,0,0.006753571331501,-0.012579564936459,0.0168090462684631,0,-0.7014374732971191,1.380652666091919,8.519214630126953,1
0.9708337783813475,3.468069314956665,11.204401016235352,-0.0095592243596911,0.0098436865955591,0.0106776505708694,0,1.5239366292953491,0.8140116333961487,4.265774726867676,1,0.0030326433479785,0.0022836294956505,-0.0095047242939472,0,-0.0018555460264906,0.0019454582361504,-0.0241782236844301,0,1.097301721572876,0.3823518753051758,2.259589433670044,1,-0.2620145380496979,0.4119785130023956,0.5932907462120056,1,-0.0027862880378961,-0.0029193947557359,-0.0217021498829126,0,-0.0029065019916743,0.0132952155545353,-0.0181315448135137,0,-1.3743150234222412,1.8352787494659424,4.148585319519043,1
1.2332336902618408,1.6141791343688965,3.906273126602173,0.7712526321411133,0.2060125470161438,0.932529091835022,1,0.0012686151312664,0.0141177857294678,-0.0163464751094579,0,-0.0133574539795517,-0.0165687464177608,-0.0060469396412372,0,0.9399810433387756,0.1365689188241958,1.1077730655670166,1,-0.3408745229244232,0.2434684634208679,0.3201690018177032,0,-0.0061339898966252,0.0016094599850475,-0.0022784008178859,0,0.6643809080123901,0.2927393019199371,0.7226060032844543,1,-0.7759225368499756,0.7274125814437866,0.8425933122634888,1,-0.0073609119281172,0.0088188629597425,0.0052744867280125,0
-1.6719602346420288,-2.949312210083008,6.925352573394775,0.4272540509700775,-0.2725014984607696,0.7494248151779175,1,-1.862701654434204,-0.6731969118118286,1.5197826623916626,1,0.0043668895959854,-0.0111299185082316,0.0168691705912351,0,0.7967706322669983,-0.539039134979248,1.5281503200531006,1,-0.8320050239562988,-0.772485077381134,1.9107509851455688,1,0.0140672037377953,0.00603046733886,0.0275495462119579,0,0.3359869718551636,-0.2941037118434906,0.4734074473381042,0,-0.5491502285003662,-0.3840156495571136,0.7192198634147644,1,-0.0065491497516632,-0.0088710337877273,-0.0198020841926336,0
0.5903781056404114,0.1288712322711944,8.848742485046387,0.0105910561978816,0.0046687750145792,-0.0123658394441008,0,0.1840599030256271,0.1086055114865303,0.4438702166080475,0,-1.9997152090072632,-0.7949758768081665,2.3374927043914795,1,0.0026286994107067,0.0006734094931744,0.0016684527508914,0,1.2064112424850464,1.0583477020263672,2.5598301887512207,1,-0.3528628051280975,-0.3408708870410919,0.9017033576965332,1,0.0048868460580706,-0.0018441862193867,-0.0155480066314339,0,1.5227113962173462,0.0832054913043975,2.6328251361846924,1,0.0116669386625289,0.0110612977296113,-0.0007332866080105,0
1.1019883155822754,-0.4275179505348205,6.889044761657715,0.0763710141181945,-0.0180244073271751,0.0314574614167213,0,0.1297484338283538,-0.0376334823668003,0.1413228511810302,0,-0.0023522609844803,0.0049813766963779,-0.0905112400650978,0,-0.0042468612082302,-0.0071222642436623,0.00639886315912,0,0.018941543996334,-0.0326955094933509,-0.0143629815429449,0,0.1675932556390762,0.199727326631546,3.8532555103302,1,-0.0117385257035493,-0.0096543291583657,-0.0673848092555999,0,-0.0251182373613119,-0.216888889670372,0.0287104081362485,0,0.7527900338172913,-0.3102077543735504,3.0001585483551025,1
0.1674887537956237,2.478278875350952,8.974489212036133,0.0001945118710864,0.0020898086950182,-0.0347898118197917,0,-0.3490720689296722,1.7427033185958862,2.422482252120972,1,-0.0017522248672321,0.010488424450159,-0.0376551151275634,0,0.2387626767158508,-0.0967822074890136,0.3523500859737396,0,-0.1240290328860282,0.3762456774711609,4.898176193237305,1,0.0951338410377502,0.0416403412818908,1.237027883529663,1,0.2850704193115234,0.5419496893882751,-0.2517255842685699,0,0.0053236624225974,-0.1796529591083526,0.3993563055992126,0,0.0178569760173559,0.0395968444645404,-0.0107329310849308,0
0.4604368805885315,0.4634784758090973,10.496521949768066,-0.019022598862648,0.0048596542328596,-0.0381446629762649,0,0.1605597585439682,0.4237828850746155,8.073761940002441,1,0.0027564705815166,-0.0213391687721014,-0.0437001101672649,0,0.0107290092855691,0.0049356683157384,0.007363133598119,0,0.1192104220390319,-0.2542654573917389,1.971964120864868,1,0.0059505305252969,0.0048545124009251,0.0026020964141935,0,0.1854376196861267,0.3393450975418091,0.5416638255119324,1,-0.0053292834199965,-0.0488639064133167,-0.0267052818089723,0,0.0001449316041544,0.0101692164316773,0.0077183688990771,0
0.5596027374267578,-0.4028714299201965,6.977139472961426,0.0066872504539787,-0.006185820326209,-0.0431658364832401,0,-0.4881843626499176,-0.5206844806671143,3.6642000675201416,1,0.0029379925690591,-0.006528771482408,-0.0399651154875755,0,0.5456852316856384,0.0559177212417125,0.793306827545166,1,-0.196852907538414,0.0235306154936552,0.3154826164245605,0,-0.0013935264432802,-0.0013336013071238,-0.0174960978329181,0,0.6932549476623535,0.0585932210087776,2.3383047580718994,1,-0.000891434319783,0.0006693601608276,-0.0106682954356074,0,-0.0016404570778831,-0.0068496316671371,-0.0228589512407779,0
-1.923628807067871,3.3540706634521484,15.4532470703125,1.8442230224609373,-0.207138180732727,0.910256028175354,1,0.0860866159200668,0.1058459803462028,1.3324215412139893,1,0.0473724491894245,-0.0160074643790721,0.2737751603126526,0,0.4724734127521515,-0.1413295120000839,0.7295882105827332,1,-0.1669989973306656,0.6826063394546509,6.801459789276123,1,0.1683420538902282,0.143948495388031,2.3796331882476807,1,-0.0021224385127425,0.0261563658714294,0.0052235592156648,0,-4.403924465179443,2.732847213745117,2.905884265899658,1,0.03091961145401,0.0271413642913103,0.115005612373352,0
-3.1770107746124268,4.574521541595459,17.499486923217773,1.2043683528900146,0.0256294030696153,2.155022144317627,1,-0.7813395857810974,1.5586020946502686,2.154947280883789,1,-0.0324698127806186,-0.0077734161168336,-0.0177849344909191,0,1.1831644773483276,-0.756094753742218,3.378119468688965,1,-0.2802342772483825,0.6260125637054443,5.493212699890137,1,0.0063075739890336,0.0098738828673958,0.0002465147408656,0,0.0897623524069786,-0.1246770620346069,0.6419457197189331,1,-4.612941741943359,3.223160982131958,3.648884296417236,1,0.04637161642313,0.0197879765182733,0.0448937490582466,0
1.5874698162078855,-0.8395944833755493,9.150845527648926,0.6027665138244629,-0.0769614949822425,0.4547931253910064,0,-0.6230894327163696,-0.4806046187877655,3.424747467041016,1,-0.0015255674952641,0.0008259952883236,-0.0189961697906255,0,1.4322327375411987,-0.0185307096689939,0.8712767958641052,1,-0.2484216839075088,-0.0774803757667541,1.5863289833068848,1,-0.0045573553070425,-0.0029628905467689,0.0058436742983758,0,0.766652524471283,-0.0394511856138706,0.7083510756492615,1,-0.3354473710060119,-0.1396507769823074,2.114529609680176,1,-0.0011405990226194,-0.0047784694470465,0.0039715571328997,0
0.6148617267608643,0.0892070978879928,12.956104278564451,0.815256655216217,-0.4288855791091919,3.482922315597534,1,-0.0109613733366131,0.0059846858493983,-0.0367376133799552,0,-0.0062690288759768,0.0062253037467598,0.0181069727987051,0,0.4171189069747925,-0.3647780418395996,0.7835334539413452,1,-0.2822547256946563,0.8171935677528381,0.5168448686599731,1,0.0170083492994308,0.0102351093664765,-0.0339302271604537,0,0.0008694514399394,-0.0076125934720039,-0.0197333730757236,0,-0.3340176045894623,0.0391900949180126,8.24333667755127,1,-0.0018888788763433,0.0116545297205448,0.0017611415823921,0
0.3519223630428314,-0.0916711911559104,5.299073219299316,-0.6931411027908325,0.6873562335968018,1.5030887126922607,1,-0.0047375853173434,0.0119487829506397,-0.03914200887084,0,-0.0038449121639132,0.0056111654266715,0.0266988258808851,0,0.0237492471933364,-0.0087616303935647,0.1142670437693595,0,-0.7293965220451355,0.5002763867378235,0.5270562171936035,1,0.0077231423929333,-0.0058841765858232,-0.0190083347260952,0,-0.0034611492883414,-0.0084043135866522,-0.012773816473782,0,1.7573784589767456,-1.2591160535812378,3.237355232238769,1,-0.0023472486063838,-0.014697634615004,-0.0384685844182968,0
1.3948034048080444,0.3019231557846069,11.122477531433104,0.0036401588004082,-0.0313492454588413,0.044517520815134,0,0.1183133795857429,0.5615646243095398,0.7657903432846069,1,0.0028357435949146,0.0001556784263812,-0.0095866555348038,0,-0.0047265426255762,0.0101222516968846,-0.009387700818479,0,0.9165754318237304,0.3857527673244476,6.999920845031738,1,0.0093523813411593,0.0005772653385065,0.0028210992459207,0,-0.0008823444950394,0.0295784249901771,-0.0189678706228733,0,0.3468502759933471,-0.6802411675453186,3.3827128410339355,1,0.0028450663667172,0.0257625579833984,-0.0353423245251178,0
0.2935549318790436,-0.6223563551902771,6.307960033416748,-0.0085978535935282,0.0146787939593195,0.0208748057484626,0,-0.5623509883880615,-0.1526993066072464,1.6240900754928589,1,0.0010762475430965,-0.0080846277996897,-0.0238337591290473,0,0.0064110648818314,-0.0024243826046586,0.0510890148580074,0,0.1686799228191375,-0.3502762019634247,2.718406438827514,1,0.0115300798788666,0.0073038721457123,-0.0051303743384778,0,-0.0019940682686865,-0.001244151382707,-0.0083922734484076,0,0.6746092438697815,-0.1361482441425323,1.9354668855667116,1,0.0041912989690899,0.0065379221923649,-0.0046110176481306,0
-0.7915163636207581,0.5625398755073547,16.6931209564209,-0.0132024036720395,-0.0084647433832287,0.0286799985915422,0,0.1057969182729721,0.1128523871302604,0.1793040633201599,0,-1.9640473127365112,2.192267894744873,6.4541192054748535,1,-0.0019437475129961,0.0085183326154947,0.0088050067424774,0,0.8358068466186523,0.0499187633395195,1.476606011390686,1,-1.572848916053772,-0.7537356019020081,4.438154697418213,1,0.0209452677518129,-0.0149124106392264,-0.0509965196251869,0,2.5715231895446777,-0.3439431190490722,2.815139055252075,1,-0.7735462784767151,-0.679961621761322,1.343311071395874,1
0.2672429382801056,0.1321418583393097,9.872274398803713,0.0066427793353796,0.0007218013051897,-0.0198520105332136,0,0.241040363907814,0.2770113945007324,2.107990503311157,1,0.0065759508870542,-0.0021261658985167,0.0331793799996376,0,0.0001802344631869,-0.0025766901671886,-0.0032600362319499,0,-0.0616898797452449,-0.3318053781986236,5.030711174011231,1,-0.0093690315261483,-0.0002156022383132,0.0056138513609766,0,-0.0043798331171274,0.0080959806218743,0.0077226562425494,0,0.0866097956895828,0.195015087723732,2.743156671524048,1,0.001632580650039,-0.0119785936549305,-0.0329872742295265,0
-0.0106978714466094,4.1855058670043945,14.65664005279541,0.3670210838317871,0.002010449534282,0.4284450709819793,0,-0.0416483432054519,2.900120496749878,4.069085121154785,1,0.00010079988715,-0.0006715281051583,-0.019133523106575,0,1.2032129764556885,-0.3167791068553924,1.587544560432434,1,-0.5206122994422913,0.2745789587497711,6.834317207336426,1,0.0050260331481695,0.0013440281618386,-0.005529198795557,0,0.4898726046085357,0.7576857209205627,0.7710163593292236,1,-1.5435336828231812,0.5454330444335938,0.9995440244674684,1,0.0298629701137542,0.0217836946249008,-0.0086493454873561,0
-0.6020310521125793,1.5256999731063845,17.92336654663086,-0.0100112948566675,0.0148547450080513,0.0022670982871204,0,-0.0049760895781219,0.0110319899395108,-0.0408485271036624,0,2.0704963207244877,1.91148042678833,6.967779636383057,1,0.0035798388998955,-0.0090015549212694,0.0338836684823036,0,0.0020302825141698,0.0378025360405445,-0.1608125567436218,0,-3.082716464996338,-0.840747594833374,8.973685264587402,1,-0.0126741752028465,0.0028149294666945,0.0165751352906227,0,0.726432740688324,0.506718635559082,1.830660581588745,1,-0.2941921949386596,-0.1092541366815567,0.3001764118671417,0
1.346052885055542,0.529378354549408,7.517182350158691,0.0167590156197547,-0.0091844489797949,-0.0015923471655696,0,0.6718040108680725,0.2970608472824096,0.7236853837966919,1,-0.3889812529087066,-0.0562500059604644,0.4090067744255066,0,0.0039922199212014,0.0219351258128881,0.3837375044822693,0,1.242057204246521,0.4013656377792358,2.364285469055176,1,-0.6227267384529114,0.0312368609011173,2.124682903289795,1,0.0098671922460198,-0.006852748338133,-0.009689811617136,0,0.846505343914032,-0.0512511804699897,1.1421452760696411,1,-0.4332240223884582,-0.0986817628145217,0.3809215426445007,0
0.924464464187622,-0.6613683104515076,12.659977912902832,0.0069753914140164,-0.0018776956712827,0.0018081911839544,0,0.4181365966796875,-0.6489591002464294,8.443235397338867,1,-0.0037074235733598,-0.0021045892499387,-0.0206067785620689,0,0.1925587952136993,0.0116797918453812,0.2848005294799804,0,-0.0848741978406906,-0.1387590020895004,2.0278213024139404,1,-0.0058337319642305,-0.0078510968014597,0.0185078904032707,0,0.4103753268718719,0.1355199217796325,1.8275812864303589,1,-0.0143986493349075,-0.0153725109994411,0.0652065575122833,0,0.0052323760464787,0.0063560656271874,0.0116237895563244,0
0.0166982300579547,0.1967206001281738,6.492944717407227,-0.01026111561805,-1.9844548660330474e-05,0.0067200413905084,0,-0.0012260768562555,0.0003934073320124,-0.0310948584228754,0,0.1971166878938675,0.0699602514505386,0.6567894220352173,1,0.0028707175515592,0.0021472508087754,-0.0035777264274656,0,0.6398255825042725,0.6414151787757874,3.813555955886841,1,0.0222041383385658,0.006477287504822,-0.0171780157834291,0,-0.005758982617408,0.0025141194928437,0.0054602078162133,0,-0.8218713998794556,-0.5204790830612183,2.087529182434082,1,-0.0062013370916247,-0.0056880116462707,-0.025259394198656,0
-0.6822153329849243,1.7422692775726318,19.388687133789062,0.0067673572339117,-0.001418855972588,-0.0071240258403122,0,0.1845374107360839,1.466874122619629,2.107212543487549,1,-0.0006389180780388,-0.0057448120787739,-0.0135953957214951,0,0.0048722857609391,0.0033071420621126,0.0039997287094593,0,-0.7403088212013245,-0.4608464241027832,10.115131378173828,1,-0.0139151634648442,-0.005632085725665,-0.0070059178397059,0,-0.0051479749381542,0.0071258172392845,0.0097442315891385,0,-0.1188598647713661,0.7360340356826782,7.170763969421387,1,0.0004783854819834,0.0025704312138259,0.0095587912946939,0
-0.1397814452648162,-1.4350354671478271,7.095254898071289,-0.0094464402645826,0.0142135815694928,0.0188233293592929,0,-0.0004763764154631,0.0146287502720952,-0.0272150114178657,0,0.2390696108341217,0.389454036951065,0.279836356639862,0,0.0027404564898461,-0.0030934500973671,-0.005322044249624,0,0.1717719435691833,0.3034221827983856,0.0492268949747085,0,-0.5460327863693237,-1.1474263668060305,2.2196836471557617,1,-0.0135785248130559,0.0008016536594368,0.0215628165751695,0,0.0178276821970939,-1.0004651546478271,4.552202224731445,1,-0.0016570162260904,-0.0065707038156688,-0.0135429576039314,0
-0.4434652328491211,0.6325207948684692,6.668362140655518,0.798427402973175,-0.1252398490905761,0.9783487319946288,1,-0.1421001851558685,0.177796259522438,0.3406127095222473,0,0.0116458442062139,-0.0203064009547233,-0.0195425804704427,0,0.2951802611351013,-0.012701217085123,0.1828455030918121,0,-0.16532664000988,0.2461287528276443,3.341846466064453,1,0.0555194430053234,0.0590345561504364,0.6631008982658386,1,-0.0044210921041667,-0.0003599429910536,0.0105622690171003,0,-1.3063955307006836,0.2464227080345153,1.1774941682815552,1,0.0140052484348416,0.0617459155619144,-0.0069061554968357,0
0.5229458212852478,-0.552672803401947,14.36098575592041,0.0095273265615105,-0.0018196422606706,-0.0178978126496076,0,0.0115187000483274,0.0012038747081533,0.0086900014430284,0,-0.3878958821296692,-1.147147297859192,4.185572624206543,1,6.914184723427752e-06,-0.0032106158323585,-0.0182262733578681,0,1.2734785079956057,1.1237987279891968,2.052055597305298,1,0.0036527146585285,-0.017544375732541,-0.0055286018177866,0,0.0042789191938936,-0.0047010681591928,-0.018596813082695,0,-0.3936015665531158,-0.510620653629303,8.177896499633789,1,0.001980249537155,0.0073682516813278,-0.0029806680977344,0
-0.1127785593271255,-0.0820156782865524,9.630778312683104,0.0100394478067755,-0.0027771990280598,-0.0278763324022293,0,-0.3211109340190887,0.0263673365116119,2.523338556289673,1,-0.0058899922296404,-0.0032328062225133,-0.0226467903703451,0,0.0009939377196133,0.005064221099019,-0.0433326438069343,0,-0.0200600195676088,-0.0330548696219921,4.263816356658936,1,-0.009804137982428,0.0047634239308536,-0.0312702618539333,0,0.0093769319355487,-0.0001473340962547,-0.0061802202835679,0,0.2276019155979156,-0.0791018232703208,2.9916000366210938,1,-0.0039257295429706,0.0001033674925565,-0.0166707914322614,0
-2.006038188934326,-1.2016513347625732,15.47302532196045,0.9461415410041808,0.1604937613010406,2.208894968032837,1,-2.664278268814087,-0.3543350398540497,2.7816290855407715,1,0.0044166198931634,-0.014451359398663,0.0092649469152092,0,1.8910064697265625,-0.8396059274673462,2.541639566421509,1,-1.4728822708129885,-0.5442996025085449,5.151944637298584,1,0.0229326616972684,0.0048812772147357,0.0403296835720539,0,0.7911192774772644,0.9165925979614258,-0.0062916511669754,0,-1.5173128843307495,-0.5417271256446838,2.788545608520508,1,-0.0071811457164585,0.0108001502230763,-0.0429314449429512,0
0.9035398960113524,0.5366104245185852,12.887872695922852,-0.0064321826212108,0.0049371835775673,0.0159610956907272,0,0.0201671309769153,0.0435247235000133,0.0021031643263995,0,-0.6146143674850464,-0.259882777929306,3.574140787124634,1,0.0049992757849395,0.0048767109401524,0.0178122818470001,0,1.7032774686813354,1.2832393646240234,3.512290954589844,1,-0.0766069442033767,-0.0095031447708606,0.1663596034049987,0,0.0011604623869061,0.0019743153825402,-0.0040858443826437,0,-0.1238817945122718,-0.5343109965324402,5.61632251739502,1,-0.0045290989801287,0.0017550066113471,-0.0130313290283083,0
-2.828941583633423,-3.1340572834014893,8.631024360656738,-0.0034865988418459,0.00832059700042,-0.0134910671040415,0,1.003675937652588,-0.7956682443618774,0.9097581505775452,1,-0.7630064487457275,0.2617672085762024,0.6194549798965454,1,0.0043033813126385,0.0066084014251828,0.0533765330910682,0,0.4575988054275512,0.0711181014776229,1.8434025049209597,1,-1.121365666389465,-0.0526091307401657,2.847759485244751,1,0.012642778456211,-0.0100113479420542,0.1226389780640602,0,0.0177382566034793,-0.0317671634256839,0.1579199135303497,0,-2.437041997909546,-2.591815710067749,2.0902044773101807,1
-0.0952811166644096,-0.2539650797843933,7.168300151824951,0.010131262242794,-0.0105329696089029,0.0090544084087014,0,-0.6391074657440186,-0.1515943855047226,2.0643317699432373,1,0.0009571880218572,-0.0085800671949982,-0.0548008605837821,0,0.0061321514658629,-0.000736788555514,0.0017929327441379,0,-0.0255377497524023,-0.050377070903778,2.894108533859253,1,-0.0119509026408195,-0.0058318129740655,-0.0027786844875663,0,-0.0032022004015743,0.0022103975061327,-0.0013481866335496,0,0.5637366771697998,-0.02525001950562,2.281809568405152,1,0.0035599574912339,-0.0032723399344831,-0.0238699316978454,0
-0.1256056278944015,-1.4843978881835938,19.39413452148437,-0.0998373851180076,0.0097545497119426,0.0021548725198954,0,0.3283313810825348,-1.178104281425476,9.022263526916504,1,0.000915773154702,-0.016419481486082,-0.0596099607646465,0,0.0008531016646884,-0.0096703805029392,0.0156701542437076,0,0.1598564088344574,-0.6178867220878601,-0.7580265998840332,0,-0.55903559923172,0.4395061135292053,3.2933449745178223,1,-0.0544091686606407,0.0937067866325378,-0.0096069164574146,0,0.0060573229566216,0.1246495991945266,-0.0779917016625404,0,0.0916625708341598,-0.3299339413642883,7.96593713760376,1
-1.6024093627929688,4.943626403808594,17.412010192871094,2.134653329849243,-0.0035975244827568,2.471221208572388,1,-0.4862324893474579,2.1642439365386963,1.190087080001831,1,-0.0005435336497612,-0.0024688139092177,0.0077458419837057,0,1.758429765701294,-0.9813546538352966,3.583132743835449,1,-0.4426645934581756,0.8739460110664368,5.897178649902344,1,0.0063196746632456,0.0058518187142908,-0.0006099754828028,0,0.0900518894195556,-0.1661777794361114,0.6022405028343201,1,-4.665493011474609,3.0060925483703613,3.700390577316284,1,0.0030694471206516,0.0470911562442779,-0.0393753871321678,0
1.9432069063186648,1.538619875907898,9.222816467285156,0.0052278726361691,0.0010451868874952,-0.0210688561201095,0,0.316406100988388,0.314852774143219,0.7622498869895935,1,-0.1600740402936935,0.0213137045502662,0.3467791378498077,0,-0.0009904690086841,0.0123462509363889,0.6370181441307068,1,1.504001259803772,0.5527150630950928,2.7291688919067383,1,-0.7108989357948303,0.3716139793395996,2.664757490158081,1,-0.006227308884263,-0.0027907660696655,-0.0086872670799493,0,1.5351276397705078,0.156326875090599,1.1792834997177124,1,-0.5393651723861694,0.1111968606710434,0.9333151578903198,1
1.019593596458435,-0.0318756476044654,20.832862854003903,1.0069360733032229,1.0982857942581177,1.8603876829147337,1,-0.18923319876194,-0.4301849901676178,1.65848708152771,1,-0.0013649053871631,-0.0054793246090412,-0.0487008951604366,0,0.6227064728736877,-0.7966508865356445,9.538419723510742,1,-0.0052240593358874,0.0028716844972223,-0.0337736345827579,0,0.0121045280247926,0.004342493135482,-0.0284743085503578,0,-0.415488451719284,0.0789529457688331,7.8917412757873535,1,-0.014690394513309,0.0057802493683993,-0.0166764110326766,0,0.0038475939072668,0.0102063724771142,0.0114523870870471,0
0.7927290201187134,0.2972927391529083,6.010119915008545,0.0100099453702569,-0.0067809037864208,-0.0043466370552778,0,0.0003904734039679,0.011225476861,-0.0340876802802085,0,-0.0316796563565731,-0.136453703045845,1.503964900970459,1,-0.0028232198674231,0.0049549546092748,-0.0501738227903842,0,0.2983015179634094,-0.1243212074041366,1.7834396362304688,1,-0.0049540516920387,0.0059969336725771,-0.0170323941856622,0,0.0026076501235365,-0.0025254290085285,-0.0108161093667149,0,0.5222213268280029,0.5474836230278015,2.848840475082397,1,-0.0013449536636471,-0.0022870115935802,-0.009668287821114,0
0.5440648198127747,0.0756903663277626,10.40865993499756,0.0029447942506521,0.0010164011036977,-0.0070555498823523,0,0.966137707233429,0.3390451073646545,0.8607109189033508,1,-0.7363292574882507,-0.0736485198140144,1.598413586616516,1,-0.0011568013578653,0.0026421078946441,-0.022400714457035,0,1.4161229133605957,0.0719618797302246,2.028947353363037,1,-1.2373559474945068,-0.1235152781009674,3.038740873336792,1,-0.0020692110992968,0.0042828801088035,0.0032118649687618,0,1.0207240581512451,-0.077574111521244,1.0831387042999268,1,-0.8849534392356873,-0.0685200914740562,1.8249529600143437,1
-1.3742396831512451,0.638949990272522,10.064959526062012,0.5757367610931396,-0.2515302896499634,0.4884826838970184,0,-0.4899971485137939,0.3295257091522217,1.5191197395324707,1,-0.0074930959381163,-0.0357832908630371,0.0004959715879522,0,0.3940421938896179,-0.2014778107404709,0.4504352509975433,0,-0.1612753868103027,0.0568799152970314,4.515589237213135,1,0.0980742201209068,0.1038378998637199,1.4794634580612185,1,-0.0128547344356775,0.0773443058133125,0.0053679984994232,0,-1.770880937576294,0.5742093920707703,1.611649513244629,1,0.0004083572130184,-0.0140558341518044,-0.0056452080607414,0
1.0031394958496094,0.8362650275230408,9.82529640197754,0.00047305910266,0.0036617077421396,0.0063337297178804,0,-0.0025682910345494,-0.0052437777630984,-0.0020541485864669,0,-0.7223148941993713,-0.3544333279132843,1.020877242088318,1,-9.901769954012708e-05,0.0008172984234988,0.0144761353731155,0,0.5554352402687073,0.7247681617736816,2.918793201446533,1,0.010915926657617,0.0044423616491258,-0.0186351034790277,0,-0.0061257709749042,0.0026555312797427,0.0055772350169718,0,1.1707173585891724,0.4579710066318512,5.876332759857178,1,-0.0032941626850515,0.0016260478878393,0.0035949884913861,0
1.2472683191299438,-0.6696383953094482,20.144155502319336,0.0023659002035856,0.003853629110381,-0.0015517405699938,0,1.7109416723251345,0.4843807220458984,11.876267433166504,1,-0.0027616086881607,-0.0120504777878522,0.0017374405870214,0,0.0035906757693737,-0.001406266586855,0.0280890427529811,0,-1.3608952760696411,-1.423905611038208,6.235899448394775,1,-0.013193198479712,0.009622854180634,-0.0509648472070694,0,0.905051290988922,0.2590590119361877,2.0671825408935547,1,0.0027594987768679,0.0024144679773598,-0.0203898102045059,0,-0.0005906898295506,0.0083932634443044,0.0078848861157894,0
1.5006403923034668,0.1285608410835266,5.078329086303711,0.0076031968928873,-0.0019659530371427,-0.0291214436292648,0,0.3677599728107452,0.1294824331998825,0.5110517144203186,1,-0.3703657984733581,-0.0608158484101295,0.3291381299495697,0,-0.0025517679750919,-0.002219149377197,0.1728774011135101,0,1.0762155055999756,0.0803739503026008,1.927858829498291,1,-0.4533612430095672,0.0264670196920633,1.346493124961853,1,-0.0012570368126034,0.0042783180251717,-0.0053322170861065,0,1.182441234588623,0.0105799101293087,0.6350048780441284,1,-0.3058436512947082,-0.0576198622584342,0.1903581023216247,0
2.388561487197876,-1.009684443473816,11.340209007263184,1.471760392189026,-0.2832010388374328,1.4154596328735352,1,-0.9767024517059326,-0.3050903677940368,2.8797223567962646,1,-0.0029481318779289,0.0002932138741016,0.0086102243512868,0,1.7220628261566162,-0.3362309336662292,1.1809769868850708,1,-1.3332918882369995,0.1100888848304748,2.32742691040039,1,0.0010473853908479,0.0030270293354988,0.0079354848712682,0,2.2606990337371826,-0.1793694049119949,2.068819522857666,1,-0.7436060309410095,-0.0149316061288118,1.455053210258484,1,-0.0104595441371202,-0.0042701917700469,-0.0037953271530568,0
-0.2968799173831939,0.76217120885849,11.495713233947754,0.2255429178476333,0.0428488329052925,0.4577119648456573,0,-1.2812271118164062,0.3329378068447113,1.3062301874160769,1,0.0066600292921066,-0.0164234340190887,0.035680279135704,0,0.7647133469581604,0.406024307012558,4.507930755615234,1,0.0096734846010804,0.0022867938969284,0.0348969586193561,0,-0.0014793641166761,-0.0128681473433971,0.0417132526636123,0,-0.0513185076415538,0.073247529566288,5.041231155395508,1,0.0223501436412334,-0.0743987187743187,0.0591954998672008,0,0.00820520427078,0.008516171015799,0.0111234262585639,0
1.4314018487930298,-0.2024919092655182,2.682933568954468,-0.008375353179872,0.0001941555819939,-0.0206804517656564,0,0.1581216156482696,0.0945533215999603,0.1454497724771499,0,-0.070514440536499,-0.0005922606796957,0.0792530700564384,0,-0.0023459768854081,-2.948397923319135e-05,-0.0050034131854772,0,0.8609051704406738,-0.0833080187439918,1.3806877136230469,1,-0.2007283270359039,0.004084494896233,0.6991108059883118,1,-0.0033286870457232,-0.0022900272160768,-0.0153965437784791,0,0.7005282640457153,-0.2093473821878433,0.4490545690059662,0,-0.0028603898826986,-0.0057567046023905,-0.0295416135340929,0
4.184297561645508,1.2256916761398315,8.786059379577637,0.0101794973015785,0.0008874022751115,-0.043117206543684,0,0.8142892718315125,0.2424076050519943,0.1016999557614326,0,-0.5826383829116821,0.0165260694921016,2.057732105255127,1,0.0013001351617276,0.0032714568078517,-0.0040550399571657,0,2.0005624294281006,0.629456102848053,2.067207098007202,1,-0.899314284324646,-0.213314488530159,2.578408718109131,1,-0.0002212780818808,-0.0001738335558911,-0.0108745945617556,0,2.9729714393615723,0.6156289577484131,1.696220874786377,1,-0.1328308582305908,-0.0689977332949638,0.3428371548652649,0
-0.1992114782333374,-0.1152672097086906,5.543057918548584,0.4449850022792816,-0.1800542622804641,1.6155853271484375,1,-0.0577568188309669,0.0087337289005517,-0.0211792606860399,0,0.0036297980695962,-0.0054652555845677,0.0098884655162692,0,0.3959024846553802,-0.0306811332702636,0.7626661062240601,1,-0.2490871697664261,0.131159096956253,1.2935720682144165,1,0.0030156618449836,0.0070925508625805,-0.028663145378232,0,0.0039901211857795,-0.0429214276373386,0.0427545681595802,0,-0.7285593748092651,0.0071213650517165,1.9057350158691408,1,-0.0153311472386121,-0.0102518778294324,-0.0373008698225021,0
1.186967134475708,-2.018620014190674,15.70101261138916,-0.0069977403618395,0.0405468828976154,-0.0378545820713043,0,0.4658072292804718,-2.5295989513397217,8.258901596069336,1,-0.0014558595139533,-0.0126899722963571,-0.0436049290001392,0,-0.0069715166464447,0.0024264568928629,-0.0073661152273416,0,0.7838338613510132,0.0944955870509147,3.887890100479126,1,0.0147560890763998,0.0006108537781983,0.0158804710954427,0,0.7836622595787048,0.7884992361068726,-0.1230242997407913,0,-0.8678004145622253,-0.4070285856723785,3.7715706825256343,1,0.022133370861411,0.004118597600609,-0.0213803052902221,0
-1.087600827217102,3.1249616146087646,12.70258903503418,1.9587444067001345,0.011034402064979,1.4983007907867432,1,-0.1967714428901672,0.7035276293754578,0.5738317370414734,1,0.0044075017794966,-0.0211722012609243,-0.0136545496061444,0,0.9222384691238404,-0.458901047706604,1.253035306930542,1,-0.1571760922670364,0.8336570262908936,6.712638854980469,1,0.0066637028940021,-0.0069463904947042,0.0141392173245549,0,0.0058632707223296,-0.0967191234230995,-0.001158187049441,0,-3.63956356048584,2.109287738800049,2.685943841934204,1,0.0079928776249289,0.0511936023831367,-0.0204891022294759,0
-0.0355356633663177,-0.307687759399414,7.831810474395752,0.0230583176016807,0.0014344595838338,-0.0284969191998243,0,0.0079208528622984,0.004541203379631,0.0084885815158486,0,0.3067676424980163,0.6596181988716125,1.3382962942123413,1,0.0004700433055404,0.0028317784890532,-0.0163085553795099,0,0.019000569358468,0.0295035634189844,-0.1524185538291931,0,-0.5478388071060181,-0.8871607184410095,2.696981906890869,1,-0.0012266421690583,-0.0030439642723649,0.0098729124292731,0,0.1540639400482177,-0.1176761537790298,3.998069524765015,1,0.0022484508808702,0.0022638801019638,-0.0226748902350664,0
1.0364583730697632,0.323242723941803,10.055364608764648,0.0202346183359622,0.0074120368808507,-0.0110658491030335,0,0.20685975253582,0.0316000618040561,0.0154050793498754,0,0.0335749350488185,-0.0136020956560969,0.0353973545134067,0,0.0085841324180364,0.0028979214839637,-0.003485404420644,0,0.7630507349967957,0.8184799551963806,6.213502407073975,1,0.0019466247176751,0.0109042953699827,0.0020844114478677,0,-0.0032633272930979,-0.0173140335828065,-0.0176419485360384,0,-0.0172150339931249,-0.5458723902702332,3.81429386138916,1,0.0226859617978334,0.0287369545549154,0.0068754781968891,0
2.659669876098633,1.7950974702835083,9.074743270874023,0.1860543936491012,0.3041602373123169,0.3089517056941986,0,-0.0221406780183315,0.0145903415977954,-0.0502821803092956,0,0.0047558420337736,-0.0127946604043245,-0.0342509374022483,0,1.7580440044403076,0.9339298009872437,2.427138328552246,1,-0.2533708214759826,0.2586945593357086,0.5061141848564148,1,0.002229158533737,0.0026449600700289,-0.0154175562784075,0,1.3090354204177856,0.2011508047580719,4.726820468902588,1,-0.3249146342277527,0.0946646630764007,1.2157055139541626,1,-2.25481744564604e-05,-0.0019432592671364,-0.0100363967940211,0
-1.5537216663360596,-1.4861515760421753,6.764219760894775,-0.1701387465000152,0.192487746477127,-0.4447121024131775,0,0.7919123768806458,-0.793552041053772,2.00779128074646,1,-0.9939122796058656,0.2036172002553939,1.0331635475158691,1,0.0031161217484623,-0.0099579999223351,0.018641609698534,0,0.4623855054378509,-0.1473002582788467,0.8850515484809875,1,-1.2382973432540894,-0.4100717306137085,1.149837851524353,1,0.0084234904497861,0.0538747310638427,0.0636492371559143,0,0.374333769083023,-0.4922064244747162,1.138339877128601,1,-0.791544497013092,-0.0830426886677742,0.9124571681022644,1
-4.124927520751953,4.996508598327637,11.083664894104004,0.0111807594075798,0.0131850549951195,-0.0301777329295873,0,0.2330593019723892,0.4402681887149811,0.3736045956611633,0,-6.338335514068604,6.331630706787109,3.888455390930176,1,-0.0120603255927562,0.0033948272466659,-0.0225967094302177,0,1.132980227470398,0.2927013337612152,1.9655224084854128,1,-1.9073549509048464,-1.2583781480789185,3.0808770656585693,1,-0.0060231313109397,-0.1841543465852737,0.0251676216721534,0,3.319164514541626,0.0393367856740951,0.7492775917053223,1,-0.5575392842292786,-0.681475043296814,1.0535345077514648,1
1.4361509084701538,1.7855907678604126,13.350309371948242,0.8123958706855774,0.3011841177940368,2.458484172821045,1,-0.444609671831131,0.945736825466156,0.8747549057006836,1,-0.0155822010710835,0.0009553210111334,-0.0611326918005943,0,1.2923437356948853,-0.0576512590050697,2.418542623519897,1,-0.0480262115597724,0.3673349618911743,5.111725807189941,1,0.0050413617864251,-0.0056034103035926,0.0143221067264676,0,0.4092727303504944,0.2516155540943146,0.5011150240898132,1,-0.5832686424255371,-0.0798269957304,2.026092052459717,1,0.0085838763043284,0.0618456155061721,0.0064049083739519,0
2.6019937992095947,2.5247693061828613,20.72876167297364,0.4251498579978943,0.1811906844377517,4.866644859313965,1,0.056025356054306,0.0665035620331764,-0.0987844914197921,0,-0.0029660912696272,0.0096919694915413,-0.0082940654829144,0,0.0026793216820806,-0.0033067238982766,-0.0038604724686592,0,1.1076315641403198,2.794451236724853,11.148536682128906,1,0.0121086463332176,-0.0126175414770841,0.0271121319383382,0,0.0037473351694643,0.1942530572414398,-0.001706400886178,0,0.953661561012268,-0.712651252746582,4.737098217010498,1,0.0439561493694782,0.0072542992420494,0.0620151981711387,0
0.8221032023429871,-0.7229078412055969,10.655139923095703,0.0956165567040443,0.1644147783517837,4.231791496276856,1,0.00081188371405,-0.0273971538990736,-0.0388552695512771,0,1.5686086044297554e-05,0.0090840253978967,-0.0148583361878991,0,0.909464955329895,-0.8364423513412476,4.280946254730225,1,-0.0061334688216447,0.0252225566655397,-0.0277879685163497,0,-0.0028128111734986,-0.0041614132933318,-0.0040618400089442,0,-0.0060825240798294,0.1179546117782592,-0.0682051107287406,0,-0.1848753690719604,-0.158385083079338,2.321355104446411,1,0.0160983372479677,-0.0131977777928113,-0.0251845475286245,0
0.6989239454269409,-0.5330793857574463,20.821853637695312,-0.2898931205272674,0.687934398651123,8.623230934143066,1,-0.0284707192331552,0.0585700012743473,-0.0625054985284805,0,0.0052667250856757,-0.0246853288263082,0.0001972504105651,0,0.7403822541236877,-1.0912219285964966,10.229784965515137,1,-0.0116654019802808,0.0358198396861553,-0.0583284832537174,0,-0.0044421995989978,0.0086425114423036,-0.0117517635226249,0,0.3575969338417053,-0.2850058078765869,2.10506010055542,1,-0.0780209451913833,0.0365991480648517,0.0078220814466476,0,0.0081703495234251,0.0402677319943904,-0.0116555709391832,0
0.4656969904899597,-0.7354618906974792,5.79231071472168,0.0002665504289325,0.0050268820486962,0.0089218337088823,0,-0.0103207258507609,0.0033220006152987,-0.0223288144916296,0,0.1804504245519638,0.0822478532791137,0.4265899956226349,0,0.0038242004811763,-0.0001094615799956,-0.0001178466554847,0,0.3903690874576568,0.6258245706558228,0.7059724926948547,1,-0.1514154076576233,-0.725471556186676,1.7615454196929932,1,0.0154245477169752,-0.0204290952533483,-0.0692024976015091,0,0.0374878048896789,-0.7023354768753052,2.9699699878692627,1,-0.0003895247646141,-0.0035375913139432,0.0109598692506551,0
0.3792518675327301,-0.5134463310241699,6.967716693878174,0.0004584403941407,0.0098329270258545,0.0082998052239418,0,0.0319463424384593,-0.0044939015060663,0.005916747264564,0,-0.5528059601783752,-0.4583759903907776,3.0878348350524902,1,0.0114361466839909,-0.0057948152534663,0.0674240067601203,0,0.8194471597671509,0.2183593809604644,1.592288851737976,1,-0.1723159253597259,-0.1549258083105087,0.813900351524353,1,0.0001544668048154,-0.0028938320465385,0.01517388317734,0,0.2410459965467453,-0.120224192738533,1.378681778907776,1,-0.0001148407754953,0.0050698849372565,-0.0018037196714431,0
3.665820360183716,0.2687608897686004,14.762943267822266,-0.0091987680643796,-0.0020121107809245,-0.0092915100976824,0,1.6929725408554075,-1.723039627075195,4.549599170684815,1,0.0023897925857454,-0.0078090028837323,0.0097826234996318,0,1.54815411567688,2.736034393310547,3.481975793838501,1,-0.0244839619845151,-0.1852461397647857,0.2068739533424377,0,-1.3346410014491994e-05,-0.0004300974251236,0.0160007271915674,0,0.4323751926422119,-0.5370268821716309,6.544519424438477,1,-0.006591030396521,-0.012178111821413,-0.0465718284249305,0,0.0302157457917928,0.0004685109306592,0.0100541422143578,0
1.1378320455551147,2.023756504058838,7.96438455581665,1.743698000907898,0.0164499953389167,-0.2371253371238708,0,-0.815953254699707,1.4720622301101685,1.104757308959961,1,0.0061857881955802,-0.002110298955813,-0.0239902418106794,0,0.6160754561424255,-0.0392135754227638,0.380903959274292,0,-0.2875756919384002,0.3860116899013519,5.015783786773682,1,0.092009924352169,0.1267410367727279,1.28712260723114,1,-0.0073928455822169,0.1504159569740295,-0.037846952676773,0,-0.2090861797332763,-0.0861509069800376,0.5126993060112,1,-0.0001289406354771,-0.0004499798233155,-0.0379202663898468,0
1.022306203842163,0.287861555814743,5.690445899963379,-0.1948924362659454,0.3286963105201721,-0.6999448537826538,0,0.9220818877220154,-0.2736224234104156,0.9063004851341248,1,0.0019086581887677,-0.0100107816979289,-0.0176745485514402,0,0.0107125276699662,-0.0097401943057775,-0.0055319531820714,0,0.0019055040320381,0.0151724517345428,-0.0163134802132844,0,-0.0115095358341932,0.0804507359862327,2.1532483100891118,1,0.006082325708121,0.1197352111339569,0.0256979521363973,0,0.0134006822481751,-0.0851746127009391,-0.0044427765533328,0,0.2726167440414428,0.1223548576235771,3.349106788635254,1
-0.140709102153778,-0.8392400145530701,13.260187149047852,-0.0520722083747386,0.032482236623764,-0.0676880106329917,0,0.0556783080101013,0.0560121536254882,-0.0436332747340202,0,-0.3341542780399322,0.6096979975700378,8.09264850616455,1,-0.0044936137273907,0.0058125876821577,0.0026504576671868,0,0.0246962700039148,0.002764223376289,-0.0342364646494388,0,0.0590152405202388,-1.4040203094482422,4.901963710784912,1,-0.0260865073651075,0.0223699696362018,-0.0087183555588126,0,-0.0046880017034709,-0.1509217768907547,0.0907429680228233,0,0.1413956880569458,-0.013437089510262,0.326457530260086,0
0.7388239502906799,-0.8602359294891357,15.89000415802002,0.0014698622981086,0.0034250526223331,-0.0253664664924144,0,-1.0775516033172607,-1.459069013595581,8.586858749389648,1,-0.0084133446216583,-0.0030643995851278,0.0082730278372764,0,1.1989017724990845,0.1293693482875824,2.269071102142334,1,-0.3447226881980896,0.0498677492141723,2.31050705909729,1,-0.0022183589171618,-0.003330513369292,-0.0055147558450698,0,0.9640572667121888,0.4072218835353851,2.7451696395874023,1,0.0012517699506133,-0.00065807136707,-0.0175638515502214,0,0.0060493047349154,0.0160020012408494,0.0185703597962856,0
0.2939037978649139,-1.1470768451690674,16.737634658813477,0.00555399665609,-0.005479288753122,-0.0219405237585306,0,0.0070276991464197,-0.0100856199860572,-0.0286762230098247,0,-1.8268358707427976,-1.3307602405548096,8.654311180114746,1,-0.0017397582996636,0.0037047006189823,-0.007262856233865,0,0.8377745747566223,0.5296147465705872,1.109660267829895,1,-1.2848979234695437,-1.0754510164260864,3.825829744338989,1,0.0077554713934659,-0.0042092618532478,-0.0142589379101991,0,2.555339336395264,0.734155535697937,3.2468998432159424,1,-0.0060737403109669,0.011433764360845,-0.0269262753427028,0
1.002479076385498,-0.14702770113945,4.802019119262695,0.1738972961902618,-0.1244636252522468,1.9234256744384768,1,-0.007468772586435,0.0036863808054476,0.0044719860889017,0,-0.0025325617752969,-0.009304909966886,-0.0378450155258178,0,0.7031162977218628,-0.0788454562425613,0.6679612994194031,1,-0.2054559588432312,0.0059648291207849,0.9848686456680298,1,0.0003187401453033,0.0129495710134506,0.3951945304870605,0,0.6195495128631592,0.1209147647023201,0.1690745502710342,0,-0.2849366962909698,-0.0865569114685058,0.6801406741142273,1,0.0059911841526627,0.0086276596412062,0.0147272450849413,0
2.6040637493133545,-0.6849204897880554,14.044639587402344,1.3409852981567385,0.0771844238042831,1.6975455284118652,1,-1.0266305208206177,-0.3619318902492523,3.358761787414551,1,0.0030122883617877,-0.0051615154370665,-0.0240428596735,0,2.193766593933105,0.102880373597145,0.6042304039001465,1,-0.6553916335105896,-0.0359968952834606,2.389516115188598,1,-0.0035678660497069,-0.0041511412709951,0.0046026967465877,0,1.4908934831619265,-0.3577801287174225,2.4094181060791016,1,-0.7390938401222229,-0.0957167521119117,3.608494997024536,1,8.99448714335449e-05,-0.004246940370649,-0.0038864803500473,0
1.3027608394622805,0.9489195346832277,6.990939617156982,-0.0140815712511539,0.2679823637008667,0.9452951550483704,1,0.6083906888961792,0.4134543836116791,-0.3792421221733093,0,0.0029862211085855,-0.013598064891994,-0.0040446985512971,0,0.1721059679985046,-0.0273409392684698,0.4095302522182464,0,0.2513831853866577,0.2934812009334564,2.8294029235839844,1,0.0037310090847313,0.0063446620479226,0.0170764587819576,0,0.0084089962765574,0.0527914948761463,-0.0048996526747941,0,0.2430252283811569,-0.1097241267561912,3.168555498123169,1,0.0268112309277057,0.0655285641551017,0.0092661110684275,0
0.928468644618988,-1.3698935508728027,9.338212966918944,8.548591722501442e-05,0.004139307886362,-0.0146642290055751,0,-0.0175757892429828,0.0480252616107463,-0.0530344620347023,0,-0.0007707548793405,-0.4297831058502197,6.561005592346191,1,-0.0056276069954037,0.0129696484655141,-0.0264319460839033,0,0.0152505189180374,0.0356415584683418,0.0522870905697345,0,0.3433493077754974,-1.217201828956604,2.5034193992614746,1,0.0057518323883414,0.0924328565597534,-0.006344330497086,0,0.5311466455459595,0.1104688346385955,0.1686355918645858,0,0.0568590313196182,-0.0265861097723245,0.1533408761024475,0
0.9172813296318054,-0.9712506532669068,9.97712516784668,-0.0063134036026895,-0.0050857728347182,0.0322163663804531,0,0.896077573299408,-0.7533990740776062,6.081262111663818,1,-0.0017702415352687,0.0185302030295133,0.0059568500146269,0,0.2658993601799011,0.0275070890784263,2.1363368034362797,1,-0.019798656925559,0.0168878864496946,-0.1041561514139175,0,0.0040912539698183,0.0032663340680301,0.0221427176147699,0,-0.2135261446237564,-0.2801535725593567,1.8293230533599851,1,0.010141983628273,-0.0127520412206649,-0.0462223663926124,0,-0.0175203904509544,0.013948293402791,0.020267641171813,0
-5.019812107086182,-8.603214263916016,12.821040153503418,-0.0243686828762292,0.0054428041912615,-0.0417523719370365,0,1.5676746368408203,-1.2555941343307495,2.4579107761383057,1,-0.3279968202114105,0.1061262637376785,0.4431982338428497,0,0.0313767828047275,-0.0120940199121832,0.402387261390686,0,0.5870534777641296,0.0414464324712753,2.127526998519897,1,-0.9512364268302916,-0.0275871604681015,2.7946672439575195,1,0.0413626916706562,0.138442188501358,-0.0580164641141891,0,0.1203504279255867,-0.1512165069580078,0.7680819034576416,1,-6.064028263092041,-7.448179721832275,3.927037239074707,1
1.1792330741882324,-0.3669309318065643,9.052986145019531,0.334159642457962,0.0039313002489507,0.1504249721765518,0,-0.6689420342445374,-0.4903989732265472,4.64066743850708,1,-0.0006629720446653,-0.0103948274627327,-0.0264192726463079,0,1.1522698402404783,0.1638570427894592,0.8750073909759521,1,-0.3125790059566498,-0.0609181933104991,1.5950958728790283,1,-0.0239955354481935,0.001877355040051,-0.0098714493215084,0,0.8175935745239258,0.0582395382225513,1.2374436855316162,1,-0.1244227290153503,-0.0322869531810283,0.5861654281616211,1,0.0058124493807554,-0.0008372728480026,0.0044718836434185,0
1.292051076889038,0.0582391992211341,4.882031440734863,1.429596185684204,-0.3164528608322143,1.177255392074585,1,0.009408401325345,0.0062570725567638,-0.0320374406874179,0,0.0050091254524886,0.0071923192590475,-0.0195548217743635,0,1.174012303352356,-0.483559250831604,1.830077052116394,1,-0.22299225628376,0.2187720239162445,0.3085998296737671,0,0.0011728212703019,-0.0001111785895773,0.0062017934396862,0,0.1003851220011711,-0.00804581400007,0.1893663853406906,0,-1.1983612775802612,0.6344233751296997,1.412900686264038,1,-0.0061794514767825,-0.0002365938853472,0.0092228036373853,0
0.2700145244598388,-0.7662285566329956,20.046369552612305,-0.0034459833987057,0.0123212076723575,0.0204090997576713,0,0.15839384496212,0.7979586124420166,1.068446397781372,1,-0.6490764021873474,-0.5250081419944763,1.1263000965118408,1,0.0082315001636743,0.0035817753523588,0.0234981346875429,0,-1.149901032447815,-1.2810616493225098,10.769524574279783,1,-0.0076881283894181,-0.0157960355281829,0.0102854343131184,0,0.0109825702384114,-0.0005812626914121,-0.0104013942182064,0,1.8940277099609373,0.2376601248979568,7.029982566833496,1,0.0084905670955777,0.0046967733651399,0.0083249360322952,0
0.2271150946617126,-0.2784379124641418,20.27109718322754,-0.5577583909034729,-0.1704631298780441,6.232068538665772,1,0.0390211082994937,-0.0505348220467567,-0.0825987830758094,0,0.00337855075486,-0.0095870411023497,-0.0122162112966179,0,0.0153308724984526,-0.0208442583680152,0.0338991470634937,0,0.3517961800098419,1.145724177360535,9.586191177368164,1,0.0070481081493198,0.0099830646067857,-0.0214699488133192,0,-0.0074606598354876,0.053318116813898,-0.063967078924179,0,0.6111995577812195,-1.5915555953979492,3.795035123825073,1,-0.2354402542114257,0.355521559715271,0.8041550517082214,1
1.3151495456695557,2.2136003971099854,17.952497482299805,0.0053390166722238,-0.0043562790378928,-0.0183014776557683,0,0.1499711722135543,3.988370656967163,2.127625703811645,1,0.003812511684373,-0.0072636483237147,-0.0213620923459529,0,-0.0029814911540597,0.0051294961012899,-0.0163086671382188,0,0.7420400381088257,-1.21586275100708,14.301703453063965,1,0.0238129068166017,0.0056468690745532,0.0202692691236734,0,-0.0059571312740445,-0.1075813919305801,-0.0394494049251079,0,0.7448545098304749,-0.979146122932434,0.979458510875702,1,-0.3457419872283935,0.5286635756492615,0.6188638210296631,1
-1.7542154788970947,3.820706844329834,10.709580421447754,0.0256944615393877,0.0046190405264496,-0.0154339578002691,0,0.2627346217632293,0.2168255150318145,0.360154390335083,0,-5.229018211364746,3.893801689147949,3.713847398757935,1,-0.0028306336607784,0.003689648816362,-0.0175031293183565,0,1.164680242538452,0.522419810295105,2.64300799369812,1,-1.6994266510009766,-1.4205421209335327,1.8429343700408936,1,-1.4669438314740546e-05,0.0448522195219993,-0.0871212780475616,0,3.829157829284668,0.5487106442451477,1.973997473716736,1,-0.1051928699016571,0.0063303248025476,0.2956969141960144,0
-0.2895931303501129,-0.0960143879055976,13.49185276031494,-0.363619863986969,-0.0502971149981021,3.1224350929260254,1,-0.0005633482360281,0.0072152465581893,-0.0167468823492527,0,0.0047240778803825,0.0065708295442163,-0.0068203094415366,0,-8.484114914608654e-06,0.0010098697384819,0.0206746216863393,0,0.1811954975128173,1.1163066625595093,6.627660274505615,1,0.0110420938581228,-0.0066622956655919,-0.0021534783300012,0,-0.0143637182191014,0.0805930122733116,-0.0836312845349311,0,-0.1221559941768646,-1.2589200735092163,3.851763963699341,1,0.0141566051170229,0.0081694079563021,-0.0213291682302951,0
-0.3305825889110565,-0.3948081731796264,10.744500160217283,0.0467021912336349,0.1801417618989944,0.6956598162651062,1,-0.0010493597947061,-0.0037852188106626,0.011659194715321,0,0.0066159376874566,0.0092717260122299,-0.030101565644145,0,0.2760249078273773,-0.1400524377822876,8.231917381286621,1,-0.004380265250802,0.0102865258231759,0.020749282091856,0,-0.0032525586429983,0.015647942200303,-0.0124986469745635,0,-0.6446123123168945,-0.4578519463539123,1.803895115852356,1,-0.0065526431426405,-0.0068139526993036,0.0304870996624231,0,-7.851095870137215e-05,-0.0016525811515748,-0.0072665512561798,0
-2.827085018157959,-4.408844947814941,22.932701110839844,0.0120775206014513,-0.0117053454741835,0.0544025041162967,0,2.665684938430786,-2.2605135440826416,2.8471176624298096,1,-0.579035758972168,0.4297046661376953,2.150963544845581,1,0.1074413806200027,0.0621877796947956,1.2532285451889038,1,0.9972832202911376,0.0805006697773933,3.648413896560669,1,-1.1814974546432495,0.3826211988925934,6.561825752258301,1,-0.001632897532545,-0.02098941616714,0.0029461930971592,0,0.2180807888507843,-0.3327358067035675,2.0290799140930176,1,-5.065486907958984,-2.7379150390625,4.384722232818604,1
0.1777633726596832,-1.1500917673110962,18.76036071777344,0.0035297097638249,0.0008124992018565,-0.0088776545599102,0,0.00177406554576,0.0121343778446316,-0.0245123468339443,0,0.0690429434180259,0.0557709671556949,0.0369977876543998,0,-0.0042273071594536,-0.0009492125245742,-0.015266097150743,0,0.0123481443151831,-0.0028193762991577,-0.0841866955161094,0,-0.3907460570335388,-1.2296841144561768,13.180848121643066,1,0.0018259834032505,-0.0025735101662576,0.0051612388342618,0,0.5468712449073792,0.0722899213433265,5.443434715270996,1,-0.0626553520560264,-0.0550734363496303,0.2267615050077438,0
-6.034681797027588,-11.504411697387695,15.304521560668944,-0.0030621597543358,-0.0090796193107962,0.0087820431217551,0,1.807941555976868,-1.6621639728546145,2.2184054851531982,1,-1.796353101730347,0.3634806275367737,1.4263232946395874,1,0.0361086577177047,-0.0425032004714012,0.5289961695671082,1,0.7124136090278625,-0.1133895367383956,2.122741222381592,1,-1.1013063192367554,-0.0964844599366188,4.197696685791016,1,0.0001332910760538,-0.1735018938779831,-0.0136268250644207,0,0.1367980688810348,-0.2131067216396331,0.979047417640686,1,-5.82735538482666,-9.557662963867188,3.836155652999878,1
0.2161667943000793,-1.3342641592025757,12.06782054901123,0.0051626511849462,-0.0216811094433069,0.0215922966599464,0,-1.537009596824646,-0.769460141658783,3.710392475128174,1,-0.0006364248692989,-0.0216138511896133,-0.031021038070321,0,-0.0030540889129042,0.0018745131092146,0.0222820341587066,0,-0.2346219271421432,0.1614281833171844,5.763423442840576,1,0.0158549062907695,0.0112470872700214,-0.0031798765994608,0,0.0034759817644953,-0.0847885012626648,0.0439683906733989,0,1.9512747526168823,-0.6059711575508118,2.574056386947632,1,0.0157205462455749,-0.0052991663105785,-0.0336938165128231,0
0.4275940358638763,-0.1318747103214264,15.405067443847656,0.0001075747204595,-0.0014458285877481,-0.0346598885953426,0,-0.0091146314516663,0.0125997811555862,-0.0304204765707254,0,-1.4879575967788696,-0.8842035531997681,8.57309627532959,1,0.0023700720630586,0.0051006758585572,-0.0178408380597829,0,1.0439494848251345,0.9573355317115784,1.5621625185012815,1,-0.3343528509140014,-0.4263871312141418,2.432399272918701,1,0.0019806020427495,-0.0006050740485079,-0.0081787146627902,0,1.2193989753723145,0.1935101598501205,2.882398128509521,1,-0.0087876059114933,0.0122207514941692,0.0461104363203048,0
0.1614838689565658,6.854808807373047,31.22463607788086,1.1208202838897705,0.4780771732330322,1.1775035858154297,1,-0.7253114581108093,3.022887706756592,3.9471852779388423,1,0.1980296969413757,-0.0064084636978805,1.454300045967102,1,0.8435221910476685,0.3735449314117431,1.852464199066162,1,-0.6692068576812744,1.9630959033966064,13.029160499572754,1,0.314862459897995,-0.0424127615988254,5.029304504394531,1,0.1455586403608322,0.0087797427549958,-0.047215286642313,0,-1.2145838737487793,0.9756552577018738,3.4855589866638184,1,0.1477928012609481,0.0815896242856979,1.296372652053833,1
-1.3075191974639893,-2.774444818496704,19.523616790771484,-0.7052577137947083,0.1849566847085952,6.325785636901856,1,0.0293230395764112,-0.0199928991496562,0.0963764265179634,0,0.0036288897972553,-0.0013305507600307,0.0063758878968656,0,0.2751269340515136,-0.9158414006233216,1.0115277767181396,1,-0.0946434810757637,0.8895554542541504,4.489358901977539,1,0.0031830326188355,-0.0016194047639146,-0.0166105851531028,0,-0.0017685574712231,0.0504607558250427,0.0083563905209302,0,-0.8132836222648621,-2.961587429046631,7.69802188873291,1,-0.0038278643041849,0.0009539482416585,-0.0955760106444358,0
0.9141469597816468,-0.385304182767868,9.640758514404297,0.3008702099323272,-0.3371471166610718,4.195326328277588,1,0.0056545864790678,-0.0074504381045699,-0.00283381389454,0,-0.0010744560277089,-0.0168303567916154,-0.0489842928946018,0,0.0026687546633183,-0.0014649424701929,-0.0137993497774004,0,-0.7665213942527771,1.664914608001709,2.955596923828125,1,0.0041810967959463,-0.0095987133681774,0.005146874114871,0,0.0007808492518961,0.0001037823458318,-0.0039422325789928,0,1.3716661930084229,-1.672655701637268,2.548027515411377,1,-0.0040788580663502,-0.0051753269508481,0.0062195248901844,0
-0.5395677089691162,2.796923875808716,14.661209106445312,1.8493378162384035,0.4822108745574951,4.44440221786499,1,0.044158075004816,0.0065220235846936,-0.0291163977235555,0,0.010045439004898,-0.0122993914410471,0.0077898208983242,0,1.2593313455581665,-0.7730292677879333,2.7148983478546143,1,-0.2471261918544769,0.8535395860671997,4.925656795501709,1,0.0014111080672591,-0.0003661939990706,0.0215745773166418,0,-0.016967374831438,0.0431264899671077,0.0313050709664821,0,-3.39938759803772,2.1499359607696533,2.5643677711486816,1,-0.040370687842369,0.0472839064896106,-0.0196708552539348,0
1.1724179983139038,0.8974606990814209,17.433252334594727,0.0104510998353362,-0.0217287261039018,-0.0175382457673549,0,-0.0152285387739539,-0.0014210505178198,0.0701247155666351,0,-0.0008384653483517,-0.0020544868893921,0.0284726489335298,0,-0.59706711769104,3.196927070617676,6.059880256652832,1,0.0282090846449136,0.0186634622514247,0.1082532033324241,0,-0.0010441908380016,0.0019800569862127,0.0219576656818389,0,0.6780348420143127,-2.168808698654175,2.7821803092956543,1,1.097252607345581,-0.17848701775074,8.405441284179688,1,-0.0273512434214353,0.0523900389671325,-0.0255180485546588,0
-0.1296492218971252,-1.1970949172973633,5.332265377044678,0.0142417196184396,0.0076112966053187,-0.0050173192285001,0,0.3970756232738495,-1.0344555377960205,4.58584451675415,1,0.0022683353163301,-0.0210545863956213,-0.0518252663314342,0,0.0045452038757503,0.0009620592463761,-0.0071507170796394,0,0.091736152768135,-0.4119525253772735,-0.0692139714956283,0,-0.0017065139254555,0.0023889346048235,0.0354249328374862,0,-0.0030239936895668,0.0414104312658309,-0.0517842471599578,0,0.017158230766654,-0.1189112216234207,0.0587863847613334,0,-0.6519439816474915,0.3369063436985016,0.8372006416320801,1
-1.9320447444915767,1.5018327236175537,16.897417068481445,0.0364379659295082,-0.0106306914240121,0.0136015843600034,0,0.3244882225990295,0.0583095774054527,1.892789959907532,1,-3.677500009536743,1.767414093017578,3.5158402919769287,1,0.0557819306850433,0.0231481976807117,0.8622420430183411,1,0.919145941734314,0.4672167003154754,3.8804235458374015,1,-1.5677499771118164,-0.3535318970680237,5.047987937927246,1,-0.0351632162928581,-0.1604222506284713,-0.0357557907700538,0,2.212976217269897,-0.2772012650966644,0.8301977515220642,1,-0.20046167075634,-0.012469770386815,0.8900898098945618,1
-0.1629986763000488,-3.5006144046783447,12.713329315185549,0.0119822137057781,-0.0784325078129768,0.1597421020269394,0,3.163862705230713,-1.6989234685897827,8.20380973815918,1,-0.0059725656174123,-0.0221789143979549,-0.0394903123378753,0,-0.0068394774571061,0.0020127312745898,-0.0074460785835981,0,0.5242663621902466,-1.0476895570755005,-1.2453198432922363,0,-0.2252535969018936,0.0931904464960098,0.6573402881622314,1,0.0004076899203937,0.1364709138870239,-0.0201002266258001,0,-0.0060312175191938,0.0758280903100967,-0.0702835693955421,0,-3.619420766830444,-0.9608919620513916,5.075077056884766,1
0.0566257052123546,-0.0211686231195926,6.551002502441406,0.0089279292151331,-0.0042759641073644,-0.021435372531414,0,0.4320779144763946,0.2882785201072693,3.3170173168182373,1,-0.0041220393031835,-0.0083716679364442,0.0429701767861843,0,0.0002535886305849,0.0008951652562245,0.0034762795548886,0,-0.3665887713432312,-0.3345411419868469,1.842466115951538,1,0.0023143815342336,-0.0040306388400495,-0.0049869208596646,0,-0.0062842383049428,0.0449958182871341,1.3878638744354248,1,-0.0077494117431342,-0.0023246463388204,-0.0029974859207868,0,-0.0022036521695554,-0.0017940485849976,-0.0133725954219698,0
1.2915481328964231,1.9910430908203125,19.634828567504883,0.4264967441558838,-0.3046040832996368,0.6336408257484436,1,0.1812157332897186,3.009204149246216,2.849100351333618,1,0.0021313964389264,-0.0019059376791119,-0.0003839341225102,0,-0.007385351229459,0.0067523177713155,-0.0145501270890235,0,0.5190648436546326,-0.930612325668335,12.927483558654783,1,0.0215101037174463,0.0023362506181001,0.0292806047946214,0,0.0069965776056051,-0.0432104431092739,0.0569396875798702,0,0.3214498162269592,-0.7883933782577515,1.601837396621704,1,-0.1799317598342895,1.041476488113403,1.5514819622039795,1
0.5381600260734558,-2.85936975479126,9.414063453674316,0.006542248185724,-0.0013583550462499,-0.0268740821629762,0,0.0058659282512962,-0.0013066824758425,0.023731680586934,0,0.4149464666843414,-0.3943283557891845,2.6773951053619385,1,-0.0019306920003145,0.0101040722802281,-0.0135361645370721,0,0.1995249092578888,0.0321139171719551,0.0785420462489128,0,-0.5520344376564026,-1.3938701152801514,3.000077724456787,1,-0.0066186883486807,-0.0048583117313683,0.0140056451782584,0,0.4689944982528686,-1.101866364479065,3.682129621505737,1,0.0028697680681943,-0.0039996420964598,-0.0214076694101095,0
2.6809353828430176,0.7834427356719971,15.83405876159668,0.0492466017603874,-0.0464259162545204,0.3424566984176636,0,0.1416389644145965,1.1073416471481323,4.327359676361084,1,-0.0022347471676766,0.030900640413165,-0.0520122908055782,0,-0.0018793456256389,0.0105959111824631,-0.0157159678637981,0,0.9003185033798218,-0.0238309372216463,5.720038890838623,1,0.0168716497719287,0.0048613925464451,0.005411856342107,0,0.0034438867587596,0.0326858684420585,0.0071254218928515,0,1.5951895713806152,-0.3754498958587646,5.547762870788574,1,-0.021659966558218,0.0427640900015831,-0.0483684428036212,0
-0.0990679562091827,-0.6438315510749817,9.319809913635254,-0.0010091321310028,0.0147232580929994,-0.0167760960757732,0,0.6187790632247925,-0.2112614810466766,4.531214714050293,1,-0.0096074938774108,0.0159798897802829,0.0655159577727317,0,0.489270269870758,0.205469936132431,2.632547616958618,1,0.0025298425462096,0.0067468010820448,-0.0611831471323967,0,0.0079578217118978,0.007314627058804,-0.0303223393857479,0,-1.2074393033981323,-0.6856039762496948,2.225869417190552,1,-0.0009313471382483,0.0038798921741545,-0.0193780846893787,0,0.0013822803739458,-0.0010805397760123,-0.0076792975887656,0
0.9481505751609802,-0.652945876121521,10.8374605178833,0.0165574327111244,0.0499807931482791,0.1204112619161605,0,-2.3356544971466064,-0.9601897597312928,4.307152271270752,1,-0.0126945935189723,-0.0189384426921606,-0.0137394564226269,0,1.1233253479003906,0.2962881028652191,1.5680427551269531,1,-0.5672504305839539,-0.4172618091106415,1.2168985605239868,1,-0.0159863159060478,0.0003446216287557,0.0011256497818976,0,2.7097935676574707,0.410222440958023,3.708197832107544,1,0.034671239554882,-0.0024955419357866,-0.0328538529574871,0,-0.004611141514033,-0.0108963446691632,-0.037774458527565,0
0.4796507358551025,0.2528921961784363,12.609274864196776,0.0292569007724523,0.0335543006658554,-0.0047915382310748,0,-1.326014280319214,-0.3262516558170318,3.282947301864624,1,-0.0118726538494229,0.0149288075044751,0.5365692973136902,1,0.9771941900253296,0.0264448635280132,0.6230618357658386,1,-0.6168755292892456,0.1977553516626358,2.9485058784484863,1,-0.0373031646013259,0.2252483069896698,2.1254677772521973,1,1.4995965957641602,0.0305766500532627,0.9186804294586182,1,-0.0228324197232723,0.0465563721954822,1.5952743291854858,1,-0.0114989457651972,0.0040792287327349,0.5835596323013306,1
1.3638896942138672,0.3253327906131744,9.382492065429688,-0.0086139272898435,0.0120802195742726,0.0025252033956348,0,-1.4304171800613403,-0.4585520923137665,2.6636128425598145,1,0.0005306420498527,-0.0123311914503574,0.1553355455398559,0,0.8142280578613281,0.1884369105100631,0.3609270453453064,0,-0.5388835668563843,0.1014220267534256,2.510653257369995,1,-0.0177658516913652,0.2189669609069824,1.672751784324646,1,2.554879665374756,0.1840318292379379,0.5151188969612122,1,-0.0182806737720966,0.0604558587074279,1.217289686203003,1,0.0082125514745712,0.0308222509920597,0.2842766344547272,0
-3.6744580268859854,-4.842935085296631,14.950087547302246,0.0232453420758247,-0.0030490050558,-0.0123468488454818,0,1.1169962882995603,-0.8071683049201965,2.016468048095703,1,-0.4545093476772308,0.2703208923339844,1.021111011505127,1,0.0309730097651481,0.0348824150860309,0.527611494064331,1,0.7062683701515198,0.1038285121321678,3.068722724914551,1,-1.1171005964279177,0.1929818838834762,4.381896495819092,1,0.0377667807042598,0.1851238161325454,0.0051351659931242,0,0.1365514248609542,-0.375470757484436,1.057358741760254,1,-4.154649257659912,-4.444384574890137,2.884129285812378,1
-0.3648760616779327,2.5873358249664307,17.007164001464844,-0.0086046615615487,0.0086006019264459,-0.0144954593852162,0,-0.3344040215015411,1.9755793809890747,2.936264991760254,1,0.0677125230431556,-0.005427997559309,0.3897940218448639,0,0.3057222962379455,0.0511863864958286,0.978162169456482,1,-0.283426433801651,0.4414347410202026,7.959010124206543,1,0.2028879672288894,0.0919971317052841,2.6872847080230717,1,0.0586312860250473,0.0191499609500169,0.1730350255966186,0,-0.3978588581085205,-0.0327297188341617,1.6081748008728027,1,0.0244638547301292,0.0375451259315013,0.2899349927902221,0
1.7196052074432373,-0.3653010129928589,18.530004501342773,0.0096637215465307,0.0006748727173544,-0.0161675885319709,0,-0.6917757987976074,0.7968565821647644,2.631438970565796,1,-0.0018017353722825,-0.0055080130696296,-0.0711406096816062,0,0.0017912681214511,-0.0015266058035194,-0.0213476251810789,0,3.1096596717834477,-2.040994882583618,14.0355863571167,1,0.0019693372305482,0.0068774265237152,-0.0379567481577396,0,0.0019537124317139,0.0014044259442016,-0.0087452158331871,0,0.2625790238380432,-0.2592954933643341,0.2283838987350464,0,-0.9744337201118468,1.1362106800079346,1.789953351020813,1
-0.6593499779701233,3.166437149047852,16.152406692504883,0.3477417528629303,1.5869494676589966,1.6348944902420044,1,-0.0311344936490058,0.0141095453873276,0.000541879737284,0,0.0012568461243063,0.0027937877457588,-0.0191756021231412,0,-0.3571141064167022,0.3278473317623138,9.14121150970459,1,0.0069101438857614,-0.0089401938021183,-0.062081404030323,0,-0.0148031273856759,0.0023544430732727,-0.0009368376340717,0,-0.6063666939735413,1.232935905456543,5.462344646453857,1,-0.005188466515392,0.0066833230666816,0.0011271992698311,0,-0.0006518132868222,0.0017035111086443,-0.005520200356841,0
-1.0653152465820312,-3.812835216522217,10.703828811645508,0.0381733402609825,0.0059124263934791,-0.0033611031249165,0,1.1520676612854004,-1.3900572061538696,4.387140274047852,1,0.0261019542813301,-0.0136767448857426,0.0203580129891634,0,0.0040195388719439,0.0068492884747684,0.0001718339772196,0,0.4924419224262237,-0.6084685921669006,0.151525393128395,0,-0.5485180020332336,0.1770403683185577,1.8577880859375,1,-0.0024675214663147,-0.0710332319140434,-0.0354713909327983,0,0.0250949263572692,-0.0814768448472023,0.0133789237588644,0,-2.2522289752960205,-1.8379247188568115,4.312298774719238,1
0.1682005375623703,0.2373622506856918,19.474994659423828,1.440985083580017,-0.3908204138278961,1.8695402145385744,1,-0.0321867763996124,0.1206134706735611,1.9530270099639893,1,0.0476529523730278,-0.0263694133609533,0.4526297450065613,0,0.615121066570282,-0.0110398828983306,1.0242509841918943,1,-0.2969913482666015,0.5901929140090942,7.18042516708374,1,0.1942193210124969,0.1536026000976562,2.827097654342652,1,0.008198482915759,-0.0453982427716255,0.0695488378405571,0,-1.8326057195663448,-0.1954872012138366,3.682697772979736,1,0.0238074474036693,0.0420684032142162,0.4157778620719909,0
0.7614039778709412,-0.2279963493347168,8.8862943649292,1.0720977783203125,-0.1866712421178817,1.8013471364974976,1,0.0018606070661917,0.0023792728316038,-0.005477073136717,0,-0.0018371962942183,0.0002778541820589,0.0107396198436617,0,0.9162631034851074,-0.1734758466482162,0.559390127658844,1,-0.3266396820545196,0.1393742561340332,0.7867012619972229,1,0.0123951211571693,0.0079746674746274,-0.0237370245158672,0,-0.0066338591277599,0.0043956902809441,0.0080783832818269,0,-0.8962363004684448,-0.0049371807835996,5.791367530822754,1,-0.0098656034097075,-0.0173138137906789,-0.0421153120696544,0
0.7034911513328552,-0.5775086283683777,13.081761360168455,0.0114366440102458,0.002037375466898,-0.0336380898952484,0,1.0246459245681765,-0.0319796688854694,8.075669288635254,1,-0.000848919909913,0.0045478041283786,0.0155311292037367,0,-0.0068287183530628,0.0118669178336858,-0.0601085014641284,0,-0.7618653178215027,-0.7459297776222229,4.276528835296631,1,-0.0073442864231765,0.0054391180165112,-0.0190780814737081,0,0.4301039576530456,0.158232569694519,0.8236680030822754,1,0.0100211268290877,0.0008169004577212,-0.007476279977709,0,0.0041705458424985,0.0174601953476667,0.0106637338176369,0
-0.9379396438598632,1.4252691268920898,7.207583427429199,0.0085680019110441,-0.0036554939579218,-0.0093115121126174,0,-0.2348716706037521,1.3600101470947266,1.2138888835906982,1,-0.0010766811901703,0.0002962544094771,-0.0070556099526584,0,0.1831067204475402,-0.1117089763283729,0.2070192992687225,0,-0.2224577814340591,0.1679682284593582,4.654565811157227,1,0.0477238595485687,0.019971365109086,0.6937662959098816,1,0.0088416077196598,-0.0632880255579948,-0.003960573580116,0,-0.72776198387146,0.0804703459143638,0.437871515750885,0,-1.167461959994398e-05,-0.0247946474701166,0.0207994859665632,0
0.270043134689331,0.1624711900949478,18.4113883972168,-0.1554553657770156,-0.0608306862413883,5.929510116577148,1,-0.0734935700893402,0.0891871228814125,0.025879468768835,0,0.0068857464939355,-0.0130591560155153,-0.07039575278759,0,0.9897915124893188,-0.641683042049408,3.776288270950317,1,-0.1104977801442146,0.3726015985012054,2.2026429176330566,1,0.0096399812027812,-0.0003014254034496,-0.0080753844231367,0,-0.0070142308250069,-0.0489004664123058,-0.0661655962467193,0,-0.399664431810379,0.4539307057857513,6.602445125579834,1,0.0098512349650263,0.0115265110507607,0.0192607119679451,0
0.5957136750221252,-0.3323369324207306,3.680103063583374,0.0058633685111999,-0.0042909169569611,-0.0270379334688186,0,-0.3644750416278839,-0.2080876231193542,1.3352652788162231,1,0.0015379646793007,-0.002963324310258,-0.0605209320783615,0,0.4883234202861786,-0.04720139503479,0.6028376817703247,1,-0.2472496628761291,-0.0273096915334463,0.3294076919555664,0,-0.0027826246805489,-0.0078687248751521,0.0019736622925847,0,0.7199132442474365,-0.031871598213911,1.51753032207489,1,-0.0017273937119171,0.0035341398324817,-0.0146959712728858,0,-0.0036896036472171,-0.0062778079882264,-0.0046567060053348,0
-1.0265240669250488,-0.9704564809799194,8.952032089233398,-0.0619893334805965,-0.0082853203639388,0.0183421354740858,0,0.2659699916839599,-0.1678967475891113,0.0589081496000289,0,-1.0223785638809204,0.5085565447807312,2.7451164722442627,1,-0.0145599087700247,0.0124016292393207,0.0060323532670736,0,0.462971568107605,-0.201701283454895,0.5719823241233826,1,-1.181151032447815,-0.2818246483802795,2.4272401332855225,1,0.0005607769708149,-0.1955103874206543,-0.0474470369517803,0,1.1937791109085083,-0.5754333138465881,2.4643213748931885,1,-0.6697266697883606,-0.060762982815504,0.7075363397598267,1
0.0634624361991882,0.5676120519638062,19.87301254272461,0.381658673286438,-0.5067386031150818,1.268138408660889,1,-0.0121494131162762,0.0139845414087176,-0.064865343272686,0,0.0012552845291793,0.0170210842043161,-0.0144520280882716,0,0.0108910864219069,0.002464764053002,-0.0496890842914581,0,-2.279859066009521,2.5012428760528564,15.805211067199709,1,0.0132860457524657,0.0055825654417276,-0.0307764466851949,0,0.0121133094653487,0.0020974411163479,-0.014137870632112,0,2.24300479888916,-1.7741612195968628,2.781146287918091,1,-0.3067381978034973,0.3061187267303467,0.1924352943897247,0
-0.352143794298172,-1.1287412643432615,6.159515380859375,-0.0419736243784427,-0.0077820094302296,0.0585427023470401,0,0.3192295432090759,-0.8900435566902161,4.648059368133545,1,0.3052686750888824,-0.1558025628328323,-2.5173401832580566,0,-0.0118669662624597,0.0032130114268511,0.0184826701879501,0,0.0896894708275795,-0.5208490490913391,0.015867680311203,0,-0.1288094222545623,0.0338747054338455,0.5187525749206543,1,0.0060596000403165,-0.2613446116447449,0.0713531225919723,0,-0.0477137304842472,0.0082811452448368,0.011378027498722,0,-0.8420273065567017,0.6617115139961243,3.3344194889068604,1
0.1037107110023498,-0.0685714557766914,23.68088722229004,0.0049631288275122,-0.0024478039704263,-0.0139352837577462,0,0.1796562373638153,0.5127086043357849,6.379251003265381,1,0.0012846156023442,0.0027662327047437,0.0353733971714973,0,-0.004490899387747,0.0060035125352442,-0.0274249073117971,0,0.1071141362190246,-0.2111200392246246,8.32052230834961,1,0.0130565268918871,0.006557525601238,-0.0400079786777496,0,-0.0077453632839024,-0.0031685605645179,0.0088238213211297,0,-0.190367579460144,-0.3780020475387573,9.028112411499023,1,0.0002399119111942,-0.0018689106218516,-0.0098294746130704,0
1.2981942892074585,2.7491257190704346,8.010324478149414,0.0674053505063057,1.232938289642334,2.5123131275177,1,-0.0072001623921096,-0.0074575995095074,-0.0192055571824312,0,-0.0032065322156995,0.0076930723153054,-0.0005601923330686,0,1.0647302865982056,1.2785704135894775,5.0210957527160645,1,-0.0215241331607103,0.0271757096052169,0.1190723851323127,0,-0.0073669012635946,-0.0053322073072195,0.018824990838766,0,0.2364647984504699,0.1592849940061569,0.3389154970645904,0,-0.0333463959395885,0.0406224876642227,-0.0132862105965614,0,0.0022381769958883,0.0156306307762861,0.0331542789936065,0
1.5000709295272827,0.0799389258027076,8.600873947143555,0.0212824661284685,0.0211431197822093,-0.0245324186980724,0,0.0070494120009243,-0.0202972870320081,-0.0106199961155653,0,1.1396440267562866,0.7928478121757507,5.232866764068604,1,0.000758605718147,0.006458100862801,0.0062949457205832,0,0.0011938541429117,0.0443497784435749,0.0207933615893125,0,-0.7093399167060852,-1.0088399648666382,1.598477840423584,1,0.0023792423307895,0.1247638911008834,-0.0257254615426063,0,1.055688500404358,0.1040537878870964,1.8101130723953247,1,-0.0185852814465761,0.015459656715393,-0.0067940247245132,0
0.4340487718582153,-0.3467269837856293,17.241710662841797,-0.3031349182128906,-0.0897555872797966,6.320823669433594,1,-0.0109433615580201,-0.0283791273832321,0.0001697498373687,0,-0.0001908050326164,0.0040233214385807,0.0057430132292211,0,0.5162620544433594,-0.1604835391044616,7.2776031494140625,1,-0.0240669082850217,0.029119748622179,-0.0848196446895599,0,0.0001437050668755,-0.002342487918213,0.0027611018158495,0,0.2399688512086868,-0.0656633749604225,3.6884071826934814,1,0.0054544247686862,-0.0347084552049636,0.0054396814666688,0,0.0105557264760136,0.0014625587500631,0.0255838260054588,0
1.097259759902954,0.4741003513336181,17.92519187927246,0.1555251330137252,0.1962377279996872,4.979621887207031,1,-0.0045106271281838,0.0312096737325191,-0.0395678393542766,0,-0.0002613825781736,-0.0088993217796087,0.0084286127239465,0,0.4911868274211883,-0.3030542433261871,1.847949504852295,1,0.1667947471141815,0.624042809009552,3.562714099884033,1,0.0078200055286288,0.0017094474751502,-0.0086835492402315,0,0.0157470479607582,-0.1981053501367569,0.0542351976037025,0,0.2489864081144333,0.0193803571164608,7.596685409545898,1,0.0177794266492128,0.0800844505429267,-0.085992231965065,0
1.208704113960266,1.300083875656128,16.53370475769043,0.0016709739575162,0.0053027463145554,0.0085861198604106,0,-0.0024370984174311,0.3178921639919281,0.6234496235847473,1,-0.1055866405367851,-0.0636138916015625,0.1349655240774154,0,0.0051706451922655,-0.0014941124245524,-0.0121626937761902,0,0.8189084529876709,0.8050463795661926,10.996777534484863,1,-0.0137854889035224,-0.005333237349987,-0.0095347510650753,0,0.0106938788667321,-0.0086797997355461,-0.0159520376473665,0,0.4926311075687408,0.2391974329948425,4.7880167961120605,1,0.0014382847584784,0.0117662195116281,0.0195572674274444,0
0.8833060264587402,0.8712871670722961,17.61481475830078,-0.006335592828691,0.0189447607845067,0.0184118561446666,0,0.1598791778087616,2.5432257652282715,4.694457530975342,1,-0.00691181095317,-0.0074953380972146,0.0031551453284919,0,0.1479790359735489,0.2657307088375091,0.1040705740451812,0,-0.8714253902435303,-2.992195844650269,10.061848640441896,1,-0.0093867480754852,0.0004176625225227,-0.0103701911866664,0,1.460341453552246,1.0270289182662964,2.7045960426330566,1,0.0064583956263959,0.0019473601132631,0.0096602151170372,0,0.0027075062971562,0.0136834057047963,0.0289843622595071,0
0.2269449532032013,-0.5985696315765381,10.829566955566406,0.4998928010463714,-0.4048115015029907,5.479671955108643,1,0.0124146919697523,0.010507452301681,-0.0081083411350846,0,-0.0050369761884212,0.0020024131517857,0.047681950032711,0,0.0430113598704338,-0.2895563244819641,4.284991264343262,1,-0.0095578962936997,0.0170847028493881,0.0335086062550544,0,-0.0008983067818917,-0.0085767144337296,0.0144732696935534,0,0.0467739775776863,-0.0809309929609298,0.6454427242279053,1,-0.3625388443470001,0.1598352342844009,0.3407302796840668,0,0.0028841567691415,-0.004123942926526,-0.0088250013068318,0
-3.448012590408325,-1.9059230089187624,7.34189510345459,0.0116941640153527,-0.0206855740398168,0.0392786376178264,0,0.8396610021591187,-0.4885367453098297,0.8664695024490356,1,-0.657281756401062,0.3649114966392517,1.7300690412521362,1,0.0023683367762714,-0.0041154040955007,0.023013200610876,0,0.3756335377693176,-0.5842016935348511,-0.2807575166225433,0,-0.9198462963104248,0.0685957670211792,2.1409788131713867,1,-0.0074458909220993,0.0256824754178524,0.0257701911032199,0,-0.0366362817585468,-0.0870639458298683,0.0987675860524177,0,-3.056159496307373,-1.180509328842163,2.698305368423462,1
1.5083518028259275,0.0689390823245048,8.125259399414062,0.0078139193356037,-0.000580959545914,-0.0262879114598035,0,0.6641294360160828,0.4226254522800445,0.7304635047912598,1,-0.5040301084518433,-0.1813113093376159,0.6128473281860352,1,-0.0046316031366586,0.0368829481303691,0.43453249335289,0,1.6160430908203125,0.0778662338852882,2.61316990852356,1,-0.6852285861968994,-0.1203733533620834,2.411411762237549,1,-0.0094701424241065,-0.0037481319159269,-0.0057935277000069,0,0.5085598826408386,-0.177734687924385,1.2047382593154907,1,-0.0848341211676597,0.015312916599214,0.1501776129007339,0
1.0374107360839844,0.4926419258117676,12.776113510131836,0.8843059539794922,-0.9491286873817444,1.3569144010543823,1,6.177321483846754e-05,-0.0038198928814381,-0.015264093875885,0,0.0006286482675932,0.0140128368511796,0.0165272802114486,0,0.0025481767952442,0.0001392487611155,-0.0261974390596151,0,1.5784364938735962,-0.7943068742752075,8.68508529663086,1,0.0082580726593732,0.0169079899787902,-0.0454965233802795,0,0.0035069091245532,-0.0078856162726879,-0.0118953138589859,0,0.0347209684550762,-0.0500549152493476,0.0520447343587875,0,-1.4750561714172363,2.266777753829956,2.7643957138061523,1
-0.6684572100639343,0.0307631697505712,14.76807689666748,-0.0029504268895834,0.0097386008128523,0.0074198939837515,0,-0.0084613021463155,-0.0076701873913407,-0.0036316057667136,0,-2.920076370239258,-1.8230668306350708,7.12807559967041,1,0.0057770255953073,0.0040450245141983,0.0272397939115762,0,0.654805064201355,0.732662558555603,2.906150579452514,1,-0.2507485449314117,-0.3286772072315216,1.2694982290267944,1,0.0122878421097993,0.0021471271757036,-0.0044912351295351,0,1.8321202993392944,1.434964656829834,3.4323179721832275,1,0.0087892562150955,0.0066194734536111,0.0054978597909212,0
1.1495455503463743,1.505005955696106,8.866994857788086,1.6498467922210691,2.7312560081481934,3.070276021957397,1,-0.2083311676979065,-0.529022753238678,0.8535296320915222,1,-0.007357164286077,-0.0030351714231073,-0.0240309908986091,0,-0.2722508311271667,-0.6891186237335205,4.920279026031494,1,-0.0061489627696573,0.0126856891438364,0.0179923865944147,0,0.0002062450221274,-0.0078612547367811,0.0105744842439889,0,-0.0005111760110594,0.0045815058983862,0.0075188376940786,0,-0.0019019009778276,-0.0074427402578294,0.0254885796457529,0,-0.0040063359774649,-0.0070368037559092,-0.0146333649754524,0
1.4175336360931396,-1.1628872156143188,16.23375701904297,-0.1512953639030456,-0.0156390536576509,7.423653602600098,1,-0.0105522070080041,0.0120775550603866,-0.0315549969673156,0,-0.0022677974775433,0.0099637201055884,0.0113246403634548,0,1.341369390487671,-1.0165395736694336,5.15110445022583,1,-0.0029055213090032,0.0322704687714576,0.0834566578269004,0,-0.0001074535321095,0.0015310702146962,-0.0211894046515226,0,0.0039855646900832,-0.0624724589288234,-0.0047541623935103,0,0.2426998615264892,-0.1293331682682037,3.663508415222168,1,-0.0033928384073078,0.0052541764453053,-0.0417920649051666,0
0.0984337106347084,0.1923989355564117,7.211463451385498,0.0026198024861514,0.0048605753108859,0.00542454700917,0,0.0612382367253303,-0.0813202857971191,-0.0250098835676908,0,-1.946759581565857,0.0048186611384153,3.313516855239868,1,-0.0030432606581598,0.0066896700300276,-0.0066629629582166,0,0.1905690729618072,0.2724557518959045,0.836001992225647,1,-0.0621041096746921,-0.118696242570877,-0.0178734026849269,0,0.0038662024307996,-0.0327322520315647,0.0045315329916775,0,1.8479515314102173,0.1135934591293335,3.128584146499634,1,0.0040958928875625,0.0227296128869056,-0.027049746364355,0
1.4526705741882324,-0.239761084318161,11.96802806854248,0.2216944694519043,0.3444850146770477,0.768365740776062,1,-1.4338703155517578,-0.7502520680427551,3.871193647384644,1,0.0104488441720604,-0.0070510320365428,-0.0432760491967201,0,1.762909770011902,0.6058436632156372,1.693104863166809,1,-0.1321191787719726,-0.2745248973369598,2.08001708984375,1,-0.0022768171038478,0.0010977960191667,-0.0150864170864224,0,1.246199607849121,0.1311394125223159,1.045791506767273,1,-0.2198899984359741,-0.2854999303817749,2.568314790725708,1,-0.0004257569962646,-0.0049990555271506,-0.0003975325089413,0
0.3001814782619476,-0.123041033744812,9.249460220336914,0.0077208583243191,-0.0011653132969513,-0.0123197771608829,0,-0.0098161371424794,-0.0009537326404824,-0.0022886164952069,0,-0.8028325438499451,-0.2243521064519882,1.029220700263977,1,0.0010866337688639,0.0022959734778851,-0.0234419833868742,0,0.9599196314811708,0.5374487638473511,1.8060342073440552,1,-0.0031278352253139,-0.0044279377907514,-0.0032915582414716,0,0.0071581420488655,-0.0006304250564426,-0.0058628488332033,0,0.1364971697330474,-0.4282233417034149,6.477757453918457,1,0.0035755261778831,-0.0030328966677188,-0.0163473505526781,0
-0.0516710467636585,3.4593000411987305,10.268046379089355,0.0073405499570071,0.014576343819499,-0.0499100536108017,0,-1.7165822982788086,1.4343308210372925,2.130162000656128,1,0.0021036029793322,0.0083154868334531,-0.0228961743414402,0,0.8076316714286804,0.5126283764839172,2.2177987098693848,1,0.0559924356639385,0.1005895286798477,0.6759742498397827,1,0.0246545691043138,0.0269454084336757,0.2126220911741256,0,0.7907760143280029,1.3248635530471802,5.163431167602539,1,-0.0258879885077476,0.0448790341615676,-0.0742295533418655,0,0.0023004442919045,-0.0078282700851559,0.0150937689468264,0
0.3585039973258972,0.0882505923509597,8.63024616241455,0.9248530268669128,-0.3751017451286316,1.975088119506836,1,-0.206399455666542,0.1568976044654846,0.0749071687459945,0,0.0104217147454619,-0.0191177204251289,0.0114316251128911,0,0.2477277219295501,-0.1707245856523513,0.5965498089790344,1,0.18097585439682,0.3322115540504455,2.670377731323242,1,0.0086092129349708,-0.0057793501764535,-0.0030633478891104,0,0.0019590342417359,-0.0318469330668449,-0.0233922563493251,0,-0.8123830556869507,0.2214623540639877,3.356945753097534,1,0.0027398555539548,-0.0197506062686443,-0.0285985339432954,0
-1.7099084854125977,0.6095421314239502,8.028144836425781,-0.0109392218291759,0.0117510063573718,0.0121105182915925,0,-0.7489840388298035,0.468353122472763,1.198245406150818,1,-0.0025118973571807,-0.0020782607607543,0.0105327907949686,0,-0.0061247707344591,0.0062353662215173,-0.046350784599781,0,-0.4497334659099579,-0.1586956232786178,5.916072368621826,1,-0.0034635283518582,0.0073811011388897,-0.0436511933803558,0,-0.0035593574866652,0.0004377286531962,0.002745560137555,0,-0.0011135787935927,6.246182601898909e-05,-0.0196158234030008,0,-0.4834787249565124,0.2760952711105346,0.9980554580688475,1
1.0603492259979248,2.220794439315796,10.61441707611084,0.0374160185456275,-0.0148122338578104,0.0041887415573,0,0.6451714038848877,1.5895918607711792,3.854514837265015,1,-0.0023097433149814,-0.0002965409657917,-0.0254598408937454,0,0.7896034121513367,0.095938503742218,1.747871994972229,1,-0.0480556525290012,0.1408697962760925,0.5582972168922424,1,0.0029589722398668,0.0055711129680275,-0.0031416069250553,0,-0.348954826593399,0.3483961224555969,4.523528575897217,1,-0.0167896896600723,0.0212501809000968,-0.0161502435803413,0,0.0013092573499307,0.0342855863273143,-0.0292319692671298,0
0.093735784292221,-3.052746057510376,6.1852312088012695,0.0577131025493145,0.0199359692633152,-0.0311666335910558,0,-0.3571793138980865,-0.7033642530441284,1.791625738143921,1,-0.0015090984525159,-0.0076921731233596,0.010930030606687,0,0.0169550217688083,0.0029850690625607,-0.0229724179953336,0,0.1686266362667083,-1.4711833000183103,2.9003942012786865,1,0.0113457860425114,0.0009160329937003,0.0162671711295843,0,0.0031947100069373,0.0418610423803329,-0.0029524171259254,0,0.198410153388977,-0.9885284900665284,1.5709882974624634,1,-0.0038212025538086,0.0523239821195602,-0.0478825792670249,0
1.3272511959075928,-0.3837157785892486,17.67072105407715,1.0672602653503418,-0.7553592324256897,0.6888322830200195,1,0.0823045447468757,0.1304394751787185,1.4023360013961792,1,0.0044088307768106,-0.0153175266459584,-0.0534799173474311,0,0.0020415792241692,0.0024624047800898,0.0003187701804563,0,0.5359826683998108,0.8509395122528076,8.240477561950684,1,0.0021189593244343,0.010519940406084,-0.0295334234833717,0,0.0038579681422561,-0.0052957534790039,-0.0131003400310873,0,-0.3614181876182556,-0.5996236801147461,7.438916683197021,1,-0.0093055227771401,-0.0024808859452605,-0.0040464373305439,0
0.4777840375900268,-0.1665182411670684,11.699657440185549,-0.1069868579506874,0.0217434652149677,0.098093681037426,0,-0.0049762832932174,-0.0060340035706758,-0.0093715330585837,0,-0.0001802077022148,0.0084257097914814,-9.858664998319e-05,0,1.0996037721633911,-1.4078220129013062,8.631453514099121,1,-0.005591913126409,0.045540265738964,0.0188887175172567,0,0.0079761799424886,-0.0063472874462604,0.0174309480935335,0,0.0003707283176481,0.1246740296483039,-0.0057881739921867,0,-0.4996381103992462,1.0646384954452517,2.9075820446014404,1,-0.0127932820469141,-0.0113369552418589,0.0414657816290855,0
1.884446144104004,2.304286003112793,6.971942901611328,0.0017678149743005,0.0066690649837255,-0.0182960368692874,0,0.944311797618866,0.6551565527915955,0.6987830996513367,1,-0.2895027995109558,0.0980153828859329,0.472503513097763,0,-0.0008665154455229,4.0838829590938985e-05,-0.0310638714581727,0,1.0719789266586304,0.7323757410049438,2.386420965194702,1,-0.6452932357788086,0.2858974933624267,1.0799239873886108,1,-0.0065916930325329,0.010541645810008,0.0074946680106222,0,0.9886152148246764,0.447764128446579,2.143527746200561,1,-0.1799733936786651,0.0678251758217811,0.2326489388942718,0
-0.0673978328704834,-1.000267744064331,19.197628021240234,0.0028074805159121,-0.0011466616997495,-0.0129863396286964,0,-0.0045654140412807,0.010276430286467,-0.0404118858277797,0,0.6116761565208435,0.5358453989028931,9.441627502441406,1,0.0016509057022631,0.0028666891157627,-0.0075474842451512,0,-0.0114574050530791,0.0225812196731567,-0.1190805360674858,0,-1.174243688583374,-1.7932491302490234,8.142964363098145,1,0.0099582849070429,-0.0003963012131862,-0.0179238114506006,0,0.3880140483379364,0.0942028909921646,0.2183972746133804,0,0.1087617576122284,0.1287516206502914,1.5925893783569336,1
0.1044478267431259,-0.0431622713804245,5.001287460327148,0.0017089298926293,-0.0024161159526556,-0.0276745576411485,0,-0.0066638123244047,0.0126324901357293,-0.0173767562955617,0,-0.5281376242637634,-0.2199103981256485,0.8554986715316772,1,-0.0003318063390906,-9.602151840226723e-05,-0.0168486572802066,0,0.2675070166587829,0.1388198137283325,1.1435976028442385,1,-0.0278644990175962,-0.0086865546181797,0.0248212777078151,0,0.0017970472108572,-0.0004880595370195,-0.0034068836830556,0,0.3928380310535431,0.0404883958399295,3.0505354404449463,1,0.0035945337731391,-0.0035058129578828,-0.0078588314354419,0
1.7270867824554443,-0.7095699906349182,17.653873443603516,-0.0300695188343524,0.0048651588149368,-0.0879604890942573,0,1.302552580833435,1.58864426612854,8.150668144226074,1,-0.0047801858745515,-0.0150114791467785,-0.0180107001215219,0,0.0013738721609115,0.0049215937033295,-0.0120380884036421,0,0.5331928133964539,-1.5154898166656494,7.454507827758789,1,0.0233530104160308,-0.0013334837276488,0.033457662910223,0,0.000164700220921,0.0698072835803031,0.0106186838820576,0,-0.0420708917081356,-0.9116113185882568,2.087512969970703,1,-0.056629829108715,0.0656377598643302,0.0351181328296661,0
0.8729634284973145,-0.6790762543678284,9.223806381225586,0.0105171808972954,-0.0050810994580388,-0.0424775891005992,0,0.6723620295524597,0.1985265761613845,0.7325184345245361,1,-0.8770607709884644,-0.3022071421146393,2.001529693603516,1,0.0042647067457437,0.0024565602652728,0.0221924986690282,0,1.2787683010101318,-0.0485900230705738,1.977904677391052,1,-1.0083131790161133,-0.2791142165660858,2.4369957447052,1,-4.356388308224268e-05,-0.0036895531229674,-0.0162209961563348,0,1.2089166641235352,-0.1322046965360641,1.4480416774749756,1,-0.4164479970932007,-0.1091726198792457,0.6633226871490479,1
0.4922861158847809,-0.2642050981521606,8.155404090881348,-0.0070309392176568,0.0106175299733877,-0.0256536193192005,0,0.4255131781101227,-0.4099529087543487,4.650789260864258,1,0.0010257004760205,0.0003213516902178,-0.0054085762239992,0,0.3646338880062103,0.3048532903194427,1.4545232057571411,1,-0.0013733531814068,0.0059725516475737,-0.0494185276329517,0,-0.0123061276972293,-0.0035950292367488,0.0306064393371343,0,-0.2782191634178161,-0.1797445714473724,2.093008518218994,1,-4.983361122867791e-06,0.003108411328867,-0.0226417500525712,0,4.7929272113833576e-05,0.0042142956517636,0.029600603505969,0
-1.8522573709487915,-0.1127227991819381,8.880057334899902,0.0425376519560813,0.011746889911592,0.0010939498897641,0,0.2802317440509796,0.0134163657203316,0.8960414528846741,1,-1.8756341934204104,0.5196874141693115,1.9568538665771484,1,0.0031553455628454,0.0160190742462873,0.2400382608175277,0,0.6861507892608643,0.0745559707283973,2.356501340866089,1,-1.1074233055114746,-0.1450885534286499,2.311216354370117,1,-0.0272576641291379,-0.1119774132966995,0.0680094212293624,0,0.9328680038452148,-0.2396072894334793,0.5032048225402832,1,-0.7868857383728027,-0.2514752447605133,0.5470981597900391,1
-7.409111499786377,-11.673508644104004,13.301822662353516,-0.0056582833640277,0.0031788568012416,0.0064821853302419,0,0.8107446432113647,-0.7816212177276611,1.7756670713424685,1,-1.072086215019226,0.2038342803716659,1.316156983375549,1,0.0137018803507089,0.1145863085985183,0.5067137479782104,1,0.724460780620575,-0.1639657914638519,2.686556577682495,1,-1.1227502822875977,-0.4815870225429535,2.766380786895752,1,0.0111831771209836,-0.0489839985966682,-0.0356908366084098,0,0.4382867515087127,-0.365214467048645,0.9134584069252014,1,-7.20699405670166,-10.153735160827637,3.366098642349243,1
1.73335599899292,0.763321042060852,12.213435173034668,-0.0288374125957489,-0.0463808849453926,0.0683930367231369,0,0.1173933744430542,2.839571475982666,2.152320623397827,1,0.0032694016117602,-0.0313193090260028,-0.0210924111306667,0,0.006322065833956,0.0049414453096687,-0.023204194381833,0,1.7501964569091797,-2.278472661972046,8.87316608428955,1,0.0203170776367187,0.0050178370438516,0.0106886709108948,0,-0.0097974967211484,0.109604388475418,-0.060335237532854,0,0.3297881186008453,-0.3372035920619964,0.2654391825199127,0,-0.4552955329418182,0.4975625276565552,0.948059380054474,1
-3.730153560638428,-2.012179136276245,15.33887004852295,-0.0176238697022199,0.0037129663396626,0.007691950071603,0,0.5065852999687195,-0.2326925545930862,1.6790375709533691,1,-1.2158085107803345,0.2336114794015884,1.264737606048584,1,0.0437112562358379,0.0240527391433715,0.6669115424156189,1,0.7951784133911133,0.1852754801511764,3.332101345062256,1,-1.1187119483947754,0.1345488131046295,3.975412368774414,1,-0.004218746908009,-0.122579738497734,0.0372891798615455,0,1.7295135259628296,-0.4009199440479278,1.0343201160430908,1,-4.448779106140137,-1.837188482284546,3.3413686752319336,1
-0.8324087262153625,-0.2841682434082031,7.640507698059082,0.0568342208862304,-0.0143667832016944,0.0129574909806251,0,0.1246991381049156,0.0063717938028275,0.578340470790863,1,-1.1464283466339111,0.3541046977043152,1.508617877960205,1,-0.0020155175589025,-0.0001990956661757,0.0863174200057983,0,0.5645033717155457,0.1159237399697303,2.0084195137023926,1,-0.955957531929016,-0.1510463804006576,2.43017053604126,1,-0.0088732196018099,-0.069602683186531,-0.0430671609938144,0,1.2405060529708862,-0.2494351863861084,0.3873055875301361,0,-0.7056768536567688,-0.2759183645248413,0.6714455485343933,1
-0.7598890066146851,-0.689070999622345,11.23854923248291,0.0010381214087828,0.0095482654869556,0.0068416618742048,0,-2.157680988311768,-1.1866090297698977,7.643613815307617,1,-0.0054849367588758,-0.0002348960697418,0.002104053273797,0,0.6198530793190002,0.3636724352836609,0.6582982540130615,1,0.0882389843463897,-0.0614088736474514,2.1199169158935547,1,-0.0095363166183233,-0.0109052704647183,0.0213025696575641,0,0.6723599433898926,0.2048992067575454,0.7131484746932983,1,0.022204652428627,-0.0120771322399377,0.057684525847435,0,0.0091184340417385,0.0040442394092679,0.01563904248178,0
1.0347260236740112,-1.774548053741455,9.999593734741213,-0.0115719689056277,0.0085755288600921,0.0123590854927897,0,0.6710683107376099,-0.0259905606508255,1.678525447845459,1,-1.496854305267334,-0.7858549356460571,2.8292031288146973,1,0.0023350855335593,-0.0026105190627276,-0.0136421676725149,0,1.9912803173065183,0.0767443627119064,2.543343067169189,1,-0.4722493588924408,-0.6300756931304932,2.3307132720947266,1,0.0032323792111128,-0.0071494346484541,-0.0144264083355665,0,0.3478761613368988,-0.4204877614974975,0.6137601733207703,1,-0.000390569504816,0.0123010268434882,0.0197586379945278,0
1.6734503507614136,-0.9587001800537108,18.58161163330078,0.049668475985527,-0.0336280241608619,0.0941694974899292,0,0.007399583235383,0.0716697424650192,-0.0152605706825852,0,0.0052652857266366,-0.0204612556844949,0.0412493236362934,0,-0.0129648540169,0.0043033272959291,-0.0198356974869966,0,0.6431670784950256,1.1343592405319214,11.228035926818848,1,0.0159256923943758,-0.0061982809565961,0.0421383269131183,0,0.0007190388278104,-0.1346291452646255,-0.0109995985403656,0,0.9581247568130492,-2.069058895111084,7.284574508666992,1,0.0061453604139387,0.0949430242180824,-0.0624598003923893,0
0.3530372977256775,0.1191876679658889,8.807358741760254,0.0095310965552926,0.0011354791931807,-0.0423867255449295,0,-0.296317994594574,-0.4659830629825592,0.887578010559082,1,0.0038495347835123,-0.0048129823990166,0.0027114090044051,0,0.923783838748932,0.6279921531677246,3.389189958572388,1,-0.0074170380830764,0.0054813139140605,0.0018948313081637,0,-0.01026819832623,0.0075944941490888,-0.0162664055824279,0,-0.2842543721199035,-0.066458374261856,4.56840181350708,1,0.0100245289504528,-0.0014979401603341,0.0085654519498348,0,0.004105910193175,0.0157365947961807,0.007670356426388,0
1.5234034061431885,0.6627370715141296,14.07557201385498,0.7998261451721191,0.010786828584969,0.3281495273113251,0,-0.2502912282943725,-0.0037183726672083,1.899675130844116,1,-0.0234372597187757,0.0628363117575645,0.7925167083740234,1,1.1662935018539429,-0.0663895234465599,0.8732291460037231,1,-0.7591960430145264,0.2631198167800903,3.361740827560425,1,-0.0703139975666999,0.2749914228916168,2.545269250869751,1,1.4235398769378662,-0.0482823103666305,0.2550351321697235,0,-0.7296313643455505,0.0905607864260673,3.104229688644409,1,-0.0333862788975238,0.0788321569561958,0.9157267808914183,1
0.2666289508342743,1.0323715209960938,15.20542335510254,0.0449923686683177,0.0027901183348149,0.0162432473152875,0,0.0191307105123996,0.197438508272171,-0.0585372038185596,0,-0.4930640459060669,0.7794666886329651,3.617492198944092,1,-0.0058025629259645,-0.0005729626864194,0.0123112965375185,0,0.7643064856529236,0.8147560954093933,3.40186071395874,1,0.0274260360747575,0.0030241955537348,0.0241701863706111,0,0.00541130034253,-0.0322486162185668,0.0736811757087707,0,-0.1018913835287094,-0.7649184465408325,8.193552017211914,1,0.0061200414784252,0.0326359085738658,-0.0753509402275085,0
0.0204648803919553,0.0827444940805435,6.481220245361328,-0.0093787414953112,0.0052444036118686,0.04556106030941,0,-0.0008913096971809,-0.0076478919945657,-0.0177773423492908,0,0.0044990419410169,-0.001952224294655,-0.0259705260396003,0,0.004696870688349,-0.0066028726287186,0.041112869977951,0,-0.2218915671110153,0.2068646997213363,2.490421772003174,1,-0.0033882218413054,0.001138545339927,-0.016691630706191,0,-0.0025848327204585,0.0018571516266092,-0.0090675111860036,0,0.2468371987342834,-0.13208869099617,3.9510536193847656,1,0.0025664400309324,0.0159313790500164,0.0225780867040157,0
-0.1646030694246292,4.651472568511963,22.486650466918945,0.0354094095528125,0.0104934135451912,0.112436719238758,0,-1.899814486503601,1.912240028381348,4.7667388916015625,1,0.1324188411235809,-0.0166226606816053,1.175052285194397,1,0.8111003041267395,0.2580692768096924,1.7664614915847778,1,-0.3645025789737701,0.7305530905723572,8.43813419342041,1,0.2921417951583862,0.0904921740293502,4.478053569793701,1,0.698938250541687,1.765310287475586,-1.492207169532776,0,-0.0008540113922208,-0.2183674722909927,2.2250959873199463,1,0.1305593699216842,0.1193044111132621,1.0168840885162354,1
0.609316349029541,1.4291824102401731,13.67409324645996,-0.0027431598864495,0.0081822490319609,0.0032506023999303,0,1.3082486391067505,0.6017804741859436,1.163819432258606,1,-0.1329405754804611,-0.0007475945167243,0.7208830714225769,1,0.0037897808942943,0.0018358897650614,0.8520582914352417,1,1.493608474731445,0.3792725503444671,3.319757461547852,1,-0.9020277857780457,0.0503264069557189,3.3375608921051025,1,0.0038416197057813,0.00123024021741,-0.0134049272164702,0,0.8337240219116211,-0.0190330017358064,1.6903258562088013,1,-1.9961848258972168,0.4063352644443512,2.5998435020446777,1
-2.036226749420166,-1.1287727355957031,16.96624183654785,-0.0247450359165668,-0.0079161021858453,0.0315375961363315,0,0.4211086332798004,-0.1137406006455421,1.7857284545898438,1,-0.8588829636573792,0.7129598259925842,2.5202667713165283,1,0.0501352623105049,-0.0055246744304895,0.7134349942207336,1,0.7336171269416809,-0.1676756739616394,2.5651397705078125,1,-1.3369659185409546,0.1395543664693832,5.678770065307617,1,-0.0017318481113761,0.0073985033668577,0.2584924399852752,0,1.066999077796936,-0.607046902179718,1.5142618417739868,1,-2.085761070251465,-1.0867815017700195,1.898609399795532,1
0.7210029363632202,-0.9172755479812622,7.184843063354492,-0.1298191845417022,0.0667723938822746,1.2140873670578003,1,-0.0009778051171451,-0.0051745856180787,0.0159740019589662,0,0.0019476009765639,-0.0095508964732289,-0.0053741731680929,0,-0.00501245027408,0.0008263665367849,0.0213422514498233,0,0.2771503925323486,0.4258888065814972,3.1947665214538574,1,0.0069663142785429,-0.0009150692494586,-0.0129386214539408,0,0.0021108626388013,-0.1708415448665619,0.0545783191919326,0,0.5647704005241394,-1.206440567970276,2.7368314266204834,1,0.0038668047636747,-0.0178404226899147,-0.0344237498939037,0
0.4052265584468841,-0.1783148646354675,6.839072227478027,0.0092026395723223,-0.0106761353090405,-0.0027073759119957,0,-0.1066215932369232,0.0017574755474925,0.0261041913181543,0,-0.3671444058418274,0.3392489850521087,2.74702525138855,1,-0.001494140480645,0.0028333386871963,0.0110964486375451,0,0.1746968179941177,-0.0662048906087875,0.2570759952068329,0,-0.2991422712802887,-0.1199715211987495,0.893963098526001,1,0.0051785297691822,0.0067990538664162,-0.0327119268476963,0,0.9313569068908693,-0.2608467936515808,2.900742053985596,1,0.059194128960371,-0.0712543949484825,0.0384847521781921,0
0.0076667368412017,-2.6234192848205566,14.203807830810549,0.0134093593806028,-0.0082150381058454,0.0711270049214363,0,0.8162906765937805,-1.6536229848861694,2.146851062774658,1,-1.221817970275879,0.7398022413253784,2.6278021335601807,1,0.0078060221858322,-0.0037341385614126,-0.0085530998185276,0,-0.0064554554410278,0.0661195740103721,-0.0385746620595455,0,0.2057555615901947,-0.683482825756073,7.946194648742676,1,0.0008831290761008,0.0295216422528028,-0.0083036134019494,0,0.0096277827396988,-0.0392081141471862,0.0346309207379817,0,0.1821675896644592,-1.0705994367599487,1.432633638381958,1
1.020137906074524,-0.0437155812978744,7.628654479980469,-0.0089177722111344,0.0050119291990995,0.0168374180793762,0,0.0036827898584306,-0.0118187116459012,-0.0201128758490085,0,-1.2111016511917114,-0.475920021533966,1.879669189453125,1,0.004564260598272,0.0034311800263822,0.0434120334684848,0,0.8344293832778931,0.3260831236839294,1.7699910402297974,1,-0.37452432513237,-0.1839617788791656,0.5355408191680908,1,0.0020937894005328,-0.0021831376943737,-0.0104953814297914,0,1.764806866645813,0.30288165807724,3.4335713386535645,1,0.0051045883446931,-0.0072398022748529,-0.0197595339268445,0
1.3140552043914795,-0.5114814043045044,9.658714294433594,0.0078646726906299,0.0296386107802391,0.1167475879192352,0,-0.3981407582759857,-0.5410088896751404,1.1974430084228516,1,-0.0121694644913077,-0.0060154860839247,-0.0005704094655811,0,0.8700792193412781,-0.1315356492996215,6.011964321136475,1,0.0054741422645747,0.0087632294744253,-0.0221766959875822,0,0.0025724105071276,-0.0126559119671583,0.0239194091409444,0,0.8394107222557068,0.1455171108245849,2.3014726638793945,1,-0.0018267249688506,-0.0028276811353862,0.0317936949431896,0,0.0007909772102721,-0.0013567402493208,-0.0018784569110721,0
0.8202520608901978,-0.2804381251335144,14.789402961730955,0.0008376510813832,-0.0001512928283773,-0.0285663045942783,0,1.1274383068084717,-1.2251025438308716,4.357592582702637,1,-0.1768635511398315,0.0858046486973762,0.2651446759700775,0,-0.005551170092076,-0.0033543126191943,-0.0033778056968003,0,0.3499225974082947,-0.4450724124908447,0.016808696091175,0,-0.4486747682094574,0.1738766729831695,2.627527236938477,1,-0.0063484366983175,0.1895576566457748,-0.0684041902422905,0,0.0105128912255167,-0.0435438491404056,-0.0410519428551197,0,-0.031021486967802,0.9875472187995912,7.663730144500732,1
0.5739679336547852,-0.2122766375541687,18.881175994873047,-0.2887642681598663,-0.8121783137321472,7.771823406219482,1,0.0210170019418001,-0.0848696082830429,-0.1145414561033248,0,-0.0170962400734424,-0.0178408306092023,0.002411781810224,0,0.4114208221435547,0.1351919174194336,5.05076265335083,1,-0.0028424330521374,-0.0099978102371096,0.0478766225278377,0,-0.0056895841844379,-0.0010385923087596,-0.0025481819175183,0,0.590726912021637,0.5077901482582092,6.21752405166626,1,-0.0762101635336875,0.0430616959929466,-0.0380403101444244,0,-0.058594137430191,0.0276047345250844,-0.0540930181741714,0
0.6723058223724365,-3.647599458694458,17.178104400634766,0.022266061976552,-0.0079762581735849,-0.0254082363098859,0,3.4953479766845703,-3.277050018310547,4.262236595153809,1,-0.0600997954607009,-0.017769731581211,-0.1680915355682373,0,-0.0004904337693005,-0.0013608838198706,-0.0205382350832223,0,0.3135015368461609,-0.8865623474121094,-1.1222469806671145,0,-1.0391672849655151,-0.0246615074574947,5.873659133911133,1,0.0055868853814899,0.0019863157067447,0.0134165789932012,0,0.0635485723614692,-0.1136491000652313,-0.0345724187791347,0,-2.128187656402588,0.6794441342353821,8.399649620056152,1
-0.2464080601930618,1.068596363067627,8.097970962524414,2.783217668533325,-1.0665706396102903,3.34167742729187,1,-0.0960205569863319,0.0259659755975008,0.0096998214721679,0,0.022775150835514,-0.0175244361162185,0.0132375350221991,0,0.6204494833946228,-0.554929792881012,0.8575297594070435,1,-0.1221552789211273,0.5415813326835632,1.5901533365249634,1,0.0076709440909326,0.0110058225691318,-0.0171696450561285,0,-0.0037206383422017,-0.1681514680385589,0.0426602847874164,0,-3.445301055908203,2.274811267852783,2.3275625705718994,1,-0.013324094004929,0.0224083736538887,-0.0673803687095642,0
2.3417229652404785,0.538676381111145,18.00235939025879,-0.0351960435509681,0.4906008243560791,1.5379483699798584,1,-0.0123982578516006,0.0464360304176807,-0.1256802678108215,0,0.0024375992361456,0.0023142320569604,-0.0047352886758744,0,0.1925615668296814,-0.4885952472686767,0.8227125406265259,1,1.4691016674041748,2.420426845550537,11.109031677246094,1,0.015614396892488,-0.0017122167628258,-0.0355438329279422,0,0.0165055133402347,-0.1458865255117416,0.0977935791015625,0,0.8053417801856995,-2.137918710708618,4.347556591033936,1,-0.112245425581932,0.3530112206935882,0.2532740235328674,0
0.5318585634231567,-0.0241083670407533,20.938974380493164,0.4286253750324249,0.3954769968986511,0.6982943415641785,1,-0.4078607857227325,-0.6892247200012207,2.4107649326324463,1,0.0012346656294539,0.00135407038033,-0.0511165224015712,0,1.6039143800735474,0.6280890703201294,9.715668678283691,1,0.0161489397287368,0.0132418554276227,-0.0948805883526802,0,-0.0015685850521549,-0.007365433499217,0.0199296809732913,0,-1.090384840965271,-0.3503811061382293,8.228508949279785,1,-0.0136454533785581,-0.0079815182834863,0.0341683328151702,0,-0.0046051158569753,-0.0073175798170268,-0.0223634149879217,0
2.165881633758545,-0.6384410262107849,12.424159049987791,0.787125289440155,0.0214353427290916,1.3639198541641235,1,-0.6647619605064392,-0.4492761194705963,3.24178147315979,1,-0.0083367191255092,0.0060293404385447,-0.0027904997114092,0,1.921353816986084,-0.048515897244215,1.588169813156128,1,-0.4103685915470123,-0.0180485844612121,1.8903089761734009,1,-0.0105583425611257,0.001852206303738,-0.0158523395657539,0,1.0460703372955322,-0.1081162691116333,1.7858904600143433,1,-0.4979636073112488,-0.0520987920463085,2.5583221912384038,1,0.0033214653376489,0.0082977320998907,0.01440847851336,0
0.6101552248001099,-0.3912267982959747,11.471585273742676,-0.6561051607131958,-0.0998845845460891,5.5313639640808105,1,-0.0060410164296627,0.0095811234787106,-0.0104867881163954,0,-0.0021904732566326,-0.0126370517536997,-0.0269836205989122,0,1.3222569227218628,-0.3116279244422912,3.654024124145508,1,0.0080111157149076,0.0016013674903661,-0.059000875800848,0,-0.005621001124382,-0.0160704273730516,0.0331107228994369,0,0.5513394474983215,-0.1962807029485702,1.080742359161377,1,-0.6055939197540283,0.231558009982109,1.262143850326538,1,0.0040992586873471,0.0025333396624773,0.0066713942214846,0
0.6385013461112976,-0.5919100642204285,9.735506057739258,-0.002649669535458,0.011098057962954,0.0041931769810616,0,0.0110811898484826,-0.0115237291902303,0.0088376048952341,0,-0.8493555784225464,-0.530588686466217,2.061762809753418,1,0.0021233099978417,-0.0057486724108457,-0.0026373576838523,0,0.9559732675552368,0.4094545543193817,1.1650583744049072,1,-0.0241054836660623,-0.021625243127346,0.0278290286660194,0,-0.0020134744700044,0.0022490369156003,0.0088821332901716,0,0.5451270937919617,-0.4386437237262726,6.492642879486084,1,0.0023207010235637,-0.0065815970301628,-0.031061802059412,0
0.2819852232933044,0.1611415594816208,11.28179931640625,1.6284632682800293,-0.5591320991516113,3.0357398986816406,1,0.0057701151818037,-0.0165279991924762,0.0220311172306537,0,-0.0001915583125082,-0.0058887074701488,-0.0497633703052997,0,0.7374354004859924,-0.3088075518608093,1.0383734703063965,1,-0.3360651433467865,0.3640304207801819,0.3468280434608459,0,-0.0067906551994383,-0.010416992008686,0.0073092430830001,0,0.0001931455626618,0.0015776169020682,-0.0005799701903015,0,-1.748921513557434,0.7054657936096191,6.911123752593994,1,0.0020921817049384,-0.0091589204967021,-0.0292627420276403,0
-0.044399619102478,-2.674878597259521,16.80792808532715,-0.0301141832023859,-0.0077392170205712,0.0166713949292898,0,0.4271064102649688,-0.3049067854881286,10.89360237121582,1,-0.0005945777520537,-0.0381509251892566,-0.0367022566497325,0,-0.0037666608113795,0.0033360878005623,0.0002115092938765,0,1.4373819828033447,-2.703691005706787,1.334775686264038,1,0.0254323426634073,0.0048805284313857,0.0101221883669495,0,0.008162616752088,-0.0405752807855606,0.0171951297670602,0,-0.036003790795803,-0.0579166635870933,-0.0127452677115798,0,-1.8720037937164309,0.4698846042156219,4.58479642868042,1
0.315424770116806,-0.2288801670074463,6.71592903137207,0.0077383420430123,-0.001398236490786,0.0270725823938846,0,0.2659029960632324,0.6360262632369995,1.209567904472351,1,0.0006835386157035,0.00102473446168,-0.0274524353444576,0,0.0102693708613514,-0.0017155255191028,0.0529988519847393,0,-0.4257871806621551,-1.0382241010665894,4.792608737945557,1,-0.000587053655181,0.0009131676051765,-0.0120761888101696,0,0.5024272203445435,0.1565007120370865,0.6736491918563843,1,-0.0456225574016571,0.0146309155970811,0.0019466400844976,0,0.0004000517656095,0.0033619578462094,-0.0023861804511398,0
1.4129149913787842,-1.4915378093719482,17.03679847717285,0.0586031153798103,0.0015220264904201,0.03328388184309,0,0.953382968902588,-0.1323524564504623,6.901316165924072,1,-3.516945434967056e-05,0.0029160846024751,-0.014440176077187,0,-0.0023469438310712,0.0058338143862783,0.0150349177420139,0,0.1439140737056732,-1.4069511890411377,4.169698715209961,1,0.0216800756752491,0.0062296884134411,0.0428860150277614,0,-0.0200191885232925,0.1582854092121124,-0.0753642842173576,0,0.2696705460548401,-0.1119568273425102,5.98743200302124,1,-0.0119344620034098,-0.0150641947984695,-0.0230489615350961,0
0.8503662943840027,1.8807908296585083,11.07542324066162,-0.0763874948024749,0.0026269061490893,-0.0705593675374984,0,0.011953636072576,0.1355070769786834,-0.0600414015352726,0,0.0647168904542923,0.2629280090332031,1.6213394403457642,1,0.0012147321831434,0.0024524799082428,-0.0135001204907894,0,0.9302355051040648,1.600164532661438,9.465479850769045,1,0.0147927366197109,0.004933298099786,-0.002091129310429,0,-0.0205066967755556,0.0360456258058548,0.0644025206565857,0,-0.0625114440917968,-0.1655242443084716,0.1020557135343551,0,-0.0131415948271751,0.0016571745509281,-0.0316620543599128,0
0.4568153917789459,-0.5363641977310181,7.261783123016357,0.00938013009727,0.003342788433656,-0.0269337929785251,0,-0.6487997770309448,-0.5355443358421326,3.814995527267456,1,-0.004414624068886,0.0036268753465265,0.0135901570320129,0,0.6808290481567383,-0.000610830320511,0.8664039373397827,1,-0.3761548697948456,-0.0205203052610158,0.6212876439094543,1,0.01079688873142,0.0150271067395806,-0.0301844496279954,0,0.7794375419616699,0.0135997915640473,2.094920873641968,1,0.0139049058780074,0.003332365071401,-0.0495031252503395,0,-0.0081638051196932,-0.0186176598072052,-0.0427938923239707,0
-1.0982346534729004,-5.220317840576172,14.01164722442627,0.0732826068997383,-0.0641567930579185,0.1428601294755935,0,1.4417701959609983,-0.5037533640861511,11.015829086303713,1,-0.0099177546799182,-0.011203795671463,-0.0345492400228977,0,-0.00487418519333,-0.0021472154185175,-0.0019132468150928,0,0.9664893746376038,-1.822470784187317,0.1474182158708572,0,0.0179885327816009,0.0065380074083805,0.0262483656406402,0,-0.001531668473035,0.0349489860236644,0.0221347361803054,0,0.0594873167574405,-0.0022203917615115,-0.023494666442275,0,-3.6409289836883545,-2.8558523654937744,2.717114210128784,1
-1.1868643760681152,1.4274091720581057,11.362834930419922,1.4196950197219849,-0.7797276973724365,2.2814395427703857,1,-0.5458672642707825,1.3139221668243408,1.2399699687957764,1,0.0308476313948631,0.0125273745507001,0.032179869711399,0,1.0422707796096802,-0.8286153078079224,2.4927031993865967,1,-0.3272913694381714,0.4695015549659729,3.284994602203369,1,0.0012795745860785,0.0017026022542268,-0.0231191180646419,0,0.0026528786402195,0.0586247183382511,0.0003455402038525,0,-2.8352346420288086,1.210103988647461,2.071816921234131,1,0.024782994762063,-0.0306301806122064,-0.0174962151795625,0
0.3551354706287384,-0.0426299981772899,6.170569896697998,-0.0104503240436315,0.0031731273047626,-0.0661054626107215,0,0.0098477592691779,-0.0652626901865005,0.0627674609422683,0,0.0049526537768542,0.0051654698327183,-0.0094327721744775,0,-0.0807208567857742,0.2950083911418915,3.887205123901367,1,-0.0020187858026474,0.0055127521045506,-0.0208558123558759,0,0.0053496761247515,-0.0025030833203345,0.0036634476855397,0,0.3880569040775299,-0.2665509581565857,2.3570168018341064,1,0.0380211547017097,-0.0074754036031663,-0.0306594427675008,0,0.0020972955971956,-0.0096976170316338,-0.0130289774388074,0
-0.3545983433723449,-1.7692673206329346,6.744481086730957,0.0551569201052188,0.0715481638908386,0.0776173323392868,0,-1.4932674169540403,-1.8783518075942995,2.1650633811950684,1,-0.0196123532950878,-0.0244454890489578,0.0349428951740264,0,0.96467262506485,0.1323438733816146,4.328813076019287,1,0.0250859763473272,-0.0434166602790355,-0.004732362460345,0,0.0090728150680661,-0.0097633376717567,0.0326018892228603,0,0.0162974316626787,0.013748487457633,0.0873263478279113,0,0.0998019203543663,-0.0094459122046828,-0.0198120567947626,0,-0.0118063297122716,-0.0214846339076757,0.0426604151725769,0
-0.1552307307720184,0.1821781247854232,18.87483024597168,0.0116002280265092,0.0020663945470005,-0.0257485657930374,0,0.0974865108728408,0.2341203838586807,3.71937108039856,1,-0.0050012692809104,-0.0080587333068251,-0.0149997826665639,0,0.002235657768324,-0.00180951715447,-0.0120833748951554,0,-0.0234567672014236,0.041489940136671,7.495519638061523,1,-0.0130656687542796,-0.0071441787295043,0.0021439483389258,0,-0.0024647661484777,0.0044908141717314,0.0023657765705138,0,-0.2196745723485946,-0.0805419906973838,7.725450038909912,1,-0.00289007415995,-0.0024349906016141,-0.0171893667429685,0
4.064452648162842,-0.9902244210243224,8.204649925231934,-0.0019246878800913,-0.0064362906850874,0.0077226134017109,0,1.6770069599151611,-0.5850659608840942,4.264986038208008,1,0.0027911106590181,-0.0204216763377189,-0.0173102635890245,0,-0.0069708335213363,-0.0093753887340426,-0.0017205355688929,0,1.3448506593704224,-0.0965438187122345,2.649714231491089,1,0.010240476578474,0.0025698952376842,0.0157254487276077,0,0.0017601223662495,-0.084533505141735,0.0895445495843887,0,1.0456067323684692,-0.2325409352779388,1.2235945463180542,1,-0.0089079476892948,0.0421232655644416,-0.0276069659739732,0
2.1826114654541016,-0.5116769671440125,18.530054092407227,-0.0401762686669826,-0.0015281589003279,-0.0173983331769704,0,0.9266958236694336,0.2420856058597564,5.021872520446777,1,-0.0223283022642135,-0.0378866605460643,-0.0275250580161809,0,0.0019031576812267,0.0122656859457492,-0.0436658076941967,0,0.6063200235366821,-1.4135141372680664,14.063638687133787,1,0.0195159278810024,0.0054237358272075,0.0264921113848686,0,0.5867836475372314,0.780953049659729,-0.4604755043983459,0,0.1109895557165145,-0.15024134516716,-0.0490884482860565,0,-0.0070921094156801,0.0507652051746845,0.0162043217569589,0
1.1650663614273071,0.2743982374668121,9.055771827697754,0.6844176054000854,-0.0606049783527851,0.5250858068466187,1,-0.1887333840131759,0.011368554085493,1.1159192323684692,1,-0.0091322194784879,0.0088621424511075,0.2426661998033523,0,0.8652932643890381,-0.0381377637386322,0.4932503700256347,0,-0.5613576769828796,0.2312331348657608,2.4673168659210205,1,-0.0126377530395984,0.2253032475709915,1.546241044998169,1,0.8208332061767578,-0.060050182044506,0.4202435910701751,0,-0.4212181270122528,-0.0379720330238342,2.0047872066497803,1,-0.0123986285179853,-0.005603892263025,0.240261897444725,0
0.2585707306861877,-0.316220611333847,7.450637340545654,-0.09586663544178,0.0206247866153717,1.9537947177886963,1,0.0356293469667434,0.0702005922794342,-0.0409590415656566,0,-0.0009128222591243,0.0103693064302206,0.0299526695162057,0,0.2211364805698394,-0.3584887087345123,5.16201114654541,1,0.0109795713797211,-0.0219294186681509,0.0579800382256507,0,-0.0013505081878975,0.0052393353544175,0.0141784595325589,0,0.0041049323044717,-0.1011852696537971,0.2268407344818115,0,0.0902657061815261,0.0667104423046112,0.0394793227314949,0,-0.0054153576493263,-0.0077616777271032,0.0073598227463662,0
-2.8294591903686523,3.2040109634399414,8.515398979187012,1.6231379508972168,-0.2891504168510437,0.706932544708252,1,-0.0282511450350284,0.0961011499166488,0.4632205665111542,0,0.0279250517487525,-0.0385565310716629,0.0379262492060661,0,0.3020252287387848,-0.1733863055706024,0.2492791414260864,0,-0.3392663300037384,0.4027656018733978,4.445305347442627,1,0.0777588412165641,0.0901957899332046,1.0429691076278689,1,-0.0013155955821275,0.0981247425079345,0.0509305037558078,0,-4.494155883789063,3.0209896564483643,1.5657988786697388,1,0.0026827719993889,-0.0030727952253073,-0.0469641275703907,0
1.3023940324783323,-3.9283792972564697,15.793240547180176,-0.0069531300105154,-0.0021305405534803,-0.0092029701918363,0,0.0659989938139915,-1.8847168684005735,8.0150728225708,1,-0.0003154203586746,-0.0057528549805283,-0.0489067398011684,0,9.568053792463616e-05,-0.0031834433320909,-0.006565564777702,0,0.1480790078639984,-1.4295655488967896,3.5027453899383545,1,0.0267868898808956,0.0079859867691993,0.0153544126078486,0,-0.0062988512217998,0.2284091413021087,-0.0232810415327548,0,1.0731991529464722,-0.8034217357635498,4.375176906585693,1,0.0018017494585365,-0.0360033065080642,-0.0271520838141441,0
-0.0784711390733718,-0.9932042956352234,5.59305477142334,0.2804087698459625,-0.09945959597826,0.326074868440628,0,-1.3822405338287354,-0.3948934972286224,1.258312463760376,1,0.0046555818989872,-0.0065252929925918,-0.0132330227643251,0,0.8906307816505432,-0.1331252157688141,1.191972732543945,1,-0.3145151138305664,-0.3296217620372772,2.379480123519897,1,0.0094795254990458,0.0007878964534029,-0.0211000200361013,0,0.716766893863678,0.1323817074298858,0.3086487650871277,0,-0.2652583718299866,-0.1752454936504364,0.1683983206748962,0,-0.0183986611664295,0.012496979907155,-0.0054990472272038,0
-0.8170996308326721,0.7957437038421631,21.66593170166016,0.9188671112060548,0.335359513759613,2.092514991760254,1,-2.058310508728028,0.0201310440897941,3.536797523498535,1,0.001877314527519,-0.0280671287328004,-0.0425135605037212,0,1.3295528888702393,-0.2507047057151794,3.498626232147217,1,0.1513429433107376,0.7435531616210938,7.580220699310303,1,0.0140310768038034,0.0095293363556265,0.0001440467312932,0,0.1941728740930557,-0.0300463568419218,0.6079815626144409,1,-1.36813485622406,-0.0549475811421871,4.438839912414551,1,-0.0004985033301636,0.0509364306926727,-0.0466808415949344,0
-0.415056824684143,-0.7192853689193726,6.105558395385742,-0.0102456538006663,0.0071135307662189,-0.0217306949198246,0,-0.2178717106580734,-0.2187234312295913,2.6245052814483643,1,0.0063104024156928,-0.0189825743436813,-0.018792962655425,0,-0.0051007610745728,0.0008122486760839,-0.0438929460942745,0,0.1248305141925811,-0.5651094317436218,3.094916582107544,1,0.0051860022358596,0.0026394997257739,-0.0021572951227426,0,0.0034005562774837,-0.0041586901061236,-0.0071315523236989,0,0.0086672930046916,0.0022273373324424,-0.0395792573690414,0,-0.3302334547042846,0.0748961716890335,0.5194212794303894,1
-4.443890571594238,-9.655258178710938,9.463093757629396,0.0219699591398239,-0.0157010089606046,0.0490807183086872,0,1.7862836122512815,-1.8387809991836548,1.8845624923706052,1,-0.4918124079704284,0.09699197858572,0.1515828669071197,0,0.0004678586847148,-0.0027235364541411,0.0105740940198302,0,0.3662221133708954,-0.0798974111676216,0.7932500243186951,1,-0.9084026217460632,-0.0529553145170211,2.079707622528076,1,0.0066148927435278,-0.0099958572536706,0.1003883853554725,0,0.0448688305914402,-0.1115394085645675,0.004518340807408,0,-5.2701029777526855,-7.6406569480896,4.389429092407227,1
0.1500394940376281,-0.9583441615104676,11.854345321655272,-0.0304950345307588,0.0195424295961856,-0.0136490538716316,0,-1.9369362592697144,-1.4831222295761108,7.951537132263184,1,-0.0115471389144659,0.0012189268600195,0.0095040276646614,0,0.3526520133018493,0.2776972651481628,0.3760582208633423,0,-0.2968970835208893,-0.5815478563308716,1.032982349395752,1,-0.0128286378458142,-0.0051805926486849,0.0043288869783282,0,2.090606212615967,0.8092828392982483,2.5845606327056885,1,0.0035791166592389,0.0081811547279357,-0.0777595862746238,0,-0.0080938572064042,-0.0044161481782794,-0.0132157513871788,0
-1.82373571395874,1.2186806201934814,13.435379028320312,0.330496996641159,-0.4390751719474792,1.923757076263428,1,-2.045084953308105,0.4318015277385711,2.3520212173461914,1,0.1760214865207672,0.0771241262555122,-1.305257797241211,0,0.8018690347671509,-0.1103644967079162,2.1528220176696777,1,-0.0036842282861471,0.1333180516958236,3.010293483734131,1,0.0037074009887874,0.0060819759964942,-0.0239654723554849,0,0.162870243191719,-0.1173027232289314,0.5854318141937256,1,-1.2409231662750244,1.246772527694702,4.791370868682861,1,-0.0090085715055465,-0.009675158187747,-0.051093578338623,0
0.2150252014398574,1.4960463047027588,15.643841743469238,-0.0070217903703451,0.0003380240232218,0.001701507368125,0,-0.1307151764631271,0.0267945080995559,-0.0882374197244644,0,-1.2885627746582031,2.126969575881958,7.531075477600098,1,0.0085057923570275,0.0020492379553616,-0.0031981302890926,0,0.4566366076469421,0.1127241104841232,0.7508617639541626,1,-1.0931787490844729,-0.7131214141845703,3.94678258895874,1,0.0562959425151348,0.0232134610414505,-0.0863483101129531,0,2.364451169967652,-0.0631197392940521,3.2874016761779785,1,-0.1513858884572982,-0.0198013763874769,0.3038017749786377,0
-0.6653905510902405,-1.374420166015625,18.3663272857666,-0.8311935663223267,0.2288988679647445,8.088883399963379,1,-0.0179958008229732,0.0223395880311727,-0.0157896075397729,0,-0.000614037096966,0.0099889086559414,-0.0257018972188234,0,0.3330465257167816,-1.4757472276687622,10.07577133178711,1,-0.0079403053969144,-0.016460832208395,-0.0210925620049238,0,-0.0009253317257389,-0.0105003733187913,-0.0155512392520904,0,0.0104222083464264,-0.1026360988616943,0.0135431913658976,0,-0.1425095796585083,-0.0244334451854228,0.2431121915578842,0,-0.0076807015575468,-0.0058695264160633,0.0231511536985635,0
0.8046236634254456,-0.9903806447982788,12.321106910705566,-0.4934290945529938,-0.2946037650108337,9.14333152770996,1,-0.0169526580721139,0.0098009342327713,-0.0397740676999092,0,-0.0001128598232753,-0.000278136023553,0.0255564246326684,0,1.5381922721862793,-0.7617582678794861,2.0642261505126958,1,-0.0143460780382156,0.0209756605327129,0.3451931774616241,0,0.0249072555452585,0.0218492150306701,0.098307691514492,0,0.0382697135210037,-0.0028581053484231,0.0402025803923606,0,-0.2748281061649322,0.0207322426140308,0.6520248651504517,1,0.0029231836088001,-0.0042404658161103,-0.0079612862318754,0
3.829558849334717,1.16912841796875,16.921865463256836,-0.0098110940307378,0.0055163418874144,0.0240887403488159,0,1.935280561447144,1.3525018692016602,5.406209468841553,1,-0.0051310244016349,0.000169838531292,0.0214485917240381,0,0.0038530563469976,-0.0004822553019039,-0.0836810618638992,0,-0.2115387469530105,-1.1077343225479126,7.4047651290893555,1,-0.0078024519607424,0.0052400017157197,-0.0193589739501476,0,2.107349157333374,0.8934804201126099,4.179076671600342,1,0.0168965831398963,0.0087880119681358,-0.027744673192501,0,0.0004628005845006,0.0116485310718417,0.017060725018382,0
0.8083302974700928,-1.4847358465194702,14.229779243469238,0.0602196417748928,-0.014397912658751,-0.0649811923503875,0,0.6925128698348999,-0.6550306081771851,7.845541954040527,1,-0.0050199655815958,-0.005846417043358,-0.0221313573420047,0,0.0099639501422643,-0.001651981845498,0.043271068483591,0,1.4955681562423706,-0.9455908536911012,4.521890640258789,1,-0.0277188662439584,-0.0146673340350389,0.0148975010961294,0,0.0086345421150326,-0.0046007689088582,0.0012738981749862,0,0.2989205121994018,-0.2066073268651962,0.4206564426422119,0,-1.7247507572174072,0.3636574745178222,1.469360589981079,1
-0.0291685666888952,-0.2872435450553894,20.82008934020996,0.0039947372861206,-0.0098229255527257,-0.0191674958914518,0,0.4233013093471527,1.6666561365127563,1.549125075340271,1,-0.2990396916866302,-0.521145224571228,1.9345000982284544,1,0.0589378103613853,0.1295095235109329,0.0080652823671698,0,-0.5682598352432251,-1.9378790855407717,9.800047874450684,1,0.0243066418915987,-0.0045932051725685,-0.0116855958476662,0,0.348392128944397,0.4084198772907257,7.485677242279053,1,-0.0228697955608367,-0.0221854336559772,0.0768350288271904,0,0.0020681123714894,0.003796772332862,-0.0033088366035372,0
-1.32828950881958,-0.8073880672454834,7.73927640914917,-0.008149042725563,0.0156096965074539,0.0159686170518398,0,-0.0686208307743072,0.4087183177471161,1.69820237159729,1,0.0001334148400928,0.003908906597644,0.0359703563153743,0,0.0044186292216181,-0.0144908223301172,0.0603231266140937,0,-0.7937706112861633,-1.020362377166748,3.13726019859314,1,0.0112603520974516,0.0047223740257322,-0.025942925363779,0,-0.4782460927963257,-0.2081928551197052,2.829583168029785,1,0.0003124572394881,-0.0020298808813095,-0.0089922584593296,0,0.0043722661212086,0.0047285770997405,-0.0030960366129875,0
-0.7296534180641174,0.9859338402748108,9.722651481628418,0.3780942857265472,0.0322435945272445,0.6119783520698547,1,-0.6415774822235107,0.643519401550293,1.2113217115402222,1,0.0078917723149061,-0.014184002764523,-0.0167831275612115,0,0.3588092923164367,0.0450673475861549,0.4416678547859192,0,-0.3550518453121185,0.2156842201948166,4.8246378898620605,1,0.1034034714102745,0.0806399062275886,1.3196321725845337,1,0.0119488313794136,0.120871402323246,0.0085029657930135,0,-0.5811066627502441,-0.1678673774003982,1.3865222930908203,1,-0.0120651042088866,0.0299592278897762,-0.0648290067911148,0
-0.1867439001798629,-0.8779481649398804,8.227018356323242,0.1333604007959365,0.0392379984259605,-0.0411807559430599,0,0.2154919505119323,-0.9940884113311768,3.4529433250427246,1,0.005451610777527,0.0062936078757047,-0.0897202342748642,0,0.0025311743374913,-0.0028688830789178,0.0083008864894509,0,0.0418866649270057,-0.2851218283176422,-0.1655063778162002,0,-0.1858219355344772,0.0508136861026287,1.223135232925415,1,-0.0033948486670851,-0.0416976772248744,-0.0492545180022716,0,-0.041113406419754,0.1071592941880226,-0.0312526598572731,0,-0.3551355004310608,0.2423240840435028,3.9195539951324463,1
0.2103504687547683,-0.5431112051010132,8.339957237243652,-0.0069285775534808,0.0036830210592597,-4.045765672344714e-05,0,-0.0077023361809551,0.0093374010175466,-0.0494048818945884,0,-0.0027918401174247,-0.0105775659903883,-0.0043411194346845,0,0.0019930326379835,-0.0004612991469912,0.0006437912234105,0,0.0477058924734592,-0.7009233236312866,7.901729583740234,1,-0.0026853310409933,-0.0038964482955634,-0.0124669400975108,0,0.1781322062015533,0.1620845347642898,0.5319603681564331,1,0.0017919046804308,0.001796701690182,-0.0038466502446681,0,0.0008355150348506,-0.0041542151011526,-0.0242756586521863,0
2.700679540634156,1.483809471130371,20.50038146972656,2.610236167907715,-0.4318746924400329,6.123906135559082,1,-0.0241897199302911,0.138463407754898,0.0370626598596572,0,0.004367736633867,-0.0161257144063711,-0.0527478978037834,0,1.1819241046905518,-0.699029266834259,1.979708433151245,1,0.2153929769992828,1.0863158702850342,5.056288242340088,1,0.0064230766147375,-0.0045192213729023,-0.0038077814970165,0,0.000857394945342,0.0264776702970266,0.0211122836917638,0,-1.3346314430236816,1.4120882749557495,7.287423133850098,1,0.0402991846203804,-0.0279868841171264,0.051435749977827,0
1.46086585521698,-0.1831080168485641,12.7338228225708,2.020486354827881,2.6980109214782715,1.7786920070648191,1,-0.1646338999271392,-0.7515966296195984,1.300448298454285,1,-0.0008059062529355,0.0020921088289469,-0.0099137714132666,0,-0.3977300822734833,-2.2356507778167725,8.279199600219727,1,0.0060420739464461,0.0544185824692249,0.7647081017494202,1,-0.0001437118335161,0.0655435547232627,0.4585712850093841,0,-0.0133071830496191,-0.0048482702113687,0.0178230702877044,0,0.0117538990452885,-0.0106681212782859,0.1468843519687652,0,-0.0007956716581247,-0.0004093153402209,-0.0025901340413838,0
2.8576102256774902,0.6292184591293335,6.916739463806152,0.0760227367281913,0.0027380737010389,0.0099435560405254,0,0.9134796857833862,-0.3395646810531616,0.3555209040641784,0,-0.0760128274559974,0.1338391900062561,0.945042848587036,1,-0.0016668440075591,0.0056558758951723,0.0060498737730085,0,1.4163416624069214,0.993087649345398,4.438811302185059,1,0.0084562208503484,0.0004086772969458,0.0021900166757404,0,0.0005327045801095,0.0474269278347492,-0.0194163117557764,0,0.5271438956260681,-0.2194082587957382,1.2010867595672607,1,-0.0066868169233202,0.0050350707024335,-0.0224895551800727,0
-0.0811825394630432,0.0630906075239181,0.371031641960144,-0.0325212962925434,-0.0100440941751003,0.0059639257378876,0,-0.0771711617708206,0.1389981508255005,0.0622325539588928,0,0.0101700639352202,-0.0083451038226485,0.0134088136255741,0,-0.0101387100294232,0.0043959920294582,0.0006936235004104,0,0.0321281515061855,-0.0235393643379211,0.1644128113985061,0,-0.0057142181321978,0.0018501672893762,0.0012862689327448,0,-0.006696299649775,0.0890545472502708,-0.0286979153752326,0,0.0228487327694892,-0.1348515003919601,0.128603309392929,0,-0.0140878148376941,0.0055718128569424,0.0231282450258731,0
1.5628817081451416,0.6530558466911316,10.265266418457031,0.0184135027229785,-0.0016037012683227,0.0012984471395611,0,0.55830979347229,0.3132765293121338,0.9720464944839478,1,-0.5796559453010559,-0.0662214756011962,0.8809482455253601,1,0.008706372231245,0.0429500788450241,0.6926272511482239,1,1.04869282245636,0.2930122017860412,2.8770878314971924,1,-0.6042355298995972,0.1005672290921211,2.7320427894592285,1,0.0138808358460664,-0.0012775583891198,-0.0105046294629573,0,1.2616642713546753,-0.0470337606966495,1.634403944015503,1,-0.1628943830728531,0.0193863604217767,0.4853148460388183,0
0.4031751155853271,2.1074986457824707,14.169102668762209,-0.0069429227150976,0.0063642389141023,0.0135294366627931,0,0.8758780360221863,2.5128097534179688,3.198917865753174,1,-0.0041083567775785,-0.0066770324483513,-0.0347115620970726,0,0.1797970384359359,0.2639099657535553,0.4130319058895111,0,-0.3457765877246856,-1.3259735107421875,5.18288516998291,1,0.0034737177193164,0.0049654426984488,-0.0174756255000829,0,-0.3148841261863708,0.6554208993911743,5.440775394439697,1,0.0191173423081636,-0.0026830702554434,-0.0231279823929071,0,-0.0033789917360991,-0.0006380779668688,-0.0047226441092789,0
0.5983942151069641,1.011137843132019,9.03618621826172,0.0126599026843905,-0.0030758851207792,-0.0297107305377721,0,0.5860657095909119,0.3654762208461761,0.6542484164237976,1,-0.0188462976366281,-0.0215491149574518,0.0175898410379886,0,0.0005993220838718,0.006950142327696,-0.0608388930559158,0,1.480467438697815,1.1131477355957031,5.476513862609863,1,0.0010969536378979,0.0002843129332177,-0.0140805998817086,0,0.0060371672734618,-0.0005753514706157,-0.0037398466374725,0,-1.4632172584533691,-0.4595720767974853,2.9926974773406982,1,-0.0064686848782002,0.0100518697872757,0.0035068267025053,0
1.0251243114471436,-0.9604554176330566,12.136673927307127,0.0069069997407495,-0.0004635061777662,0.0112145813181996,0,-0.8253448009490967,-0.8208688497543335,6.641871929168701,1,-0.007510794326663,0.0103014791384339,0.0705026313662529,0,0.7823458313941956,0.0639549568295478,0.6207548379898071,1,-0.732566237449646,-0.2539207935333252,2.324737548828125,1,-0.0135514698922634,0.0001531962043372,-0.012288755737245,0,1.8120148181915283,0.0528779700398445,2.489064693450928,1,0.0012034381506964,-0.003270013956353,0.0274222735315561,0,0.0016265882877632,-0.0092198038473725,-0.0366049781441688,0
0.4564994275569916,-1.3437786102294922,21.846071243286133,0.0704346075654029,-0.2896664440631866,4.394699573516846,1,0.0024781457614153,-0.0061475210823118,-0.0011004871921613,0,0.0036425327416509,-0.0089412350207567,-0.0610315762460231,0,0.7764104604721069,-1.3788994550704956,3.726447105407715,1,-0.7278320789337158,1.2691587209701538,1.7867995500564575,1,-0.0164974853396415,-0.0240600481629371,0.0300117805600166,0,-0.000504661235027,-0.0024617409799247,-0.0187343060970306,0,0.3493817448616028,-0.8983616828918457,12.024946212768556,1,-0.0010138164507225,-0.0043991650454699,-0.0359659343957901,0
2.3328144550323486,0.1612648665904998,11.637667655944824,0.0050405007787048,0.00199332437478,-0.0117139937356114,0,0.6379313468933105,0.1202371716499328,3.334775924682617,1,0.0026155521627515,-0.009093115106225,-0.0644557625055313,0,-0.0050364020280539,-0.0019048408139497,-0.0437752194702625,0,2.028031587600708,0.0508695915341377,3.9506256580352783,1,-0.3000024259090423,0.0513796545565128,0.8480736613273621,1,-0.0002416712231934,-0.0024385307915508,-0.000196640015929,0,0.5437720417976379,-0.2825930118560791,1.504942774772644,1,-0.5792961120605469,0.2328146249055862,2.11939024925232,1
0.9272077679634094,-2.420534133911133,7.160741806030273,0.5570499300956726,-0.457198292016983,1.7601503133773804,1,-0.6628139019012451,-0.9914205074310304,3.021899461746216,1,0.0003914955595973,-0.0045937313698232,-0.0461533293128013,0,1.204883694648743,-0.7366774082183838,1.879812717437744,1,-0.1406243741512298,-0.2329842150211334,0.543303906917572,1,-0.0085340943187475,0.0037419917061924,-0.0082892468199133,0,0.0018299189396202,0.0035723384935408,0.0143824750557541,0,-0.0338381826877594,0.0048160087317228,0.0336672216653823,0,0.0088632814586162,-0.0097901187837123,-0.0380312763154506,0
2.2692129611968994,-0.2017072439193725,20.45173072814941,-0.0778117701411247,0.0062671755440533,-0.0946449935436248,0,1.2086633443832395,-0.8566605448722839,10.612338066101074,1,-0.0019046299858018,0.0100817084312438,-0.0204846803098917,0,1.0676627159118652,0.5252492427825928,9.992630004882812,1,-0.0009895436232909,0.0211468525230884,-0.0500204339623451,0,0.0096355741843581,-0.0037581059150397,0.0143330115824937,0,0.0290590748190879,-0.0583180226385593,0.0865702629089355,0,0.0156270246952772,0.1912877708673477,-0.0562650561332702,0,0.0192708373069763,-0.0370033606886863,-0.0327264443039894,0
3.259364366531372,2.202223300933838,15.540550231933594,0.0153062427416443,-0.0067663602530956,-0.0391908846795558,0,2.9115588665008545,-0.3355539441108703,7.096539974212647,1,-0.2250276505947113,0.4417281150817871,0.3479724526405334,0,0.0003037392161786,-0.0014948864700272,0.0041531561873853,0,0.0041800518520176,0.0193973761051893,-0.0912496522068977,0,0.432949423789978,2.081949234008789,7.989487648010254,1,0.0011701941257342,-0.0018978479783982,-0.0198608692735433,0,0.0028288711328059,0.0079752504825592,-0.0194953866302967,0,0.1160946786403656,-0.0031137452460825,0.272193968296051,0
-0.1576948761940002,0.5830047726631165,6.934658050537109,0.2990675568580627,-0.1092116236686706,1.0272293090820312,1,-0.4656283855438232,0.7524234056472778,1.0506672859191897,1,0.0002365677355555,-0.0129491239786148,-0.0631344467401504,0,0.5052058100700378,-0.1174761280417442,1.4929872751235962,1,-0.0474206209182739,0.1854642182588577,2.091071844100952,1,0.0037905687931925,0.0025578292552381,0.0046241749078035,0,-0.0033248409163206,-0.0531281568109989,-0.0324113108217716,0,-0.4990030825138092,-0.0347478985786438,1.3239260911941528,1,0.0493815578520298,-0.0299277305603027,0.039697241038084,0
-0.368938684463501,-0.0528189241886138,9.186933517456056,1.0578985214233398,-0.8160666823387146,1.7708783149719238,1,-0.365384966135025,0.8057976961135864,1.113208293914795,1,-0.0171979181468486,-0.0101770116016268,-0.0289336889982223,0,0.4153523445129394,-0.4546381533145904,1.0143382549285889,1,-0.0268298462033271,0.1162620559334755,2.856700897216797,1,0.0076083824969828,0.0040497942827641,-0.0074992417357862,0,0.0049258647486567,-0.030361570417881,-0.0064430236816406,0,-1.4523282051086426,0.3061036467552185,2.4711616039276123,1,0.0070171463303267,0.0262112896889448,0.0035221897996962,0
0.5233005285263062,-0.6679652333259583,10.632492065429688,0.0224673245102167,0.0083859805017709,-0.0456354171037673,0,-0.0011429392034187,-0.0077816192060709,-0.0116838412359356,0,0.6288993954658508,-0.3566378951072693,7.506225109100342,1,0.0008871514000929,0.007967434823513,0.0085086748003959,0,-0.0018514360999688,0.0150481285527348,-0.0082712527364492,0,-0.6380550861358643,-0.5395727753639221,2.4771177768707275,1,-0.01175073441118,0.0015750329475849,0.0165269300341606,0,0.5234851837158203,0.2023449838161468,0.6984797716140747,1,0.0003617044712882,0.0007055473979562,-0.0087755322456359,0
-0.3007103204727173,-1.164716124534607,8.108589172363281,-0.0925222635269165,-0.0270271338522434,0.0319412052631378,0,-0.1781667470932006,-0.5571296811103821,6.007636547088623,1,-0.0022865529172122,-0.0236740764230489,-0.0741067826747894,0,0.0011834267061203,0.0002261513727717,-0.0059599820524454,0,0.3347662985324859,-0.6380800604820251,1.047581434249878,1,-0.0012500307057052,0.0085227582603693,0.0200576074421405,0,-0.0019442994380369,0.1174936965107917,-0.0057931588962674,0,0.0517158396542072,-0.012481196783483,0.0324835404753685,0,-0.4122059941291809,-0.032566525042057,1.05474853515625,1
0.7960526943206787,-0.4820761084556579,15.816844940185549,0.0212628245353698,0.0169801395386457,-0.0183663740754127,0,0.7283624410629272,0.8275226950645447,2.355483055114746,1,-0.2996150553226471,0.0851790532469749,1.5285615921020508,1,0.0042289406992495,-0.0086510144174098,-0.0300663486123085,0,0.3480399549007416,-1.9580341577529907,11.095919609069824,1,0.0123534612357616,0.0133263058960437,0.0136069972068071,0,0.1182096526026725,0.5513678789138794,0.7714307904243469,1,-0.1370412856340408,-0.0648791417479515,0.1109965965151786,0,0.000251732795732,0.0551121123135089,-0.0107211479917168,0
-0.922047793865204,0.6609145998954773,12.775433540344238,1.4692468643188477,-0.3198491334915161,6.3638529777526855,1,-0.0133256446570158,-0.0322971083223819,-0.0036888099275529,0,0.0009963884949684,-0.0096598900854587,0.00216750591062,0,0.6578182578086853,-1.0071125030517578,5.110069751739502,1,-0.0230538360774517,0.0620122700929641,-0.0025338826235383,0,0.0030606850050389,-0.0030916996765881,0.0011972491629421,0,-0.0370247103273868,-0.1631476730108261,0.1136782839894294,0,-2.97170352935791,2.1095402240753174,1.1642208099365234,1,-0.0080620786175131,0.0245200991630554,0.0264704208821058,0
-0.7050977945327759,-0.7173103094100952,9.220203399658203,-0.0311570577323436,-0.011900233104825,0.0098232710734009,0,1.3008493185043335,-1.280556082725525,1.7316431999206543,1,-2.0217440128326416,1.0149495601654053,2.0075552463531494,1,0.0185615643858909,0.0683499574661254,0.321927934885025,0,0.6731129288673401,-0.2913107573986053,1.6493803262710571,1,-0.6967887878417969,0.0697646811604499,2.856200695037842,1,0.0097879953682422,-0.1949584782123565,0.0291298609226942,0,0.1260307133197784,-0.0846316516399383,0.5451526641845703,1,-0.0837505087256431,-0.0070172809064388,0.0693901553750038,0
2.224759578704834,1.3779971599578855,21.3477840423584,-0.1958373486995697,0.3688056766986847,6.608615875244141,1,-0.0177248325198888,0.0499890223145484,-0.0809807777404785,0,0.0009973477572202,-0.0037427602801471,0.0107169160619378,0,0.2165907472372055,-0.0655643790960311,0.4484728276729584,0,0.7410492300987244,1.462215542793274,6.113897800445557,1,0.0152557082474231,0.0016623109113425,0.0607680901885032,0,-0.0077801845036447,0.0332838557660579,-0.0386614315211772,0,1.4770128726959229,-0.4935092329978943,8.226651191711426,1,-0.0048038256354629,0.024857310578227,-0.0016970669385045,0
0.1320147514343261,1.1238354444503784,16.94057273864746,0.2023298740386963,0.3224422037601471,0.3084464073181152,0,-1.2533663511276243,0.020319091156125,5.09948205947876,1,-0.0012674393365159,-0.0103049548342823,-0.0033818664960563,0,1.323099136352539,0.1495261937379837,3.626016616821289,1,0.2130214422941208,0.3794797360897064,5.100887775421143,1,0.0074116941541433,0.0113991908729076,-0.0117188496515154,0,0.2592533528804779,0.3360937833786011,1.0331653356552124,1,-0.6131401658058167,-0.1053495407104492,1.8255174160003664,1,-0.0053268009796738,0.0202296804636716,-0.0378426797688007,0
3.551533460617065,0.2458508908748626,13.020644187927246,0.0770742744207382,0.9835362434387208,4.861940860748291,1,-0.0082118166610598,-0.0115380017086863,-0.016907799988985,0,0.0046105575747787,-0.016431275755167,-0.0395532511174678,0,0.7618517279624939,-0.8745362162590027,1.1709306240081787,1,-1.1952277421951294,3.2585785388946533,1.9933902025222776,1,0.0108721638098359,-0.0030164315830916,-0.0262077823281288,0,0.0087243421003222,-0.004681943450123,-0.0109084835276007,0,4.049075126647949,-3.322765350341797,4.799707889556885,1,-0.15723517537117,0.2367053925991058,0.2882517576217651,0
0.1550127118825912,0.1237192898988723,6.154646396636963,0.0005299454205669,-0.0121479723602533,-0.0433715246617794,0,0.0033744357060641,-0.0292433593422174,0.0088845919817686,0,-2.02054762840271,-0.7506619691848755,2.520500421524048,1,-0.0008510491461493,0.0042097745463252,-0.0210345555096864,0,0.5972743034362793,0.4837488532066345,1.1183803081512451,1,-0.4541065990924835,-0.2315969914197921,0.6079855561256409,1,0.008389021269977,-0.006631595082581,-0.0207552947103977,0,2.0182132720947266,0.676629900932312,2.035313844680786,1,0.002737152390182,-0.0105873178690671,-0.051256738603115,0
-0.2318553775548935,0.7873486876487732,5.70883846282959,0.0669050142168998,0.0606107823550701,0.0589803382754325,0,-0.8535275459289551,-0.1543680280447006,1.4355710744857788,1,0.0082658920437097,0.0085482634603977,-0.0381295718252658,0,0.8019993305206299,0.2137366980314254,0.2525970637798309,0,-0.5880255103111267,0.324588805437088,1.8071671724319456,1,-0.0041476488113403,0.1186683550477027,1.0008763074874878,1,0.5274063348770142,0.1515762954950332,0.2544229924678802,0,-0.1885398179292678,0.0741897523403167,0.9680882692337036,1,-0.002191447187215,-0.0102022178471088,-0.0307356286793947,0
0.5070866346359253,-0.361257404088974,9.054853439331056,1.5629366636276243,-0.4484911262989044,1.286112666130066,1,-0.0043892008252441,0.0212732721120119,0.5529136657714844,1,-0.012018441222608,-0.0029539442621171,0.0102788750082254,0,0.8978162407875061,-0.1249944940209388,0.3496670424938202,0,-0.3706236183643341,0.1301843672990799,1.8329482078552248,1,-0.0299577508121728,0.1091803088784217,1.3089404106140137,1,0.2315476536750793,-0.026038758456707,0.053048301488161,0,-1.7604659795761108,-0.0118387602269649,3.5937514305114746,1,-0.0077588530257344,-0.0075782290659844,0.0671927779912948,0
1.0797487497329712,-0.2217279374599456,5.98091459274292,0.0011090909829363,0.0060313497669994,0.002175232861191,0,0.1912128925323486,0.1024183705449104,0.4140484631061554,0,-0.399859607219696,-0.2066386938095092,1.4255528450012207,1,0.0030526884365826,0.0032627927139401,-0.022110529243946,0,1.0646817684173584,0.1123701855540275,2.119449615478516,1,-0.1534189134836197,-0.1268765479326248,1.0308866500854492,1,0.0053336764685809,-0.0041362303309142,-0.0026264889165759,0,0.3957502543926239,-0.0598145574331283,0.7766817808151245,1,-0.0281131062656641,-0.048344612121582,0.2368570268154144,0
-1.0191196203231812,0.094119481742382,7.329214096069336,-0.0241057127714157,0.0181538052856922,0.0315931513905525,0,0.3760442733764648,0.2481959909200668,1.1435071229934692,1,-0.3901269137859344,-0.0479760020971298,0.4770898818969726,0,-0.0071357325650751,0.0057846480049192,-0.0560910366475582,0,0.8550323843955994,0.1395312547683715,2.1442906856536865,1,-0.9993550181388856,-0.1182098463177681,1.4885187149047852,1,-0.0043373047374188,0.001185352099128,0.0015442644944414,0,0.2723406553268432,-0.0797262489795684,0.5044080018997192,1,-1.0974762439727783,-0.0728194788098335,1.594353437423706,1
-0.2238280773162841,0.9455302357673644,6.750041484832764,0.0136090042069554,0.1410437971353531,-0.2025200873613357,0,0.4355111718177795,-0.0236946661025285,-0.1036826223134994,0,-1.972337245941162,1.3523552417755127,3.422983407974243,1,0.006540544796735,0.0002957445394713,-0.0091024963185191,0,0.462915301322937,-0.2582213878631592,1.2410173416137695,1,-0.2515670955181122,-0.2734830677509308,0.93397855758667,1,0.0049902480095624,0.024107526987791,0.043649461120367,0,1.0938241481781006,-0.0158822424709796,1.2100043296813965,1,-0.0173140689730644,-0.0009907259372994,0.2137129455804824,0
0.9573861956596376,0.1927348673343658,15.900572776794434,0.0042923935689032,0.0021947266068309,-0.0006154086440801,0,-0.56035315990448,-0.9275216460227966,6.370303630828857,1,-0.00255469372496,-3.0755913030589e-05,-0.0218831319361925,0,1.1189597845077517,0.3274941444396972,3.468005418777466,1,-0.1513350754976272,-0.017221201211214,0.6718224883079529,1,-0.0044350321404635,-0.0031700138933956,0.021207608282566,0,0.5711573958396912,0.8188357353210449,5.290905952453613,1,-0.0220126304775476,-0.0176062490791082,0.0747205317020416,0,0.003667248878628,0.0097601497545838,0.0261063184589147,0
0.714988648891449,-0.8547015190124512,6.686702251434326,0.045468833297491,-3.8847745599923655e-05,-0.2325540333986282,0,0.3299993574619293,-0.5955765843391418,3.086899757385254,1,-0.0192609075456857,-0.0120817013084888,-0.002445594407618,0,-0.0025486354716122,0.0048675187863409,0.0019749351777136,0,0.2473422884941101,0.0074347141198813,2.108874082565308,1,-0.0004838802269659,-0.0003121939662378,0.0103524448350071,0,-0.015110713429749,0.0836710035800933,-0.0928890779614448,0,0.1669170707464218,-0.3830461204051971,1.8873361349105835,1,-0.0373347178101539,0.0403807014226913,-0.0808462724089622,0
0.1697127223014831,-1.1300328969955444,16.37726402282715,0.0111904861405491,-0.0010510097490623,-0.0245777759701013,0,-0.0055152857676148,-0.0147895980626344,0.0006097264704294,0,0.6074220538139343,-0.2476405352354049,8.541287422180176,1,-0.0028723459690809,-0.0025886320509016,-0.0472612343728542,0,-0.0048805186524987,-0.0039208508096635,0.0218705795705318,0,-1.5419957637786863,-1.2756822109222412,6.437538623809815,1,0.0006784459110349,0.0024663142394274,-0.0020828819833695,0,1.1053467988967896,0.3991692662239074,1.430802822113037,1,0.0003389138146303,0.0140043376013636,0.0190758872777223,0
0.3348106741905212,-0.5933585166931152,6.39206600189209,0.0321240983903408,-0.0071628997102379,-0.0510031655430793,0,-0.2916378676891327,-0.0091713098809123,2.732874631881714,1,-0.0061557358130812,-0.009113528765738,-0.0224938504397869,0,0.0052663148380815,-0.0020141364075243,-0.0214714314788579,0,0.7626469731330872,-0.371851235628128,3.295743227005005,1,-0.0018914747051894,-0.0209078881889581,0.0222885198891162,0,0.000501116795931,-0.0054315445013344,-0.0183027889579534,0,0.0426080301403999,-0.0915088802576065,0.1857078224420547,0,-0.2086506932973861,-0.0761970728635788,0.2687232494354248,0
0.3941843509674072,-0.4273925423622131,10.513094902038574,-0.0664127618074417,0.0137667963281273,0.0102754309773445,0,0.0037111337296664,0.0307890400290489,0.0173691976815462,0,0.2329048216342926,-0.1881255060434341,4.7761664390563965,1,-0.0029844769742339,0.0028396076522767,0.0279349945485591,0,0.0027898589614778,0.035720270127058,0.1060182601213455,0,-0.0500245690345764,-0.0358542799949646,1.541108250617981,1,0.0015457746339961,-0.1367752254009246,0.0288672000169754,0,0.292850524187088,-0.1809809356927871,4.065638542175293,1,-0.0201959665864706,0.0312277004122734,-0.0602830834686756,0
0.6600159406661987,0.5786048173904419,7.831608295440674,0.0037907804362475,-0.0011936401715502,-0.0522593669593334,0,-0.0028494095895439,0.0165410116314888,-0.0429100058972835,0,-0.1437958478927612,-0.1621841639280319,1.8417001962661743,1,-0.0001557054783916,-0.003542685881257,-0.0238667018711566,0,0.8256323337554932,0.7132982611656189,3.4937312602996826,1,0.0095301810652017,0.0040083862841129,-0.0325362309813499,0,-0.0048894425854086,0.0033749095164239,-0.0017762203933671,0,-0.0324751250445842,0.0008695560391061,2.645814895629883,1,0.0052281627431511,0.0074331350624561,0.0037100745830684,0
0.0847555994987487,0.2366941571235656,5.371821880340576,0.0146009074524044,0.0014869719743728,-0.0394907519221305,0,0.0591127127408981,0.0292567145079374,0.0446474626660347,0,-0.0012436432298272,0.0034712476190179,0.0465223304927349,0,0.0023161058779805,-0.0009995657019317,0.0184635799378156,0,0.2394211888313293,0.0499795787036418,3.628976821899414,1,-0.0140457600355148,-0.0058582169003784,-0.0098335817456245,0,-0.0071101146750152,0.0082213431596755,-0.0010543168755248,0,-0.2086286842823028,0.1516466438770294,1.6709039211273191,1,0.0003329238970763,-0.0005105413729324,0.01268613897264,0
1.0548882484436035,4.722031116485596,20.548593521118164,2.082295179367065,-0.1975505650043487,1.8599159717559812,1,-0.5192237496376038,2.953809261322021,1.853641390800476,1,-0.0063715032301843,-0.0067292638123035,-0.0399123392999172,0,1.2555092573165894,-0.7339834570884705,2.455105781555176,1,0.4968145191669464,0.8073746562004089,6.685929298400879,1,0.0119721721857786,0.01887665130198,0.0309479422867298,0,0.0421161912381649,-0.0159848053008317,-0.085035927593708,0,-2.250830173492432,1.7799850702285769,7.858199119567871,1,-0.0573935881257057,0.1162338554859161,-0.0701970532536506,0
0.9254302382469176,0.1882748007774353,6.915247917175293,0.0155651969835162,0.0058732172474265,0.0039603631012141,0,0.0529135502874851,0.09269580245018,0.0745327472686767,0,0.0126304915174841,-0.0071828556247055,0.0464834608137607,0,0.0002801823720801,0.0008768521947786,-0.0043614753521978,0,0.5110045671463013,0.2571403086185455,2.556303739547729,1,0.0044844388030469,0.0041528912261128,-0.0015543687622994,0,-0.0056440494954586,-0.1461917608976364,-0.0137033583596348,0,0.3274780511856079,-0.0784185081720352,4.308809757232666,1,0.0067178141325712,0.0593288540840148,-0.055223137140274,0
0.9808239340782166,0.0094295106828212,16.31968879699707,0.2351147979497909,-0.326635867357254,1.2369580268859863,1,-0.0007454629521816,-0.0066925180144608,0.0006259935908019,0,-0.0013713397784158,-0.0045611299574375,0.0228442642837762,0,0.0031600003130733,-0.0010984407272189,-0.0247075259685516,0,-1.8037320375442505,1.7591768503189087,6.922804355621338,1,-0.0032722675241529,-0.0151975508779287,0.0130002917721867,0,0.0036287158727645,-0.0057576443068683,-0.0179583374410867,0,2.546791315078736,-1.3647516965866089,8.237580299377441,1,0.0012502111494541,-0.0250524915754795,-0.0714595466852188,0
0.7309123873710632,-0.207883208990097,4.684086799621582,0.7075849175453186,-0.203237235546112,1.0237523317337036,1,-0.0013028914108872,0.0023413337767124,0.172197163105011,0,-0.000814797647763,-0.0053015393204987,0.0204227101057767,0,0.7778418064117432,-0.1858951300382614,0.2058771550655365,0,-0.3248316049575805,0.0904062017798423,1.2221815586090088,1,0.00127366441302,0.0671097710728645,0.6331802606582642,1,0.4477972686290741,-0.0415008813142776,0.1228743195533752,0,-0.8716593980789185,0.0782255381345748,1.3093106746673584,1,-0.0049765454605221,-0.010031240992248,-0.0257092472165823,0
0.0399713665246963,-0.2582510113716125,6.259816646575928,-0.0014912268379703,-0.000979101168923,-0.0083343219012022,0,-0.0025491958949714,0.0036758903879672,-0.0363572277128696,0,-0.0024544140323996,-0.1158768311142921,3.960276365280152,1,0.0010789203224703,-0.002108451211825,0.0246753804385662,0,-0.0011845775879919,0.0194165743887424,-0.0436070598661899,0,-0.1657326370477676,-0.2596108913421631,1.5205562114715576,1,0.0038167738821357,-0.0041707255877554,-0.0216981042176485,0,0.202204018831253,0.0900066420435905,0.8565260171890259,1,0.0062837162986397,0.0113958613947033,0.0077789146453142,0
1.0766234397888184,-2.0294079780578613,15.72979736328125,0.0451479665935039,-0.0547240264713764,0.0486377365887165,0,0.9676966667175292,-0.9787535667419434,8.19552993774414,1,-0.0026443616952747,-0.0175389181822538,-0.0418088138103485,0,0.0062790741212666,-0.0120857199653983,0.0060299108736217,0,0.0883707851171493,-0.3526112139225006,-0.3019664287567138,0,-0.294350266456604,0.3738633692264557,3.919600486755371,1,0.0082958983257412,0.0044185314327478,0.0379983894526958,0,0.0429126508533954,0.0099219921976327,0.0350521281361579,0,0.2149150371551513,-1.0018984079360962,3.830724477767944,1
-1.275334358215332,4.758957862854004,6.674827098846436,-0.015500153414905,-0.0038486905395984,-0.0189623609185218,0,-2.3908205032348637,1.5308640003204346,1.6850481033325195,1,0.0233010947704315,0.0015164547367021,0.0089784152805805,0,0.5003966093063354,0.110457144677639,0.3155936896800995,0,-0.4913752377033233,0.0261251330375671,5.169118881225586,1,0.1070905402302742,0.0890820100903511,1.391258716583252,1,0.9653498530387878,3.083110809326172,-2.3750007152557373,0,-0.037070844322443,-0.1128439083695411,0.4964235126972198,0,0.0632943287491798,0.0344948880374431,0.0023692951072007,0
-0.8242180347442627,-0.2330514341592788,9.420246124267578,0.0099918916821479,1.453728964406764e-05,-0.0078753242269158,0,0.6768254041671753,-0.363829493522644,1.875446081161499,1,-0.005006450228393,0.0041271606460213,0.0231269430369138,0,-0.0021147062070667,0.0017340535996481,0.0163739249110221,0,0.0140011627227067,-0.0004267283948138,-0.1135423928499221,0,-0.4358569085597992,0.0283894538879394,1.096686840057373,1,-0.0048908852040767,0.0075112003833055,0.0067046131007373,0,0.0054785683751106,0.0053449245169758,-0.0305718760937452,0,-1.082646131515503,0.0840834528207779,6.553897857666016,1
1.9853349924087524,1.1173841953277588,8.287775993347168,-0.0269786641001701,0.0179921239614486,-0.0173946563154459,0,0.0038227539043873,0.0571424923837184,-0.0579138733446598,0,-0.1685584038496017,-0.325495958328247,2.451550245285034,1,0.0055257994681596,-0.0011732644634321,-0.0142460064962506,0,-0.0058309822343289,0.0719266757369041,-0.0269518475979566,0,0.2008265405893325,0.0255187600851058,4.215158462524414,1,0.0006923274486325,0.0269716419279575,-0.0427951142191886,0,1.9950792789459229,1.197718620300293,1.802006959915161,1,-0.0192436166107654,0.0467830710113048,-0.0216379147022962,0
1.191933274269104,-4.406076431274414,12.826966285705566,-0.0375529155135154,-0.0072497595101594,-0.0221322737634181,0,0.5925824046134949,-1.9142850637435915,6.184817314147949,1,0.0030350324232131,-0.0243383962661027,-0.0395568832755088,0,-0.0047296988777816,-0.0007831224356777,-0.0136745385825634,0,0.2881730794906616,-1.3063703775405884,3.0618929862976074,1,0.0165167171508073,0.0082357684150338,-0.0115757221356034,0,-0.0019314335659146,0.0640722140669822,0.012718572281301,0,0.3410621881484985,-1.2051438093185425,3.683957815170288,1,-0.0052221822552382,-0.0202139820903539,-0.029481278732419,0
1.7891392707824707,1.2290265560150146,13.597090721130373,3.009969711303711,4.543120384216309,4.067863941192627,1,-0.0847161337733268,0.1342179775238037,0.1814928501844406,0,0.0023219741415232,-0.0160034261643886,0.0287951696664094,0,-0.707998514175415,-3.1254541873931885,7.927797794342041,1,-0.0024537725839763,0.0029836690519005,0.029257133603096,0,-0.0077924490906298,-0.002994327340275,0.0037374508101493,0,-0.4136635065078735,-0.3283394277095794,1.3528025150299072,1,0.0053389747627079,0.0167715121060609,-0.0029174806550145,0,-0.0118670035153627,0.0047242115251719,0.0082612438127398,0
-2.7898197174072266,5.45459508895874,18.7664737701416,-0.0061023193411529,0.0033710950519889,0.0056420364417135,0,-0.0055410377681255,0.0069408067502081,-0.0201876107603311,0,-8.539239883422852,1.5665732622146606,10.242938995361328,1,0.0002351457515032,0.002268185140565,-0.0353376157581806,0,2.031989574432373,2.576124668121338,2.8400650024414062,1,-1.6477419137954712,-1.5966213941574097,3.29721999168396,1,0.0076783075928688,-0.0018959892913699,-0.0188262276351451,0,5.3633131980896,2.8975698947906494,2.4549925327301025,1,0.0055888947099447,0.0002647751825861,-3.5153909266227856e-05,0
2.434164524078369,2.1023285388946533,8.179533958435059,-0.0074134548194706,0.0059062587097287,0.0113203208893537,0,0.0086873825639486,0.0041322037577629,-0.0033455060329288,0,0.0051703979261219,-0.0040249107405543,-0.0390143916010856,0,-0.2306878417730331,1.2825268507003784,1.2900398969650269,1,0.0033475807867944,0.0451601259410381,-0.0728821456432342,0,0.0016481488710269,0.022334637120366,-0.0539187230169773,0,2.703531503677368,-0.1426275670528412,6.38995885848999,1,-0.05305190756917,0.8688098192214966,0.6072785258293152,1,0.0029327105730772,0.0201111603528261,0.0500976927578449,0
1.337636113166809,-3.9346301555633545,12.52873992919922,0.732799768447876,-0.8725974559783936,3.1688756942749023,1,-0.3915312886238098,-0.2801811397075653,0.7917490601539612,1,-0.0040366547182202,-0.0087499106302857,-0.0699764266610145,0,1.7785719633102417,-0.8239331841468811,0.9496370553970336,1,-1.1625105142593384,-0.6341651678085327,2.380594491958618,1,-0.0045136930420994,-0.0020295996218919,-0.0087758637964725,0,2.1802189350128174,-0.5841595530509949,0.5356222987174988,1,-1.789635181427002,-0.7360024452209473,4.788142681121826,1,-0.0017271831165999,0.007188522722572,-0.0071283597499132,0
0.2121796309947967,-0.1256125271320343,6.515928268432617,-0.2749755382537842,0.0851481035351753,3.584678888320923,1,-8.155093382811174e-05,-0.0053216717205941,-0.008123617619276,0,0.0032613747753202,-0.0072519653476774,0.0082791969180107,0,0.5042381882667542,-0.2102968990802765,2.908129930496216,1,0.0001999047672143,0.0018326212884858,-0.009332432411611,0,-0.0063454671762883,-0.0005914720823056,-0.0138649614527821,0,-0.0059550162404775,0.0036665773950517,0.0004653137293644,0,-0.0127664860337972,-0.0054633752442896,0.01868930272758,0,0.0046041836030781,0.012665550224483,0.0270068682730197,0
-0.3158171772956848,-1.1361031532287598,12.40883445739746,0.0157186817377805,-0.0096885710954666,0.0002068501053145,0,-0.2316735535860061,-0.3854653835296631,6.0732421875,1,-0.0016599893569946,-0.0238069333136081,-0.0648381039500236,0,0.0049933241680264,0.0069623431190848,-0.030221339315176,0,0.5477156639099121,-0.7550524473190308,5.204669952392578,1,0.0226993169635534,0.0172022320330142,0.009251644834876,0,-0.0104377856478095,-0.1095273271203041,-0.0545113570988178,0,0.0276349820196628,-0.3912776708602905,0.5511509776115417,1,-0.6908078193664551,0.514550507068634,0.7198833227157593,1
-0.0344695262610912,-0.8929186463356018,12.542040824890137,0.0114955911412835,-0.0052260681986808,-0.0123912952840328,0,-0.0123539250344038,0.0075454427860677,-0.0227968022227287,0,0.3406492471694946,0.1542579531669616,3.464712619781494,1,0.0031192512251436,-0.0008466368890367,0.0049482393078505,0,0.0150276729837059,0.0177883673459291,-0.1473130285739898,0,-1.0658209323883057,-1.583959698677063,7.397642135620117,1,0.0055521349422633,-0.0023530987091362,0.0071591106243431,0,0.6684650182723999,0.5101278424263,1.8420376777648928,1,-0.0006035375408828,0.0097472518682479,0.0080418633297085,0
-0.2438710629940033,2.329099655151367,12.164517402648926,0.0636989176273346,-0.0050043631345033,0.0121265212073922,0,-1.0332368612289429,1.7362734079360962,2.491424083709717,1,0.0159058216959238,-0.0402499921619892,0.0323663912713527,0,0.5142606496810913,0.0468957796692848,0.764960765838623,1,-0.128749668598175,0.4526830911636352,6.119208812713623,1,0.1508606523275375,0.1129728853702545,1.9962483644485476,1,0.4641981720924377,0.0658585205674171,-0.3359739780426025,0,-0.2879509031772613,-0.0980659276247024,1.0616554021835327,1,-0.0028578031342476,0.0577359683811664,0.022501902654767,0
-3.709415197372437,-1.9364148378372192,20.692947387695312,0.0152160311117768,-0.0015419037081301,0.0088207805529236,0,0.1435419768095016,1.6880552768707275,2.234104633331299,1,-0.5035597085952759,-0.3946283459663391,0.8176323175430298,1,-0.0137039003893733,-0.0071406043134629,-0.0084626963362097,0,-2.315797805786133,-2.535593032836914,11.348084449768066,1,-0.0035463380627334,-0.000328672787873,-0.0271690785884857,0,-1.0339514017105105,-0.675620436668396,6.396603107452393,1,0.0041481717489659,0.0016070501878857,-0.0604549944400787,0,-0.0017624966567382,-0.0112242987379431,-0.0162108857184648,0
1.0012855529785156,4.477978706359863,18.388166427612305,-0.0424284674227237,0.0167730879038572,0.0165117997676134,0,0.1626626998186111,0.4013911187648773,0.7405005097389221,1,-1.3465665578842163,-0.1736781299114227,2.975015878677368,1,-0.000869499577675,0.0055570462718605,-0.01120210532099,0,2.0895824432373047,4.813338756561279,12.515982627868652,1,0.0228581894189119,0.0083489678800106,0.0241234637796878,0,0.0010337564162909,0.0399911180138587,-0.0208175554871559,0,0.1229565143585205,-0.6726678013801575,2.1670918464660645,1,-0.0079436367377638,0.0389250852167606,-0.019041534513235,0
0.8676145672798157,-0.475302517414093,23.53453063964844,0.2923424243927002,-0.637499213218689,9.6012601852417,1,0.0111509235575795,0.007995375432074,0.0069355960004031,0,0.0009910695953294,-0.0232339110225439,-0.073825217783451,0,0.2828803956508636,-0.2086992859840393,0.4790480434894562,0,-0.3313076198101043,0.5139071345329285,0.2653058469295501,0,-0.0061027989722788,0.003404667135328,-0.0229423362761735,0,0.0081988787278532,-0.0047387876547873,-0.0215465985238552,0,0.6187410354614258,-0.1256781071424484,13.307121276855469,1,-0.009279740974307,-0.0007604336715303,-0.0068235443904995,0
-0.8246663212776184,-1.3978861570358276,16.952804565429688,0.0083263674750924,-0.0041811722330749,-0.0157818756997585,0,0.0007123159011825,0.0032123916316777,-0.0112338196486234,0,0.3305237591266632,0.3598257899284363,4.368125915527344,1,-0.0015629869885742,0.0034090378321707,-0.047785684466362,0,0.0082158530130982,0.0157766640186309,-0.0964281260967254,0,-1.0642307996749878,-1.6327852010726929,12.394309997558594,1,0.0079728793352842,0.0014809881104156,-0.0065820887684822,0,-0.0054319649934768,-0.0069025480188429,0.0538725405931472,0,-0.1091917529702186,-0.1377220004796981,0.3143079876899719,0
-0.2108494788408279,1.3336448669433594,11.654814720153809,0.4562604129314422,-0.0484733246266841,0.8768312931060791,1,-0.4009753167629242,0.4796969294548034,1.209799885749817,1,0.0025694498326629,-0.0036826054565608,-0.0441715978085994,0,0.3123053014278412,0.0018667809199541,0.3731982707977295,0,0.1758026182651519,0.5293933749198914,6.100976467132568,1,0.0985079556703567,0.0820822939276695,1.3662256002426147,1,0.004068131558597,0.1574998497962951,0.0220968425273895,0,-0.8644111156463623,0.1259400248527526,1.7978465557098389,1,0.0050231032073497,0.0093214828521013,-0.0479874685406684,0
0.4988352358341217,-0.2121698409318924,8.828516960144043,0.4915387630462646,0.0582303367555141,2.4374032020568848,1,-0.0008425152627751,0.0006619859486818,-0.0039690523408353,0,0.0025564096868038,0.0108300354331731,0.0184818431735038,0,0.3068539500236511,-0.2231730222702026,0.6663410663604736,1,-0.2066973745822906,0.2506209909915924,0.5127406716346741,1,0.0016730255447328,0.0037032861728221,0.0972732380032539,0,-0.0011262201005592,-0.0027219946496188,-0.0041109435260295,0,-0.0918847173452377,-0.3015293180942535,5.122099876403809,1,-0.0032361410558223,-0.0087921405211091,-0.0177430678158998,0
-0.2193289548158645,2.595960855484009,12.478277206420898,0.0188861563801765,0.0142091568559408,-0.0305847134441137,0,-0.9320454001426696,1.666698336601257,3.171941041946411,1,-0.0080123078078031,-0.0379956550896167,0.0427870191633701,0,0.3067623674869537,0.0374550484120845,0.5548221468925476,1,-0.2475174814462661,0.2437619268894195,6.205777645111084,1,0.1364493668079376,0.0878996476531028,1.8807523250579836,1,0.3693021237850189,0.7704494595527649,0.0266786068677902,0,0.0916327536106109,-0.2373704612255096,0.5829743146896362,1,0.0452135019004344,0.0508534908294677,0.0431281253695488,0
2.649181365966797,-1.2997153997421265,6.995001792907715,0.0030048501212149,-0.0177707653492689,-0.0140279354527592,0,0.8153756260871887,-0.5668535232543945,4.614732265472412,1,0.0017975473310798,0.0007360583986155,-0.0187400951981544,0,0.238860934972763,0.0049082082696259,0.2343556880950927,0,0.0110847828909754,-0.6343768239021301,0.5489562153816223,1,0.0096125630661845,0.0061921798624098,0.008770908229053,0,1.585432767868042,-0.1356070786714553,1.5548393726348877,1,-0.034138023853302,0.0089558251202106,0.047975730150938,0,0.0181499738246202,0.0341004766523838,0.018139611929655,0
0.2160263955593109,-0.0582399107515811,5.411166667938232,0.0165089629590511,0.00320017314516,-0.017688900232315,0,0.0045785917900502,0.0113787036389112,-0.0034562475048005,0,-0.1909505128860473,-0.3830790519714355,1.7735083103179932,1,0.0007582443067803,0.0026803545188158,-0.0210603158921003,0,0.3854184746742248,0.3202346563339233,3.692296266555786,1,0.0047408589161932,-0.0072302659973502,-0.0219421591609716,0,-0.0029133062344044,-0.002383982995525,0.0087270280346274,0,-0.0039841290563344,-0.0043328842148184,0.0173815302550792,0,0.0018692024750635,0.0012923807371407,-0.0165990144014358,0
1.629969358444214,0.110731616616249,6.386813163757324,1.8820600509643557,-0.3880900740623474,0.773466944694519,1,-0.0793610662221908,0.0297703742980957,0.5587714910507202,1,0.0015881444560363,0.0121839102357625,0.0106557738035917,0,1.3404568433761597,-0.4394508898258209,0.8161956667900085,1,-0.77956223487854,0.5585293769836426,1.3553686141967771,1,-0.0040353727526962,0.0045917532406747,0.0029029792640358,0,0.6241059303283691,-0.217144563794136,1.1709736585617063,1,-1.3567174673080444,0.5421072840690613,1.6941472291946411,1,0.0014346927637234,0.0082344841212034,0.0043312949128448,0
0.1975698322057724,-0.2478634864091873,9.786519050598145,0.4762963652610779,0.7507940530776978,2.986593723297119,1,0.0070096771232783,-0.003312453161925,0.0247319266200065,0,0.0033440475817769,-0.0001826682710088,-0.0064150197431445,0,-0.2595803737640381,-1.0040054321289062,6.760205268859863,1,-0.0025171590968966,0.0028100947383791,0.0195016767829656,0,-0.0123366778716444,-0.000456443085568,-0.0146370381116867,0,-0.0113996677100658,0.0009755666251294,0.0264077689498662,0,-0.0016858419403433,-0.0021631710696965,-0.0128587745130062,0,-0.0015605601947754,0.0076770056039094,0.0029883931856602,0
2.7083539962768555,-3.49231505393982,14.950116157531738,0.0009635820752009,-0.004436170682311,-0.0107079092413187,0,1.2469574213027954,-1.8648483753204343,9.333518981933594,1,0.0050339926965534,-0.0180611368268728,-0.0712064206600189,0,0.1494664847850799,-0.0161795355379581,0.0537436194717884,0,-0.5040067434310913,-1.1880149841308594,3.204500675201416,1,0.0034146723337471,0.0112041551619768,-0.0435267798602581,0,1.7814689874649048,-0.4185895323753357,2.5416464805603027,1,0.0244420729577541,0.0038453675806522,-0.0643856674432754,0,0.0006136820884421,0.0027651449199765,0.006532706785947,0
0.3924820721149444,-0.3263971209526062,8.334049224853516,0.0070863319560885,0.0006429030327126,-0.024113630875945,0,-0.2513387501239776,-0.3449653387069702,0.6982686519622803,1,0.0058574578724801,0.007580226752907,-0.0457915440201759,0,1.2360079288482666,0.4282961189746856,4.761117935180664,1,-0.0039380816742777,-0.0167014952749013,0.0115181114524602,0,0.0041690347716212,-0.0067755351774394,-0.0168637316673994,0,-0.6132693886756897,-0.4039212763309479,2.9516255855560303,1,0.0037991928402334,0.0008334356243722,-0.005997272208333,0,0.0041083456017076,0.0086138397455215,0.0042861420661211,0
0.8539811968803406,-0.2486796677112579,5.810121536254883,0.0007874748553149,0.0071199676021933,-0.0106534985825419,0,0.1438554525375366,-0.0145231233909726,0.1254098713397979,0,-0.4824484586715698,-0.3274722993373871,2.319828987121582,1,-0.0019319748971611,0.001295258407481,-0.0365265198051929,0,0.8952476978302002,0.2584436237812042,1.5018842220306396,1,-0.1595632880926132,-0.1629313975572586,0.8887386322021484,1,0.0026049802545458,0.0032249670475721,0.0035428933333605,0,0.4496598243713379,-0.0102315535768866,1.0266531705856323,1,0.0057694208808243,-0.0036051191855221,-0.0087567074224352,0
1.9887229204177856,-0.4323001205921173,15.205140113830566,0.182522103190422,-0.2906738817691803,0.7359569072723389,1,-0.0555025376379489,-0.1312426924705505,-0.1276024878025055,0,-0.0010590148158371,-0.0235088299959898,-0.0421441793441772,0,-0.000278733234154,0.0007497183978557,-0.0051172617822885,0,0.7215934991836548,1.1415358781814575,8.363554954528809,1,0.011236285790801,0.0056861736811697,0.0134839257225394,0,0.0002417450305074,0.0835367813706398,-0.0088385343551635,0,1.1336952447891235,-1.2654892206192017,6.290535926818848,1,-0.0037256197538226,0.0471059456467628,-0.0146897053346037,0
1.4176645278930664,-0.7366303205490112,10.362104415893556,1.621609091758728,2.412811279296875,0.7839268445968628,1,-0.1922211050987243,-1.2741012573242188,2.479801177978516,1,0.0098846163600683,-0.0234133172780275,-0.0350093841552734,0,-0.0094234384596347,-1.8327056169509888,6.8273468017578125,1,0.0002125189930666,-0.0109010217711329,0.2875345051288605,0,0.0039284043014049,0.0029983401764184,-0.0220227856189012,0,-0.001668308279477,0.0021355075296014,-0.0077316779643297,0,-0.0103056160733103,-0.0121687296777963,0.0496886074542999,0,-0.0043516247533261,-0.0012855387758463,-0.0014296706067398,0
0.6863391995429993,-0.4334573745727539,15.864072799682615,0.0073304302059113,0.0005121874855831,-0.0216862019151449,0,0.679876446723938,-0.0185446422547101,10.855709075927734,1,-0.0087863402441143,-0.0015575670404359,0.0323043912649154,0,0.0087439073249697,0.005873133894056,-0.0332659296691417,0,-0.302633136510849,-0.4443812966346741,0.8264526128768921,1,0.0164703000336885,0.0085353218019008,-0.0520523749291896,0,0.290510356426239,0.0218991953879594,4.314692974090576,1,-0.001298663788475,0.0037034102715551,-0.0172735434025526,0,-0.0038741002790629,-0.0094971479848027,-0.0408067926764488,0
-0.1733577698469162,-2.4939277172088623,8.231383323669434,0.4100561439990997,-0.522093653678894,1.0068035125732422,1,0.0271884948015213,-0.0900819972157478,0.0604996494948864,0,0.0009007299086079,-0.0118554411455988,0.0303961411118507,0,0.0156519878655672,-2.6112622435903177e-05,-0.0216143298894166,0,-0.1614857167005539,-0.1267736256122589,2.36696457862854,1,0.0025488319806754,-0.0026449591387063,0.0255256332457065,0,0.0044625271111726,0.1014317795634269,0.0112046897411346,0,-0.491777628660202,-1.8925373554229736,4.800739765167236,1,0.0190968066453933,0.0506537482142448,-0.0491362176835536,0
-1.5162214040756226,-0.1487641036510467,4.874159336090088,-0.0078922715038061,0.0139608345925807,-0.0190958008170127,0,-0.1067090854048729,0.0476912036538124,0.062333595007658,0,-2.2253849506378174,0.4508202075958252,1.4885011911392212,1,0.0048467619344592,0.0017522036796435,-0.0089164255186915,0,0.2630735039710998,0.0021513090468943,0.2855978310108185,0,-0.6852479577064514,-0.2647672295570373,0.4900514781475067,0,0.0150056229904294,-0.0562347471714019,0.0588812865316867,0,1.1869937181472778,-0.3555010855197906,2.537721872329712,1,0.0390932224690914,0.0113631775602698,-0.0209155287593603,0
-0.2874779999256134,-0.5063604712486267,11.1273193359375,0.0459987223148345,-0.0944694802165031,2.0772409439086914,1,-0.0081756776198744,-0.0081960959360003,-0.0201063062995672,0,0.0072192782536149,-0.0013866921653971,-0.0340688861906528,0,-0.0257760006934404,-0.2463523149490356,5.085549831390381,1,-0.0002787246776279,-0.0005516936653293,-0.0171378497034311,0,0.018546087667346,0.0074838977307081,-0.0307671427726745,0,-0.3294192552566528,-0.1662986278533935,4.105105876922607,1,0.0044022584334015,0.0048315566964447,-0.0391164980828762,0,5.30804254594841e-06,-0.0014210457447916,0.0006191876018419,0
-0.0716082528233528,0.0114182233810424,7.75119161605835,0.0012071309611201,-0.0025369657669216,0.0120918089523911,0,-0.0125235570594668,-0.0020259637385606,-0.0221465323120355,0,-0.2248362302780151,-0.2848962843418121,3.853861331939697,1,-0.0040627615526318,0.0043905018828809,-0.0466968081891536,0,0.3861762583255768,0.3418376445770263,1.168445706367493,1,-0.1931425482034683,-0.1261002421379089,0.7829886674880981,1,-0.0111665418371558,0.0128685804083943,0.0263785906136035,0,-0.0184043124318122,0.0587830021977424,1.960769891738892,1,0.0051443008705973,0.0090979598462581,0.0154995108023285,0
0.3032841980457306,-0.3362782299518585,11.789212226867676,0.4928288757801056,-0.4101454615592956,0.684273362159729,1,0.0043511311523616,-0.0105811292305588,-0.0061458186246454,0,0.0064585865475237,-0.0009411502396687,0.0056695714592933,0,5.0495233153924346e-05,-0.0017066175350919,-0.004377260338515,0,-1.172386884689331,1.1966519355773926,5.042023658752441,1,0.0162371955811977,-0.0024820398539304,-0.0030930119100958,0,0.0024893733207136,-0.0021468834020197,-0.0259417127817869,0,0.9531410336494446,-1.1016124486923218,6.08283281326294,1,0.0001143582412623,-0.0033143588807433,0.0139699010178446,0
-0.8012222051620483,-0.1694089770317077,4.570316314697266,0.0058924527838826,-0.0041385581716895,0.0031830810476094,0,-0.0158509314060211,0.1349382847547531,0.165906548500061,0,-2.091018915176392,0.4639077484607696,1.7013636827468872,1,-0.0009823269210755,0.0031513413414359,-0.0054871863685548,0,0.5016318559646606,0.1252902597188949,1.5985983610153198,1,-1.0299407243728638,-0.6449658274650574,1.3815813064575195,1,0.0047059515491127,-0.0467196740210056,0.0005961169372312,0,1.851292848587036,-0.152724027633667,-0.4761846363544464,0,-0.0269523859024047,-0.0481485724449157,0.2007591873407364,0
1.2796316146850586,-0.3698137402534485,8.062070846557617,-0.0282100699841976,-0.0002401768433628,-0.0164375659078359,0,0.5730265974998474,0.3464562594890594,1.9118969440460205,1,0.0009035848779603,0.0017226249910891,0.0027357337530702,0,-0.0079224184155464,0.0108471661806106,-0.0149534381926059,0,0.6183483004570007,-0.3256724178791046,3.5413622856140137,1,0.007934957742691,-0.0003043118340428,0.0123008051887154,0,0.0045100864954292,-0.0908707901835441,0.0129422321915626,0,0.1063268855214119,-0.315637856721878,2.61680269241333,1,0.0047136112116277,0.0038857860490679,-0.0045790914446115,0
1.3733007907867432,2.457735061645508,4.684694766998291,-0.000434752786532,0.003556324634701,-0.0159041453152894,0,1.35975444316864,0.796665608882904,0.3934381306171417,0,0.0059366128407418,0.0116965426132082,-0.0257390048354864,0,0.0014928821474313,0.026551129296422,0.116470567882061,0,1.0772377252578735,0.6492140293121338,1.807056307792664,1,-0.4036862552165985,0.4100071489810943,1.1362926959991455,1,0.0019008802482858,-0.0074886651709675,-0.0140897994861006,0,0.3201135694980621,0.1445673108100891,0.5904514193534851,1,-0.9890143275260924,0.4229658544063568,0.6967182755470276,1
0.3667766451835632,0.4026633501052856,5.972397327423096,-0.007168548181653,-0.0045854281634092,-0.0044025275856256,0,0.1985111534595489,0.2255957573652267,3.822674989700317,1,0.0103086987510323,0.0057145408354699,-0.0292569231241941,0,0.261466920375824,0.1542509496212005,0.7253124117851257,1,-0.0258783549070358,-0.009583712555468,0.0546225979924202,0,-0.0033831405453383,0.0218114461749792,-0.0625845566391944,0,-0.0740951672196388,0.0028915153816342,1.4340182542800903,1,0.0015043943421915,-0.0043586632236838,0.0262265317142009,0,0.0055106594227254,0.010926934890449,0.0057863602414727,0
0.630104660987854,-0.5795650482177734,19.91537475585937,0.0043032919056713,-0.0014702520566061,-0.0016909501282498,0,0.0021036053076386,-0.0128172878175973,-0.0260092914104461,0,-1.0394344329833984,-1.0531712770462036,3.568589687347412,1,0.0040603941306471,0.000267490686383,0.0197811555117368,0,1.7361769676208496,0.981157124042511,4.280215740203857,1,0.002526766154915,-0.0140490243211388,-0.0113768689334392,0,0.0022054025903344,0.0024887800682336,-0.0030134692788124,0,-0.0731121897697448,-0.48462975025177,12.088085174560549,1,-0.0087251467630267,0.0026592104695737,0.0007931970176286,0
-1.7884323596954346,1.83272123336792,12.71495532989502,0.1660483628511428,0.1757159531116485,0.8315123915672302,1,-3.7646446228027344,-0.2418754696846008,2.645597457885742,1,-0.0022645737044513,-0.0083681344985961,0.0039468887262046,0,1.5621614456176758,0.2990339398384094,3.024005651473999,1,-1.0173858404159546,-0.4463802576065063,4.624468803405762,1,0.0110903112217783,0.0064525790512561,0.032073825597763,0,1.391788125038147,2.200893878936768,0.9515305757522584,1,-0.1310919672250747,-0.1554831862449646,0.6173533201217651,1,-0.0041336854919791,0.0027320606168359,-0.0155334118753671,0
0.6807510852813721,0.1294746100902557,5.95212459564209,0.0136089548468589,0.0023093475028872,0.0170671753585338,0,0.2504541277885437,0.965099036693573,0.806351900100708,1,-0.0032602692954242,0.011639354750514,0.022319059818983,0,0.0040165409445762,-0.000639249687083,0.0193638447672128,0,0.3541564643383026,-0.8170109987258911,4.982646465301514,1,0.0044920486398041,-0.0134828342124819,0.0044809114187955,0,0.0042583597823977,-0.0272691138088703,0.0453458875417709,0,0.0858109220862388,-0.0586001127958297,0.0537935309112072,0,-0.0327860563993454,0.0674292147159576,0.000756142893806,0
0.9341128468513488,-0.5148321390151978,15.837535858154297,0.0001640740374568,0.000176101035322,-0.03385990858078,0,-0.7157281041145325,-1.1577709913253784,3.817411184310913,1,0.0023826835677027,0.0083371698856353,0.0271138064563274,0,2.2473020553588867,1.200882077217102,5.576786041259766,1,0.0006156312301754,0.0061965365894138,-0.0181290339678525,0,0.017265360802412,0.0103455260396003,-0.0297200810164213,0,-0.6223998665809631,-0.5796581506729126,6.487072467803955,1,0.0003310530155431,-0.0014999050181359,0.0165034681558609,0,0.0041799349710345,-0.0018404802540317,-0.0056413705460727,0
-0.0619913041591644,-1.1817870140075684,10.958795547485352,1.663869023323059,-1.00360369682312,3.7237370014190674,1,-1.1463364362716677,-0.4646253585815429,4.086609840393066,1,-0.0041551063768565,-0.0033680766355246,-0.0226915385574102,0,0.200058028101921,0.0634930580854415,1.046126365661621,1,-0.8471760749816895,0.1369849443435669,1.6017893552780151,1,-0.0112019469961524,-0.0071057938039302,0.0333747826516628,0,0.1191498935222625,0.1043629422783851,0.4502873718738556,0,-0.0351512730121612,0.0029673217795789,0.0357695557177066,0,-0.0010474331211298,-0.0108923697844147,0.0037927629891783,0
-1.0345821380615234,1.9068257808685305,16.844409942626953,0.5108277201652527,0.0602812618017196,0.6542236804962158,1,-0.8442948460578918,1.2865333557128906,2.4086146354675293,1,0.0142962858080863,0.0023101123515516,0.3012488186359405,0,0.5947383046150208,0.0468548722565174,0.947932243347168,1,-0.7043532133102417,0.2700872719287872,7.478988170623779,1,0.1797473132610321,0.1459701061248779,2.6118054389953613,1,0.1135567277669906,-0.0437904745340347,0.1043043658137321,0,-0.932045042514801,0.054530382156372,2.159550666809082,1,0.0329446122050285,0.0840488225221633,0.1777417957782745,0
0.2397597581148147,-1.2718963623046875,4.952123641967773,0.0104624927043914,0.0090207708999514,-0.002509239828214,0,-0.13788802921772,-0.0216850060969591,0.0117239337414503,0,0.6561238765716553,-0.0793308168649673,2.1756720542907715,1,-0.0063225752674043,0.0049590882845222,0.0156658459454774,0,-0.0001975702762138,-0.0448713265359401,-0.2502849698066711,0,-0.3393515348434448,-1.189616322517395,2.94569993019104,1,-0.024129444733262,0.0598283633589744,0.1418343931436538,0,0.0792517513036727,-0.0025578374043107,-0.0915985628962516,0,0.0018108143704012,-0.007643261924386,0.0059205745346844,0
0.4838435053825378,-0.0927446037530899,7.868817329406738,0.2931390106678009,-0.3114855289459228,1.623367190361023,1,-0.0055702556855976,-0.0030480541754513,-0.0382096767425537,0,-0.0070626628585159,0.0044965585693717,0.0028338453266769,0,0.0018201797502115,-6.73893082421273e-05,-0.0038132860790938,0,-0.3087393641471863,0.8537044525146484,2.22468638420105,1,0.0243012364953756,0.0020558917894959,-0.0178149603307247,0,-0.0035111145116388,-0.000252456346061,-0.010415774770081,0,0.4932233989238739,-0.6495497226715088,4.088250160217285,1,-0.0037569077685475,0.0114016951993107,-6.66275664116256e-05,0
-0.4229576587677002,2.291382312774658,17.362138748168945,0.3842994570732116,0.0183580815792083,0.4203699231147766,0,-0.8661733865737915,1.5735584497451782,2.8302001953125,1,0.065836988389492,-0.0195034760981798,0.4546555578708648,0,0.5954005122184753,0.0177454352378845,1.085921049118042,1,-0.5156024694442749,0.453063040971756,7.278497219085693,1,0.2123209238052368,0.1328292489051818,2.910524606704712,1,0.2695414125919342,0.1272122114896774,0.009659674949944,0,-0.6416871547698975,-0.0389488972723484,2.055856943130493,1,0.0731060430407524,0.0270684733986854,0.3164538741111755,0
1.4683942794799805,0.4804696142673492,3.199488878250122,0.1429291665554046,0.1398212313652038,0.4382370710372925,0,-0.0500977113842964,-0.0058629023842513,0.0920403376221656,0,0.0002549782220739,0.0010287704644724,-0.0109058460220694,0,0.7512500882148743,0.204868659377098,0.2055281996726989,0,-0.2176564335823059,-0.0063017611391842,1.0660401582717896,1,0.0098732151091098,0.0094638122245669,0.4748794734477997,0,1.105826735496521,0.1229840740561485,0.1984505355358123,0,-0.2742490768432617,0.0150337368249893,0.7456086277961731,1,0.0002633585536386,-0.0005660220631398,-0.0103895058855414,0
0.0782758668065071,-0.4606971144676208,5.547821998596191,0.0038236323744058,0.0025862697511911,-0.0143310399726033,0,-0.113009475171566,-0.2446743994951248,2.8467917442321777,1,-0.0076899677515029,-0.0108853159472346,-0.0399392247200012,0,-0.0004912895383313,-0.0002933278155978,0.0016704151639714,0,0.164943590760231,-0.1962690949440002,2.728189706802368,1,0.0036121748853474,-0.0032142775598913,-0.0009505118359811,0,-0.0032820124179124,0.0007646427256986,0.0009228925337083,0,0.0241246204823255,-0.005723659414798,0.0303595121949911,0,0.0062445923686027,-0.0029879950452595,-0.0048918947577476,0
-0.2776882648468017,-0.0953943952918052,5.494495391845703,-0.0905019640922546,-0.0337532758712768,0.6845637559890747,1,-0.2035684734582901,-0.0787473022937774,0.0204154811799526,0,0.0008878321386873,0.0262358430773019,0.028937367722392,0,-0.2437993884086609,0.0182325206696987,3.64028263092041,1,0.0015322485705837,-0.0218255408108234,0.0530267283320426,0,0.0050343326292932,-0.0114574125036597,0.0334331169724464,0,0.2232755124568939,0.0618334971368312,1.0734786987304688,1,0.0292903166264295,-0.0114335883408784,-0.0457797348499298,0,0.0001612591731827,-0.0444791316986084,0.006137462798506,0
0.197321280837059,-0.3605498969554901,6.570877552032471,0.0005006520659662,0.0028100230265408,0.0043846927583217,0,0.2561756670475006,-0.2113911062479019,2.4550485610961914,1,0.0016775977564975,-0.0081351771950721,-0.0260238479822874,0,0.0069381357170641,0.000408269057516,0.0460260286927223,0,0.0520874075591564,-0.0400058552622795,2.6348705291748047,1,-0.0138495052233338,-0.0075766635127365,0.0253846291452646,0,0.0024929675273597,-0.0040359925478696,-0.0116677461192011,0,-0.112044483423233,-0.0989749282598495,1.4476646184921265,1,0.0033428580500185,0.0063515538349747,-0.0048098783008754,0
0.252265989780426,1.311496019363403,14.691435813903809,-0.0676048919558525,0.2049954533576965,-0.2888150215148926,0,1.4759681224822998,-0.7368841767311096,2.2518985271453857,1,-0.4555648267269134,0.3904636800289154,0.917514443397522,1,0.0116207990795373,-0.0091670798137784,0.0103619843721389,0,0.2239991575479507,-0.2956311404705047,-0.1824391484260559,0,-0.7597119212150574,0.2684816420078277,4.292605876922607,1,0.0032045610714703,-0.0211945362389087,0.0210359599441289,0,-0.0253751538693904,-0.033019907772541,-0.0438117496669292,0,-0.1542698740959167,1.5434521436691284,7.713084697723389,1
-0.0506131872534751,1.9475349187850952,20.07124137878418,0.8786785006523132,-0.1133206561207771,0.9104695916175842,1,-0.3405523896217346,0.7343652248382568,2.519573450088501,1,0.0625084489583969,-0.0350760258734226,0.5616198778152466,1,0.5347994565963745,0.0153419310227036,1.172954797744751,1,-0.3836065530776977,0.6903208494186401,8.358237266540527,1,0.2211690098047256,0.1177625432610511,3.2255024909973145,1,0.0001460135972592,0.0631921961903572,0.037931315600872,0,-1.1269177198410034,0.3854275941848755,2.795459985733032,1,0.1031620278954505,0.0895211994647979,0.489492654800415,0
0.8065310716629028,-0.5585852861404419,5.39704179763794,-0.0041104103438556,-2.131278051820118e-05,-0.0134357921779155,0,-0.4100141227245331,0.744158923625946,0.8296126127243042,1,0.0019944445230066,-0.0175952054560184,0.0014853226020932,0,-0.0034300591796636,-0.0019052122952416,0.0057756933383643,0,0.4885456264019012,-1.2621005773544312,1.7069939374923706,1,0.0076694381423294,0.0057439841330051,0.0259684119373559,0,-0.0081920139491558,0.0287332851439714,-0.0388300865888595,0,0.0088875945657491,-0.0251678079366683,-0.0425892397761344,0,0.7251805663108826,-0.0304313022643327,2.922060966491699,1
2.130570650100708,3.799712657928467,17.733428955078125,0.2839880883693695,0.031929075717926,0.5508957505226135,1,-0.4431373178958893,2.26140570640564,2.519479990005493,1,0.0038412567228078,-0.0063191433437168,-0.0418622866272926,0,0.0035185210872441,-0.0053053987212479,0.0128329135477542,0,0.6267402768135071,0.8711089491844177,7.485051155090332,1,0.0163431614637374,0.0085579017177224,0.0028671924956142,0,-0.0058979243040084,0.0651633962988853,-0.0606930665671825,0,1.6591943502426147,0.5139985084533691,7.351155757904053,1,-0.0140198180451989,0.0591737031936645,-0.086297258734703,0
-5.451023101806641,-8.761144638061523,23.185401916503903,0.0325100235641002,-0.0247282311320304,0.0689411982893943,0,2.236402988433838,-1.7612215280532837,3.152880907058716,1,-1.2435266971588137,0.4193283915519714,2.4091567993164062,1,0.1038060560822486,0.0092861326411366,1.2285784482955933,1,1.044627666473389,0.1277081966400146,3.687743186950684,1,-1.3960912227630615,0.2986823916435241,5.827162265777588,1,-0.0206774044781923,0.1422102898359298,0.0562954246997833,0,0.2976833581924438,-0.3901443481445312,2.0396158695220947,1,-6.505757808685303,-7.582265853881836,4.715028762817383,1
0.7539149522781372,-0.2866982817649841,11.88246726989746,-8.329339470947161e-05,0.0004886239184997,-0.0145232183858752,0,-0.0106581645086407,0.0082146283239126,-0.0651444718241691,0,-0.1434327512979507,-0.2033632546663284,0.3573576807975769,0,0.0007556796190328,0.0030127586796879,-0.0103207174688577,0,1.418212652206421,0.7908709645271301,5.663761615753174,1,0.0074731302447617,0.0076306606642901,-0.0525370277464389,0,0.0006787556339986,0.0003270110173616,-0.0056721894070506,0,-0.5266115069389343,-0.8967742919921875,6.028944969177246,1,0.0075804726220667,0.0028946388047188,-0.0193996969610452,0
-1.37974214553833,-0.3746428191661834,6.184976577758789,-0.0007016605813987,-0.0030754986219108,-0.0235908664762973,0,-0.5392802357673645,-0.1648333668708801,1.955887794494629,1,-0.0122277904301881,-0.0100795580074191,0.0642454102635383,0,0.0014712173724547,-0.0002123502345057,-0.0178790651261806,0,-0.6853647232055664,-0.037786029279232,3.324878931045532,1,-0.0021217758767306,-0.0098767988383769,0.0002413703477941,0,0.0058784098364412,-0.0032970169559121,-0.0087305530905723,0,-0.1513741463422775,-0.1526075303554535,0.8549340963363647,1,0.0039784773252904,0.0071253455244004,0.0349893532693386,0
-1.8329973220825195,7.495077133178711,18.9600887298584,-0.4154681861400604,0.3100999891757965,-0.59991055727005,0,1.012706637382507,-0.521451473236084,-0.2858079075813293,0,-1.5561367273330688,2.496272325515747,5.861179351806641,1,-0.0081900265067815,0.0049163768999278,-0.0106661012396216,0,0.2898621559143066,-0.2314445525407791,0.1537478864192962,0,-0.0705352574586868,0.0572003088891506,2.8418469429016118,1,0.0139743220061063,0.1671983748674392,0.0412501469254493,0,0.5768481492996216,-0.3715130984783172,0.8884036540985107,1,-1.6760584115982056,5.583798885345459,10.07004451751709,1
0.1438871324062347,-0.8209178447723389,4.96770715713501,-0.0102933589369058,-0.0067692003212869,-0.0065047913230955,0,-0.4558827877044678,-0.4080221951007843,1.359591007232666,1,-0.0010267266770824,-0.0038629285991191,-0.0355169661343097,0,0.478741317987442,-0.0160906538367271,0.6664608120918274,1,0.0019052376737818,0.0242573302239179,-0.0404786728322505,0,-0.0018709161086007,0.0002406621788395,0.0014601008733734,0,0.0867241472005844,-0.4085016250610351,3.1977107524871826,1,0.0426279082894325,0.0203825626522302,-0.1338533014059066,0,0.0029623224399983,-0.02255180478096,-0.0411616414785385,0
1.0573071241378784,-0.6671563386917114,13.56806755065918,-0.0046081733889877,0.0043246620334684,0.0034983274526894,0,0.9119503498077391,-0.3616254329681396,7.831634998321533,1,-0.0011178868589922,0.0026857347693294,0.0391344837844371,0,0.0883524119853973,6.131985719548538e-05,0.0436199754476547,0,-0.7080789804458618,-0.2996973693370819,4.814476490020752,1,-0.0120507040992379,-0.0074059003964066,0.0062814187258481,0,0.8468664288520813,0.0290844514966011,0.5389134883880615,1,-0.0629235208034515,-0.0231667254120111,0.3036713302135467,0,-0.0010828094091266,-0.0114170908927917,-0.0131631260737776,0
-0.2515006065368652,-1.6322191953659058,13.87590503692627,1.4203592538833618,0.096814826130867,1.1710126399993896,1,-2.241626262664795,-2.0720202922821045,7.051100254058838,1,0.0004128845466766,0.0104255648329854,-0.0104585113003849,0,0.8190657496452332,-0.1187758296728134,4.177658557891846,1,-0.1909202188253402,0.0817441940307617,0.2753788530826568,0,0.0027082751039415,-0.0059924740344285,0.001925071934238,0,-0.0509809553623199,0.3760148584842682,1.1783831119537354,1,-0.0041619092226028,-0.0028109846170991,0.025249358266592,0,-0.0063574039377272,0.0023808756377547,0.005655207671225,0
-0.3255109488964081,-0.7152998447418213,4.340811252593994,0.0495223216712474,0.0172380376607179,-0.0110989613458514,0,0.068134993314743,-0.0969086214900016,0.0241799987852573,0,-1.9589028358459477,0.2015578895807266,2.218634843826294,1,0.0084485076367855,0.0012083069887012,-0.0112584140151739,0,0.3413760364055633,0.1424096077680587,0.8683777451515198,1,-0.968905508518219,-0.8623730540275574,0.4498868584632873,0,0.0011919584358111,-0.0054458938539028,-0.015268544666469,0,2.1393184661865234,-0.1377638131380081,0.8596742153167725,1,-0.0056948252022266,0.0247776471078395,-0.0423163846135139,0
1.293432354927063,-0.1603737473487854,8.29820728302002,0.0347851887345314,1.1746435575332723e-06,-0.006688967347145,0,-0.9652785658836364,-0.4557672142982483,2.462336540222168,1,-0.001768217771314,-0.0147308725863695,-0.0192917957901954,0,0.7967749834060669,0.0441550575196743,0.2772886753082275,0,-0.3073988258838653,0.1209029853343963,1.89179527759552,1,0.0017426260747015,0.1407152116298675,1.2607496976852417,1,1.7270971536636353,-0.0339327044785022,1.4793579578399658,1,0.00207703653723,0.0315016843378543,0.8796525597572327,1,0.0054010222665965,0.0067809433676302,0.0730065405368805,0
-0.806869626045227,-0.3805960416793823,6.157303333282471,-0.0580078475177288,-0.017343321815133,0.0106297684833407,0,0.105108618736267,-0.0672788545489311,0.4426296055316925,0,-1.844457507133484,0.3593289852142334,1.1867671012878418,1,-0.0050124144181609,0.0053509194403886,0.0771372243762016,0,0.542556881904602,0.0380391590297222,1.922195315361023,1,-0.7693305611610413,-0.2507317960262298,1.778801441192627,1,-0.0058727492578327,-0.1128064021468162,-0.0462854281067848,0,1.7010401487350464,0.0800451636314392,-0.0090352753177285,0,-0.4728941619396209,-0.415199875831604,0.7944638133049011,1
-0.4901744127273559,-1.212448000907898,7.448686122894287,-0.032622929662466,-0.0655850246548652,2.6481823921203613,1,-0.0101740919053554,0.0144722806289792,-0.0176880918443202,0,0.0009010732755996,-0.0025829675141721,0.0360361710190773,0,-0.4563438594341278,-1.18041729927063,4.92677640914917,1,0.0010894604492932,-0.0069901510141789,-0.0279103908687829,0,-0.0014277590671554,0.0127729140222072,-0.0519834943115711,0,0.0015636124880984,0.0002669631503522,-0.0185623858124017,0,0.0072778179310262,0.005490796174854,-0.0532726496458053,0,-0.0004377177101559,0.0101245669648051,0.0071075074374675,0
0.7063151597976685,-0.1880860179662704,5.581806659698486,-0.0470864214003086,0.0484264530241489,-0.0002370867878198,0,0.1261888146400451,1.3681987524032593,1.8486963510513303,1,0.0001735002297209,0.0048566795885562,-0.0461452342569828,0,0.0010248667094856,-0.0032861118670552,-0.0043948199599981,0,0.8974763751029968,-1.8262925148010252,3.719618320465088,1,0.0139030255377292,0.0074417539872229,-0.0033114333637058,0,0.0010804117191582,-0.0678250044584274,-0.031188428401947,0,-0.0222291350364685,0.0397870689630508,-0.082893930375576,0,-0.264216274023056,0.2406068593263626,0.1816630512475967,0
-0.3171933591365814,-3.745207071304321,5.390155792236328,-0.0217179879546165,0.005789803341031,-0.0441993996500968,0,0.4403538107872009,-1.7169454097747805,1.3834301233291626,1,-0.340455561876297,0.0210098456591367,0.4911872446537018,0,0.0005575573886744,0.0089537678286433,-0.030324563384056,0,-0.0069466615095734,0.0302291307598352,-0.0313273146748542,0,-0.6873739361763,-1.1337569952011108,2.762056827545166,1,-0.0016333962557837,-0.0413752235472202,0.0058795074000954,0,0.0049225874245166,0.0029888951685279,-0.0146113829687237,0,0.2951002418994903,-0.9221007227897644,0.8680647611618042,1
-4.831319808959961,-5.868581295013428,12.53818130493164,-0.0192711800336837,-0.0057260985486209,-0.0235162563621997,0,1.0186363458633425,-0.5179468989372253,2.911048412322998,1,-0.5128424763679504,0.1249775066971778,0.4289147555828094,0,-0.0077577922493219,0.0165416039526462,-0.0306284613907337,0,0.7807413935661316,0.0331601798534393,2.0540287494659424,1,-1.6227095127105713,-0.1003161072731018,1.9240976572036743,1,-0.0053381230682134,0.0133859170600771,-0.0053006624802947,0,0.8779276609420776,-0.5669780373573303,1.1008483171463013,1,-5.340705871582031,-4.865679264068604,4.178688049316406,1
0.7274519205093384,-0.3320278227329254,3.469576835632324,0.002870027674362,-0.0044610300101339,-0.023719547316432,0,-0.3112453520298004,-0.2960193455219269,1.8228312730789185,1,0.0051212045364081,-0.0089448587968945,-0.0569791980087757,0,0.5125449299812317,-0.006279379595071,0.2806858718395233,0,-0.0996032357215881,0.0461043119430542,0.5435721278190613,1,0.0100652184337377,0.0288435146212577,0.0356957912445068,0,0.6091178059577942,-0.0917622521519661,0.8935688734054565,1,-0.0005789524875581,0.0050507197156548,-0.0045724753290414,0,-0.0008396981866098,-0.0045595248229801,-0.0215058345347642,0
-3.292257785797119,1.019078254699707,16.909635543823242,0.0335783474147319,0.0311075747013092,-0.0323825478553772,0,0.345560073852539,-0.0785659030079841,0.2687994241714477,0,-3.693896770477295,3.749964714050293,5.698222637176514,1,-0.0055641396902501,0.008437723852694,-0.0209627915173769,0,1.0572593212127686,0.3808403313159942,2.2812817096710205,1,-1.848747491836548,-1.014562726020813,3.885263919830322,1,0.0004461315693333,0.0177959911525249,-0.0422143451869487,0,2.6922621726989746,0.1117670610547065,2.814495086669922,1,-1.8731555938720703,-2.187706708908081,2.0571324825286865,1
-0.2868692874908447,-0.8021022081375122,9.181148529052734,0.0299732889980077,0.0055849542841315,-0.0151622397825121,0,0.0995275676250457,-0.060004748404026,7.199055107776076e-05,0,1.816877365112305,0.6065170168876648,0.4097837507724762,0,0.0009714566986076,-0.0018071888480335,0.0095660910010337,0,-0.0085706682875752,0.0571061670780181,0.0215074513107538,0,-0.6652182340621948,-0.6583316326141357,7.230779647827148,1,-0.0045942445285618,-0.160684660077095,-0.0158150326460599,0,-0.0203759055584669,0.0823078900575637,0.0501065216958522,0,-1.5354599952697754,-0.6727899312973022,1.490310549736023,1
-0.3622591495513916,-0.8901011943817139,14.103415489196776,-0.0031477133743464,-0.0137536078691482,0.0169817917048931,0,1.1687028408050537,-1.2951170206069946,7.249370098114014,1,-0.002519765170291,0.0002750254643615,-0.0391211435198783,0,-0.0028938606847077,0.0007640164112672,-0.0172907374799251,0,0.3204869031906128,-0.9157980680465698,0.849601686000824,1,-0.2255090177059173,0.1132457926869392,0.8021792769432068,1,-0.0082480711862444,0.0013465756783261,-0.0478816367685794,0,-0.0811796933412551,-0.0065936720930039,0.0100909238681197,0,-1.5279507637023926,1.2255299091339111,5.279485702514648,1
-2.010242462158203,1.2413758039474487,12.516345977783203,0.0146448081359267,0.0156634245067834,-0.0494877584278583,0,0.286965012550354,0.1710884869098663,1.4042506217956543,1,-2.8515846729278564,1.12440025806427,2.492128610610962,1,0.0390312112867832,0.0294342841953039,0.4997065663337707,0,0.7495499849319458,0.3453264534473419,3.097739696502685,1,-1.5163137912750244,-0.4862690567970276,3.8196921348571777,1,-0.0078342389315366,0.0847090259194374,-0.0699024349451065,0,1.4373410940170288,-0.0222355481237173,0.8773490190505981,1,-0.1620418578386306,-0.0207415428012609,0.4448691606521606,0
0.1756398677825927,-0.2268275618553161,0.7079333662986755,0.1246872395277023,-0.0093087926506996,0.4243077933788299,0,0.1273743361234665,-0.1436677128076553,0.1010163202881813,0,-0.00577276898548,0.0135977771133184,-0.0495512038469314,0,0.0024281593505293,0.010307190939784,-0.0049193096347153,0,0.024208165705204,-0.0104502001777291,0.0731280148029327,0,-0.0083994334563612,0.0093895951285958,0.0456213168799877,0,0.0057310285046696,-0.2677377760410309,0.0459484905004501,0,-0.0554343909025192,0.0851719379425048,-0.0355868376791477,0,-0.0391824729740619,0.0858704447746276,0.1079687252640724,0
0.3713456690311432,-0.2915684580802917,8.239273071289062,-0.1973062604665756,0.1313450634479522,4.179381847381592,1,0.0022533957380801,-0.0024404886644333,0.0075252330861985,0,-0.0026471903547644,-0.0052515068091452,0.0233596842736005,0,1.3630759716033936,-0.7653760313987732,3.08874249458313,1,0.005015364382416,0.0089304549619555,-0.0900619104504585,0,-0.0077016064897179,-0.0163814909756183,0.0334965512156486,0,9.475429396843538e-05,-0.0056110695004463,-0.0225674305111169,0,-0.7923029661178589,0.3914434611797333,1.090332269668579,1,0.0008641783497296,-0.0282268077135086,-0.0709349736571312,0
-1.600228786468506,5.367514610290527,11.011653900146484,-0.2256713807582855,0.3059104681015014,-0.6169527173042297,0,1.6523945331573486,-1.2380433082580566,2.3202097415924072,1,-3.061008214950561,6.023631095886231,5.547163963317871,1,-0.0037084429059177,0.0038181392010301,0.0058096251450479,0,0.4935118854045868,-0.3748214244842529,0.8890079259872437,1,-0.1904608905315399,0.2128926813602447,1.4191410541534424,1,0.0053410418331623,0.0280119832605123,0.0272629708051681,0,0.0230270698666572,-0.0610379576683044,0.0889844968914985,0,-0.2936543524265289,0.4671530127525329,1.3310271501541138,1
2.157971143722534,-0.0382377542555332,6.399775505065918,3.5578181743621826,-1.4929910898208618,2.881518840789795,1,-0.0003512583789415,0.0150972492992877,-0.0257336478680372,0,-0.0031848745420575,0.004816276486963,0.0066265873610973,0,1.247351884841919,-0.7805507779121399,1.2488517761230469,1,-0.3172626793384552,0.4432298541069031,0.1588788479566574,0,-0.0017328349640592,-0.0087538808584213,-0.0017241988098248,0,-0.0100115370005369,-0.0050309686921536,0.0052333706989884,0,-2.3120369911193848,1.800143480300903,2.169366836547852,1,-0.002618497936055,-0.0141980079934,-0.0432423055171966,0
-0.2407357543706894,-0.7348830699920654,7.725426197052002,-0.0482277311384677,-0.0080041857436299,-0.001833300688304,0,0.1860583126544952,-0.717032790184021,6.861384868621826,1,-0.010602674447,0.0086508123204112,-0.3034223318099975,0,0.0064829490147531,-0.0039030713960528,-0.0038234842941164,0,-0.1653570830821991,-0.2763205468654632,0.0557979866862297,0,0.0120549872517585,0.0007773275719955,0.0236717779189348,0,-0.0092631038278341,-0.1230907961726188,-0.0363112948834896,0,-0.0119252987205982,-0.0259255226701498,-0.0177078247070312,0,-0.1999561190605163,0.4099657535552978,1.147669792175293,1
0.2853195965290069,-0.4211318492889404,11.931912422180176,0.016265619546175,-0.0033143141772598,0.0034699719399213,0,0.1028065159916877,-0.1620833426713943,3.3266842365264893,1,-0.0011587612098082,-0.0086233895272016,-0.0357606895267963,0,0.005539630074054,0.0017713234992697,-0.0282756332308053,0,0.079235702753067,-0.0865573734045028,4.5543975830078125,1,0.0026780862826853,0.0080969128757715,-0.0133718512952327,0,0.0071864896453917,0.0030184406787157,0.0041469568386673,0,0.0774389654397964,-0.1602324396371841,4.162838459014893,1,-0.0046726674772799,-0.0132076889276504,-0.042216058820486,0
-0.1076904088258743,0.0722988247871398,5.057270050048828,0.0054129888303577,0.0025832999963313,-0.0163638293743133,0,-0.0629296526312828,0.0512017607688903,0.489335149526596,0,0.0022792913950979,-0.010434903204441,-0.0247965455055236,0,-0.0008395550539717,0.0076079242862761,-0.042723573744297,0,-0.0026531224139034,0.0450691767036914,2.2318108081817627,1,0.0030757184140384,0.0026648470666259,-0.0012188025284558,0,0.0014187635388225,0.0046812263317406,-0.0136481504887342,0,-0.0524107217788696,-0.0359633117914199,2.425733089447021,1,-0.0010441277408972,0.0048888004384934,0.0091420412063598,0
-1.2820055484771729,0.4055079221725464,8.791864395141602,0.0044592786580324,0.0026487139984965,0.0102294459939002,0,0.1662230193614959,-0.0005159206921234,0.792769730091095,1,-2.065906047821045,0.7025140523910522,2.4719908237457275,1,0.0136222392320632,-0.0034120008349418,0.1902787387371063,0,0.6196343302726746,0.1677276045083999,2.4696197509765625,1,-0.9985448122024536,-0.2223241329193115,2.362555503845215,1,0.027804959565401,-0.0832637175917625,-0.0339323915541172,0,1.1303454637527466,-0.1379361152648925,0.3554289042949676,0,-0.1796439737081527,-0.0199305340647697,0.17292420566082,0
0.905262053012848,-0.8679325580596924,19.350505828857425,0.0024268180131912,0.0016206674044951,-0.0108751868829131,0,0.1849369704723358,-0.3417407274246216,9.774349212646484,1,-0.004928863607347,-0.0042802635580301,0.0042044622823596,0,-0.0007164537091739,0.001556881587021,-0.028350181877613,0,-1.1426570415496826,-1.1453109979629517,7.022036075592041,1,0.016181631013751,0.0077596679329872,-0.0301885716617107,0,1.8519474267959597,0.6054931282997131,2.65173077583313,1,-0.0002211117534898,0.003921162802726,-0.0410425439476966,0,-0.0017073227791115,0.0030478809494525,0.0086399540305137,0
0.4774313867092132,2.192332029342652,11.237432479858398,1.461068034172058,-0.3599769175052643,0.8200533986091614,1,-0.822138249874115,2.022475481033325,1.627220869064331,1,-0.0070639844052493,-0.0214401800185441,-0.0055806282907724,0,0.4695649743080139,-0.0429210886359214,0.4414280354976654,0,-0.3048162162303924,0.3261692821979522,5.696692943572998,1,0.1115944012999534,0.119261659681797,1.5657989978790283,1,0.0018210737034678,0.189411461353302,0.0172991286963224,0,-0.4332868754863739,-0.0700113400816917,1.1080795526504517,1,0.0006882403395138,0.0293636564165353,-0.0335601344704628,0
1.423772215843201,-0.3259395360946655,11.259185791015623,0.792709469795227,-0.1852889209985733,0.0547711811959743,0,-0.416411429643631,-0.0892419666051864,2.0722436904907227,1,-0.0190609339624643,-0.0152164660394191,0.5638918876647949,1,1.1564021110534668,-0.2761552333831787,0.4286631941795349,0,-0.5797230005264282,0.3005443811416626,2.858861923217773,1,-0.0177112147212028,0.2154971212148666,2.0845775604248047,1,0.8642969131469727,-0.26654252409935,0.7160217761993408,1,-0.3272291719913482,0.019841369241476,1.9472241401672363,1,-0.0295005124062299,-0.0293772704899311,0.532930850982666,1
1.424418330192566,-1.5484049320220947,17.047332763671875,-0.0419733040034771,-0.0065570818260312,0.0238061696290969,0,0.4493546783924103,-0.5596408247947693,5.77693510055542,1,-0.0022031688131392,-0.0041464832611382,-0.011994257569313,0,-0.0016893959837034,-0.0077630979940295,0.0147790471091866,0,0.5975820422172546,-0.2930494546890259,5.730823516845703,1,0.0157591588795185,0.01359748467803,0.0239923801273107,0,-0.0046515064314007,0.0064123426564037,-0.0956911593675613,0,0.3954261541366577,-0.7751991748809814,5.620999813079834,1,0.0168138090521097,0.0779413655400276,-0.0363175608217716,0
-0.7260030508041382,-1.1211049556732178,17.50264549255371,0.0076287500560283,-0.0010495670139789,-0.0172786191105842,0,0.0074591892771422,-0.0007660525152459,0.0121904043480753,0,0.7417709231376648,0.6542837023735046,6.613194465637207,1,-0.0002033552300417,-0.0037769500631839,-0.0092262495309114,0,0.0077491793781518,0.0177224986255168,-0.1212676689028739,0,-2.599892854690552,-2.4862003326416016,8.393731117248535,1,0.0049512586556375,-0.004939068108797,-0.0143037997186183,0,1.1032180786132812,0.6953484416007996,2.652601718902588,1,0.0013157312059774,0.0082723498344421,-0.0069962586276233,0
-4.269773483276367,-4.831589698791504,9.913759231567385,-0.036527544260025,-0.0034645302221179,0.0028028290253132,0,0.9559431076049804,-0.6955655813217163,1.070216417312622,1,-0.4504790604114532,0.3591334521770477,0.8992241621017456,1,0.0039394446648657,0.0015922394813969,0.1917497217655182,0,0.5511201024055481,0.0339289493858814,2.386053562164306,1,-0.7971103191375732,0.1727369278669357,2.794612169265747,1,0.0011341352947056,-0.1619567275047302,-0.0216498412191867,0,-0.0472919233143329,-0.1349647045135498,0.327947735786438,0,-4.450501441955566,-4.403029918670654,2.262803077697754,1
-1.0790436267852783,2.814781188964844,17.74820899963379,1.0456068515777588,0.3147122263908386,1.8124005794525144,1,-1.7718918323516846,1.6154134273529053,3.0436041355133057,1,-0.0344622433185577,0.0016782253514975,-0.0122202383354306,0,1.760001540184021,-0.0574576444923877,2.176316022872925,1,-1.1030641794204712,0.0934196785092353,7.298476696014404,1,0.0043208641000092,0.0022226145956665,0.0178034044802188,0,0.8272286653518677,0.6115254163742065,-0.1316446661949157,0,-1.7969380617141724,0.1871924698352813,3.5525951385498047,1,-0.0098453108221292,0.0460749231278896,-0.0091226054355502,0
0.6664677262306213,0.085506372153759,8.238500595092773,0.0048506683669984,0.007200380321592,-0.0302865263074636,0,0.0016610659658908,0.0054404651746153,-0.0187831427901983,0,-0.3189937770366668,-0.1288475841283798,2.3563361167907715,1,0.003533691400662,-0.0015504675684496,0.0068856938742101,0,1.0003257989883425,0.6913336515426636,2.355926990509033,1,-0.0161763466894626,-0.0293970201164484,0.0548896603286266,0,-0.0135597130283713,0.0117114121094346,0.0212877746671438,0,0.0078416178002953,-0.4619906842708587,3.523530960083008,1,-0.003015368245542,-0.00839380081743,-0.0312871485948562,0
-0.7731776237487793,3.114697933197021,7.342684745788574,0.0061862119473516,0.0078463470563292,0.0128725245594978,0,-1.4406936168670654,2.005692720413208,2.437014102935791,1,-0.0004709034692496,-0.0136587843298912,-0.0227374322712421,0,0.1840064972639084,0.071050651371479,0.1879186183214187,0,-0.1836384385824203,0.2877528369426727,4.036320686340332,1,0.0777589753270149,0.0670908242464065,0.9794384241104126,1,0.546316385269165,0.6792703866958618,-0.5163949728012085,0,0.0057416991330683,-0.0266619119793176,0.2038046419620514,0,0.031615525484085,0.0363150797784328,0.0244488101452589,0
3.114391565322876,-0.7737023830413818,14.49605941772461,1.2328473329544067,-0.2154188752174377,1.9257858991622925,1,-0.8592769503593445,-0.2362662255764007,3.728671550750733,1,-0.0013135373592376,0.0029323787894099,-0.0611414350569248,0,1.7883092164993286,0.0807444229722023,0.9948728680610656,1,-0.9212501645088196,-0.0424863062798976,2.935997724533081,1,0.0054048663005232,0.0083560133352875,-0.0229127649217844,0,2.274224281311035,-0.2986257076263428,2.261148691177368,1,-0.4044978320598602,-0.0713005065917968,2.732189416885376,1,-5.568693813984282e-05,-0.001637578010559,0.00144792010542,0
2.0993239879608154,-1.7296199798583984,10.808788299560549,0.4806346893310547,-0.1343926340341568,0.211995929479599,0,-0.4778757691383362,-0.8490670919418335,5.198849678039551,1,-0.0009663712116889,0.0119010005146265,0.0145328091457486,0,1.6154310703277588,-0.2442339807748794,0.2118398398160934,0,-0.0892683640122413,-0.1145859137177467,1.904790997505188,1,0.0109259048476815,0.0056967013515532,0.0723552331328392,0,0.9537166953086852,-0.1801176369190216,0.6981624364852905,1,-0.3977781236171722,-0.229767620563507,2.515239953994751,1,0.0045041525736451,0.0049471692182123,-0.018978489562869,0
0.6766688823699951,-0.3173368871212005,4.023385047912598,0.1073201149702072,-0.0265054106712341,0.1579418629407882,0,-0.3181452453136444,-0.1630814522504806,0.8876718282699585,1,0.0073695522733032,0.0003156317106913,-0.0300617590546607,0,0.5435581207275391,-0.0371628366410732,1.1773810386657717,1,-0.1780261099338531,-0.0034049183595925,0.1772131323814392,0,-0.0014795454917475,-0.0046132206916809,-0.0160562898963689,0,0.5156666040420532,-0.0835282355546951,1.657314419746399,1,-0.0017121162964031,0.0004853644932154,0.0155230006203055,0,0.0021175045985728,0.0001582037366461,-0.0035424560774117,0
-2.4038190841674805,3.528350114822388,2.6064252853393555,-0.0437532737851142,-0.0387309715151786,0.027333116158843,0,-2.781078577041626,-0.1708171963691711,1.7594170570373535,1,0.0015379457036033,-0.0276264529675245,-0.0249572601169347,0,0.3547795712947845,-0.1421959698200225,0.3205958604812622,0,-0.6020256876945496,-0.3805243372917175,3.691642284393311,1,0.1160331144928932,0.0704560354351997,1.5389113426208496,1,0.6029568314552307,4.2909746170043945,-5.149765968322754,0,-0.0524066165089607,-0.1066890656948089,0.4599933922290802,0,0.0001377673470415,0.0335032455623149,-0.0167445372790098,0
2.710806131362915,0.1478407829999923,7.985849380493164,3.8339219093322754,-1.1140434741973877,0.9281600713729858,1,-0.1315996348857879,0.0747095644474029,0.3855583667755127,0,-0.0005753170698881,-0.008352093398571,-0.0195704102516174,0,1.865694522857666,-0.4403286278247833,0.95162171125412,1,-1.603083252906799,0.8574693202972412,1.991944670677185,1,-0.0190757121890783,-0.0121612111106514,0.0054714241996407,0,1.1388529539108276,-0.2790175080299377,1.0686476230621338,1,-2.369652271270752,1.0710686445236206,2.6903340816497803,1,-0.0036771891172975,-0.0015038945712149,-0.0163184702396392,0
0.3944250345230102,0.0614567995071411,11.595157623291016,-0.0234012473374605,0.0153343984857201,0.0215308703482151,0,-0.9832072854042052,1.054854393005371,0.8159791231155396,1,0.0066561857238411,-0.0090665640309453,-0.035438809543848,0,0.0028000981546938,0.0030494532547891,0.0145554412156343,0,-0.1632612645626068,-0.1255364269018173,7.745842933654785,1,-0.0069458754733204,0.0040053157135844,-0.0213477499783039,0,-0.0031760965939611,0.0066521605476737,0.0105830589309334,0,-0.0009909028885886,-2.736085207288852e-06,-0.0215688440948724,0,1.5659513473510742,-0.8878331780433655,3.0650219917297363,1
0.1984905004501342,0.4364246129989624,13.21827507019043,0.0025448941159993,-0.001386136515066,-0.0143826194107532,0,-0.0091502889990806,0.0310681629925966,-0.0551471188664436,0,0.252114325761795,0.438354879617691,7.30398416519165,1,-0.0072803534567356,0.0061464519239962,-0.0695727691054344,0,0.0668914020061492,0.0509072430431842,0.096452884376049,0,-0.5649619698524475,-0.7922680974006653,4.130821704864502,1,-0.0051833926700055,0.0090254778042435,0.0199423637241125,0,0.5275642275810242,0.7397518157958984,1.7583893537521362,1,-0.0640483573079109,-0.0451752394437789,0.0477863922715187,0
2.7163541316986084,1.3092046976089478,14.174784660339355,1.8160746097564695,-0.1806614995002746,2.02652645111084,1,-0.3588651418685913,1.629847526550293,1.5605839490890503,1,-0.0096808318048715,-0.0136464685201644,-4.3252155592199415e-05,0,1.368453025817871,-0.2803369462490082,2.147284984588623,1,0.2813892960548401,0.1337368339300155,4.33502197265625,1,0.0061660702340304,0.0134783620014786,-0.0132484845817089,0,0.1566431075334549,-0.0170331019908189,0.3086732029914856,0,-0.5327911972999573,-0.0114038791507482,3.860088586807251,1,-0.0110346991568803,0.0352238155901432,-0.050102524459362,0
-1.1097958087921145,1.7662097215652466,12.790870666503906,0.2385238707065582,0.0207979790866374,0.277193933725357,0,-1.8871855735778809,1.5534909963607788,2.426105737686157,1,0.0361651107668876,-0.0404015630483627,0.2068898379802703,0,0.7229296565055847,0.028777003288269,0.862529456615448,1,-0.7307103872299194,0.036514651030302,5.907459735870361,1,0.1740778237581253,0.101493701338768,2.2910122871398926,1,0.5309352874755859,0.2977883517742157,-0.4858730137348175,0,-0.239454984664917,-0.249857947230339,1.159587264060974,1,0.0449234209954738,0.0176064800471067,0.145965114235878,0
1.1549513339996338,-1.2092190980911257,8.778697967529297,0.6983432173728943,-0.5168479084968567,0.4802563190460205,0,-0.2137632668018341,-0.1354101598262787,1.328055739402771,1,-0.0138303190469741,-0.0311527047306299,0.1819561421871185,0,0.90726900100708,-0.4495866000652313,0.3952367603778839,0,-0.5167311429977417,0.0720572769641876,2.5020127296447754,1,-0.041091825813055,0.2591557204723358,1.5740256309509275,1,0.6697254180908203,-0.3005456030368805,0.339834988117218,0,-0.3114236891269684,-0.101976104080677,1.6943163871765137,1,-0.0235460586845874,-0.0049130264669656,0.2830032408237457,0
-0.1169461160898208,2.0009114742279053,10.309103965759276,0.0127662327140569,-0.0045087775215506,-0.0307714138180017,0,0.0020834503229707,0.0024658308830112,-0.0206998903304338,0,-0.2414256334304809,1.02872896194458,5.180357933044434,1,-0.0002558176056481,0.0011676424182951,-0.068374216556549,0,0.0075900559313595,0.0296596456319093,-0.107288584113121,0,-0.9226341247558594,-0.0650577694177627,3.598860502243042,1,-0.0031155545730143,0.0076987482607364,0.0125883221626281,0,1.024329662322998,0.9949544072151184,1.7393429279327393,1,0.0037156166508793,0.0058025135658681,0.0050876690074801,0
-2.611469268798828,0.1418491303920745,9.15541648864746,0.1076624244451522,0.1298432201147079,0.4658533334732055,0,-4.515405178070068,-0.7827568054199219,1.5699491500854492,1,-0.0006828175974078,-0.0020651314407587,-0.0024429322220385,0,1.2787622213363647,0.3358533680438995,2.4794654846191406,1,-0.9788070321083068,-0.6682798266410828,4.195862770080566,1,0.0110747897997498,0.0025931545533239,0.0308984778821468,0,1.5616326332092283,1.318925380706787,-0.1772160232067108,0,-0.0782756358385086,-0.2112070620059967,0.6055545806884766,1,0.0025692218914628,0.018942829221487,-0.0125087210908532,0
0.2752152681350708,-0.3621813952922821,5.530898571014404,0.0296820998191833,0.0323283039033412,0.0448248237371444,0,-0.4232021272182464,-0.3939285576343536,2.080059766769409,1,-0.0116784367710351,-0.0027872007340192,-0.0303056221455335,0,0.6978006958961487,-0.017501100897789,2.405802011489868,1,-0.0256470460444688,-0.0136204827576875,-0.0038025954272598,0,-0.0070516932755708,0.0062096966430544,-0.0138608524575829,0,0.0218123346567153,0.0301226396113634,1.0403084754943848,1,-0.0072150672785937,-0.000971627770923,0.0201296266168355,0,0.0007145032286643,-0.0020330403931438,-0.0122571559622883,0
-1.3812284469604492,-0.2599585652351379,7.477923393249512,-0.6005514860153198,0.5335100293159485,4.081418991088867,1,0.0010189249878749,0.0011132606305181,-0.0077164405956864,0,-0.0092496359720826,-0.0010564952390268,-0.0108964964747428,0,-0.7545328140258789,-0.7681835293769836,3.531978130340576,1,-0.0068068318068981,-0.0050333486869931,0.0250780899077653,0,-0.0073275030590593,-0.003310217289254,-0.0046912962570786,0,-0.000724739220459,-0.0117147117853164,-0.041214644908905,0,0.0021565726492553,0.0088807865977287,-0.0654760971665382,0,-0.0052108410745859,-0.0141643425449728,-0.0305572878569364,0
0.7605322003364563,-2.2144296169281006,14.334321975708008,0.9267576336860656,-1.275990009307861,2.4560508728027344,1,-0.0695300549268722,-0.0369192250072956,0.2067199051380157,0,-0.0015476943226531,-0.0025404032785445,0.0048689641989767,0,0.075403019785881,-0.114574022591114,0.1393103003501892,0,-0.7563917636871338,0.0865523815155029,5.00435733795166,1,0.019740380346775,-0.0012210417771711,-0.1074961721897125,0,0.0067758653312921,-0.0100816190242767,-0.0116871464997529,0,0.5594609975814819,-0.8652920126914978,6.631697177886963,1,-0.0001361830509267,0.00563645362854,0.0105010960251092,0
-0.4614402651786804,1.62651264667511,9.312678337097168,0.0190915539860725,0.0126642435789108,-0.0506326518952846,0,-0.2309629917144775,1.233649969100952,1.804187536239624,1,0.0087571749463677,0.0008630172233097,-0.0076165194623172,0,0.3530168831348419,-0.1353077888488769,0.5056285858154297,1,-0.3955604135990143,0.2166940569877624,4.982582092285156,1,0.1004751697182655,0.0426902659237384,1.29156231880188,1,0.2508977353572845,0.1746026873588562,0.0888503864407539,0,-0.5791423320770264,0.0641110241413116,0.689113438129425,1,0.0119869718328118,0.016545221209526,0.0090036243200302,0
3.002684593200684,-1.9830751419067385,10.327521324157717,-0.0078609744086861,-0.0076989410445094,0.013701194897294,0,1.6077520847320557,-1.1889687776565552,5.285711288452148,1,0.0002142490411642,-0.0270706005394458,-0.019254770129919,0,-0.0042339228093624,2.192343163187616e-05,-0.0024108872748911,0,0.8844509124755859,-0.3258776068687439,2.692490816116333,1,0.0085502080619335,-0.002726178150624,0.0087838238105177,0,0.0043044537305831,0.0196586139500141,0.1102922037243843,0,0.7303682565689087,-0.5813223719596863,2.034759998321533,1,-0.220860481262207,0.1309086829423904,0.2034485340118408,0
0.7798983454704285,0.5483734607696533,6.231694221496582,-0.0041501224040985,0.0033378871157765,-0.0132960584014654,0,0.16968534886837,0.1686609983444214,0.4177241027355194,0,-1.3872578144073486,-0.3118979632854461,0.9470632076263428,1,0.0023424699902534,0.0197464227676391,0.2318583875894546,0,1.196105718612671,0.5651025176048279,1.9399433135986328,1,-0.7644914984703064,-0.0530861914157867,1.9127668142318728,1,0.0029438755009323,0.0004881976637989,-0.0056920982897281,0,1.556873798370361,0.1651748716831207,0.8246376514434814,1,0.0078465892001986,-0.0091532450169324,-0.0233114045113325,0
0.2746287882328033,0.198381021618843,10.023569107055664,0.5092484354972839,0.1192354410886764,1.2170274257659912,1,0.0093784350901842,-0.0094102127477526,0.0223558396100997,0,0.0025900951586663,-0.0119726555421948,-0.0269198063760995,0,0.1316650509834289,-0.4911555051803589,5.535220146179199,1,-0.0043087634257972,-0.0056222830899059,0.0121056642383337,0,-0.0076795066706836,0.0057927574962377,-0.0059493230655789,0,-0.3680774569511413,0.5894114971160889,3.286936521530152,1,0.0040159919299185,0.0017258994048461,0.0003800194244831,0,-0.0022034822031855,0.0003760799882002,-0.0175863858312368,0
-1.0869853496551514,0.4113515019416809,17.863733291625977,-0.3268589377403259,0.4963774383068084,6.276793479919434,1,-0.0118329608812928,0.0154370982199907,-0.0375258810818195,0,-0.0006529329693876,-0.0055883056484162,0.012661107815802,0,0.4348482489585876,-0.4620684087276459,6.932864189147949,1,-0.2956406474113464,0.0908630490303039,0.995795965194702,1,0.0015142080374062,0.0035128330346196,-0.0235698670148849,0,0.2046698033809662,0.0102092940360307,0.2078642100095749,0,-1.10447895526886,0.2331304401159286,3.550355195999145,1,0.0114468839019536,0.0294780861586332,-0.0515058003365993,0
-0.4233615398406982,-0.639557421207428,19.498512268066406,-0.0171206146478652,0.0063460781238973,0.0250579640269279,0,0.652794361114502,-0.4342775344848633,0.9302828311920166,1,-0.1077682375907898,0.0645163878798484,0.0477502197027206,0,-0.0020138963591307,0.0018466361798346,0.0143998665735125,0,0.0176979266107082,0.0218516159802675,-0.2079954892396927,0,-2.692593097686768,0.6987665891647339,13.27394962310791,1,0.0072707282379269,-0.0062298537231981,-0.0175988748669624,0,0.004205313976854,0.0091523127630352,-0.0344806835055351,0,1.7141659259796145,-1.0015296936035156,5.467148303985596,1
1.72918438911438,0.6932339072227478,10.346587181091309,0.0065973042510449,0.0070307194255292,-0.040641501545906,0,2.0287368297576904,0.1827361732721328,1.696096658706665,1,0.0013005081564188,0.003649269696325,-0.027718836441636,0,0.0027752085588872,-0.0019592056050896,-0.000641081132926,0,2.3766088485717773,-0.5049886703491211,3.761909484863281,1,-0.549692690372467,0.4695172011852264,0.9090761542320251,1,-0.0017277695005759,-0.0032658725976943,-0.0192880164831876,0,0.4772596061229706,-0.5504952073097229,1.6395368576049805,1,-2.612673044204712,1.091009497642517,2.428257465362549,1
1.114249587059021,1.136812448501587,6.04155158996582,-0.0016193024348467,0.0041637858375906,0.0041801049374043,0,1.329515814781189,0.4450263082981109,0.2383290827274322,0,0.0059504243545234,0.0184196103364229,0.0296889320015907,0,0.0114710303023457,0.0006055847625248,0.3406004309654236,0,1.06948721408844,0.0893049836158752,2.3012149333953857,1,-0.3347082436084747,0.2476173639297485,1.3823636770248413,1,0.0012651180149987,-0.001408968004398,-0.0009317733929492,0,0.2119447886943817,-0.0380679592490196,0.9229187965393066,1,-1.179057240486145,0.371151715517044,0.8231874108314514,1
0.2912076413631439,-0.1393241137266159,13.54347038269043,0.007722346112132,0.002230217680335,-0.0278015676885843,0,0.6384304761886597,0.3454927206039428,5.683279514312744,1,0.0064467783086001,-0.0113379945978522,-0.0322164967656135,0,-0.000334824057063,0.0106901684775948,-0.0546909309923648,0,-0.6616997122764587,-0.6183130145072937,7.30134391784668,1,-0.0004781988391187,-0.0003147843526676,-0.0021165569778531,0,0.2925188243389129,0.1279394030570984,0.6580007076263428,1,0.0069334064610302,-0.0022847356740385,0.0048858569934964,0,0.0016685554292052,0.0065738693810999,0.0127849634736776,0
0.4362884759902954,0.6302146315574646,6.917255401611328,-0.2905733287334442,0.1625691056251526,2.317495107650757,1,0.4655666649341583,0.7137997150421143,-0.0975102260708808,0,0.0021635177545249,-0.0206397362053394,0.6722853779792786,1,0.3314479291439056,-0.2600335478782654,3.940393924713135,1,0.0095963450148701,0.0131694814190268,0.0789941996335983,0,-0.004177276045084,0.0049861096777021,-0.0276198294013738,0,-0.0011397935450077,-0.0644627884030342,0.0419186763465404,0,-0.0596872977912426,0.0736687108874321,0.0136461416259408,0,-0.0169082675129175,0.0071575650945305,-0.0223481059074401,0
-1.247077465057373,-0.5754421353340149,8.018400192260742,-0.0289238262921571,0.0042571634985506,-0.0062318779528141,0,0.0569992661476135,0.0720242783427238,0.0646307095885276,0,-2.9842793941497803,0.7569153904914856,2.769263982772827,1,-0.0046531972475349,0.0108425384387373,-0.0223353728652,0,0.7027002573013306,0.3498426377773285,1.7384332418441772,1,-1.5565273761749268,-1.41750168800354,1.284585952758789,1,-0.0047291866503655,-0.0713051110506057,-0.0738128647208213,0,2.617593765258789,-0.2549157440662384,2.060006856918335,1,-0.0452577956020832,-0.0256015677005052,0.203859731554985,0
0.3172434568405151,0.5355847477912903,15.039229393005373,0.4337011575698852,-0.0571000874042511,0.5506590604782104,1,-1.0930538177490234,0.5193790793418884,3.626902103424072,1,-0.0317892804741859,-0.0152182634919881,-0.0244529023766517,0,0.5576470494270325,-0.1056001409888267,0.851654052734375,1,0.5927525162696838,0.2862935066223144,4.827277183532715,1,0.0082951011136174,-0.0022889310494065,0.015337036922574,0,0.0081214243546128,-0.0212710388004779,0.0338949486613273,0,-0.13447867333889,-0.0928212478756904,5.206136703491211,1,-0.0239519979804754,0.0242119040340185,-0.0481786094605922,0
0.8059048652648926,-0.6930168867111206,7.583219051361084,-0.0378467440605163,-0.0097223399206995,0.024809144437313,0,0.160432830452919,-0.1135433241724968,2.224527359008789,1,0.0002765760291367,-0.0101630929857492,0.0004095519252587,0,0.0025503786746412,-0.0106279402971267,0.0183805283159017,0,0.42723149061203,-0.2122582495212555,3.353339910507202,1,0.0080484831705689,0.0095383375883102,0.021055856719613,0,0.0009350678883492,0.0731713250279426,-0.0635294318199157,0,0.2320586442947387,-0.4739583134651184,2.0258209705352783,1,0.0122180953621864,0.0545467063784599,-0.0215943027287721,0
1.1264899969100952,-1.0116691589355469,8.142168998718262,-0.0110933110117912,0.0078506814315915,0.00801214389503,0,0.3876466751098633,0.1233967244625091,0.9499987959861756,1,-0.941217005252838,-0.5377063155174255,2.3254523277282715,1,0.0015086742350831,-0.0035689184442162,-0.0197770986706018,0,1.6794214248657229,-0.0394609160721302,2.9821150302886963,1,-0.2089955359697342,-0.3002479970455169,1.3845078945159912,1,0.0034961367491632,-0.0069260168820619,-0.0161318331956863,0,0.2165715247392654,-0.2693252861499786,0.5055143237113953,1,-0.0008486880687996,0.0143189681693911,0.0224767196923494,0
0.0763709545135498,1.5903270244598389,9.938543319702148,0.0023020543158054,0.0063269594684243,0.0003607985272537,0,-0.0104517173022031,-0.0022161377128213,-0.0131599307060241,0,0.0029361417982727,-0.0148615343496203,-0.0541329644620418,0,0.0042426269501447,0.0028972453437745,0.0041480641812086,0,0.0003567140374798,0.0076952362433075,-0.0555852130055427,0,0.1986023783683776,2.713038682937622,3.6980113983154297,1,0.0160230323672294,-0.0200467351824045,-0.0676527023315429,0,0.8846651315689087,1.4365503787994385,0.5724676251411438,1,-1.0223053693771362,-2.5390570163726807,5.854086399078369,1
0.505148708820343,1.3970683813095093,5.635029315948486,0.0308248214423656,-0.0042925025336444,-0.066382810473442,0,-1.2524198293685913,-0.1649248749017715,1.9231703281402588,1,0.0051609026268124,0.0127478623762726,0.0173104275017976,0,0.8537082672119141,0.5394701957702637,0.1673201620578766,0,-0.3835506737232208,0.3797746300697326,1.490972876548767,1,0.0333765633404254,0.1695919632911682,0.8947972655296326,1,1.2422292232513428,0.3247869908809662,0.4729458689689636,0,-0.0300127994269132,0.1299400180578231,0.7309449315071106,1,0.0058321747928857,0.0099741630256176,0.0039500510320067,0
0.108271837234497,0.5754327178001404,9.35682201385498,0.165607750415802,0.0191914848983287,1.1164880990982056,1,-0.7260953783988953,1.018423557281494,1.5633097887039185,1,0.027843564748764,0.0065029021352529,0.0312825813889503,0,0.9269561767578124,-0.2039360851049423,2.5313289165496826,1,-0.0297414865344762,0.0343322344124317,2.7848269939422607,1,-0.0020069340243935,0.0087512042373418,-0.0156520828604698,0,0.0344831421971321,0.0316049493849277,-0.0203101653605699,0,-0.3112339079380035,-0.3473095893859863,1.337733030319214,1,0.0224589128047227,0.0078720822930336,0.0278139859437942,0
0.2130270600318908,-0.8779715299606323,9.360474586486816,0.0169896185398101,-0.004608092829585,-0.0233180299401283,0,0.1806996315717697,-0.4935508966445923,3.86979866027832,1,0.0008443923434242,0.0057293507270514,0.0012664003297686,0,0.0051841642707586,0.0010267150355502,0.011855810880661,0,0.0893379300832748,-0.1429784595966339,3.7009623050689697,1,0.0134060336276888,0.0058266553096473,-0.0103144580498337,0,0.0112535636872053,-0.0065338714048266,-0.0172891244292259,0,-0.1060841456055641,-0.2438548058271408,1.8386330604553225,1,0.0013958860654383,0.0009719265508465,-0.0111203072592616,0
0.657324492931366,-0.227752074599266,8.314807891845703,1.1492770910263062,1.270207166671753,4.81846284866333,1,-0.03746123239398,-0.2585834264755249,0.5495583415031433,1,-0.0026873899623751,0.0004518515779636,-0.021421069279313,0,-0.4578650295734405,-1.224352478981018,2.930269241333008,1,-0.0066007524728775,-0.0136048076674342,0.054557230323553,0,0.0120152998715639,-0.0059986594133079,0.0013644535792991,0,0.0008891903562471,-0.0024350981693714,-0.0135139198973774,0,0.0010087308473885,0.0018425659509375,-0.0076538464054465,0,-0.0012514542322605,0.0047208569012582,0.0031853439286351,0
0.5697327852249146,-1.6165980100631714,16.326210021972656,-0.0017501595430076,0.0440345779061317,-0.0374930053949356,0,0.0832234695553779,-0.1136520132422447,8.934409141540527,1,-0.0026976526714861,-0.0168761033564806,-0.0470036901533603,0,0.0036261354107409,-0.0096764434128999,-0.0250224359333515,0,0.9952503442764282,-2.172316074371338,1.4307796955108645,1,0.0210085343569517,0.0160159617662429,-0.0044906684197485,0,-0.0473104082047939,-0.1965241879224777,0.1084092482924461,0,0.0458846129477024,-0.0739825218915939,-0.0673825517296791,0,-0.5275020599365234,0.9063786268234252,6.034005165100098,1
0.6719594597816467,-0.4121290147304535,19.561676025390625,-0.0147360749542713,0.0156851503998041,0.0016012582927942,0,0.0606695748865604,0.0626065135002136,0.0268186945468187,0,-0.3292010426521301,-0.4683253169059753,1.9743826389312744,1,0.0012870478676632,0.0054118526168167,0.0042449398897588,0,1.5414005517959597,0.7472191452980042,6.293497562408447,1,0.0103484131395816,-0.0003035371773876,-0.0204277820885181,0,-0.0099881533533334,0.0011435335036367,0.0053262882865965,0,-0.5903013944625854,-0.7896326780319214,11.267252922058104,1,0.002480546478182,0.0140663031488657,0.0089793009683489,0
1.0619938373565674,-0.4409443736076355,20.406259536743164,1.2266695499420166,-0.6582873463630676,2.633003234863281,1,0.0056166355498135,-0.0195022486150264,0.017606558278203,0,0.0063731218688189,-0.0093778185546398,-0.0460192561149597,0,0.0038510293234139,-0.000171293184394,0.0158816613256931,0,-1.290608525276184,0.8308495879173279,2.1050944328308105,1,5.686461736331694e-05,-0.0037071569822728,-0.0135598052293062,0,0.0070677744224667,-0.0098954858258366,-0.0263403169810771,0,1.1006851196289062,-0.5485048294067383,15.7715425491333,1,0.0022821929305791,-0.0223477836698293,-0.0509495101869106,0
-2.0909628868103027,-1.827265381813049,13.316679000854492,0.2483503073453903,-0.6180141568183899,0.8539807796478271,1,-0.1677005141973495,0.2450786083936691,0.0311256870627403,0,0.0072600902058184,-0.0313937067985534,-0.0776578038930893,0,-0.0116898221895098,-0.003497279016301,-0.0176214464008808,0,-0.3079279661178589,-2.399263858795166,9.193876266479492,1,0.0224643051624298,0.0039609493687748,-0.0298929400742054,0,-0.0044940514490008,0.1262534409761428,-0.0010184979764744,0,-0.0326622910797596,-0.0272937901318073,-0.0543407425284385,0,-1.8445628881454468,0.8769043684005737,3.418226957321167,1
-0.0596854239702224,-0.3954194486141205,20.901588439941406,-0.0014322362840175,0.009293470531702,0.0124847246333956,0,-1.5557631254196167,0.3918850421905517,9.50782299041748,1,-0.0014984684530645,-0.0038147224113345,-0.0116062676534056,0,-0.0004593622579704,0.0043942872434854,-5.358616544981487e-05,0,1.3589600324630735,-0.8910806179046631,2.935978651046753,1,-0.0262760948389768,-0.0061485674232244,-0.0205346308648586,0,-0.0002664536295924,-0.0031734239310026,0.0005803470849059,0,0.0050252499058842,0.0050880005583167,-0.0439212322235107,0,0.1620249152183532,0.0981370881199836,8.52083683013916,1
0.5985999703407288,-0.8916378617286682,5.383152008056641,0.0384186096489429,-0.0118963224813342,-0.0089185079559683,0,0.7850489020347595,-0.8131088018417358,1.2589478492736816,1,0.0013783016474917,0.0079281209036707,-0.0216669496148824,0,0.0072678700089454,-0.009456792846322,0.0117344949394464,0,0.0286263450980186,0.0048672542907297,0.0879095196723938,0,-0.1459248811006546,0.1312547773122787,1.7656590938568115,1,-0.01064233481884,-0.0160034392029047,-0.0723460987210273,0,-0.0017782346112653,0.0046930131502449,-0.0063714492134749,0,-0.1037945970892906,-0.1899157166481018,2.3682045936584477,1
-1.07416033744812,-1.3976624011993408,11.6121187210083,-0.1819381713867187,0.2564460337162018,-0.3114995658397674,0,1.5141347646713257,-2.024958848953247,1.5664459466934204,1,-1.5415606498718262,1.3113069534301758,4.2026686668396,1,0.0127182332798838,-0.0026501980610191,0.0052357027307152,0,0.4410426318645477,-0.57203209400177,0.4216155111789703,0,-0.6743150949478149,-0.4946660697460174,2.009977340698242,1,0.0116096828132867,0.014846752397716,-0.0008389072609134,0,0.2196027040481567,-0.4672324955463409,0.5967296957969666,1,-0.8754544854164124,0.5812776684761047,3.121784448623657,1
-0.1396470218896865,0.3070837557315826,9.561052322387695,0.1629663854837417,0.0999689623713493,2.178192377090454,1,-0.0321779251098632,-0.0326161012053489,0.025040028616786,0,0.0015853382647037,-0.0085194129496812,0.0204631499946117,0,0.0568349286913871,0.4852323532104492,6.29895544052124,1,-0.0085623860359191,-0.008353435434401,0.0045878747478127,0,-0.0083443755283951,-0.0075216330587863,0.0165006481111049,0,-0.3266340494155884,-0.2238219678401947,1.0354691743850708,1,0.0131184197962284,-0.0015267932321876,-0.0086551839485764,0,0.0015666631516069,0.0042417235672473,-0.0095005333423614,0
0.0804957672953605,0.47208371758461,-0.1206474006175994,0.0430338904261589,0.0141611108556389,-0.0037509149406105,0,0.1155586838722229,0.1379754692316055,-0.0096670687198638,0,0.0167734436690807,-0.0028163492679595,0.0287999454885721,0,-0.0002441908582113,-0.0048204041086137,-0.0117736579850316,0,0.0217963904142379,-0.0081780608743429,0.0342855378985405,0,-0.0269887838512659,0.0192859135568141,0.0153239127248525,0,-0.0160743575543165,0.0738248005509376,-0.08052808791399,0,0.0127690862864255,0.1614063829183578,-0.0220477413386106,0,-0.0861284062266349,0.0812448486685752,-0.0712893232703208,0
0.2646278142929077,-0.0432518199086189,4.145096778869629,-0.0142565257847309,0.0271785911172628,2.095050573348999,1,-0.0023447514977306,0.0041034165769815,-0.0163486786186695,0,-1.916907240229193e-05,0.0169827193021774,-0.0160615220665931,0,0.2863500416278839,-0.1065050438046455,2.1596360206604004,1,0.0036400377284735,0.0006199228228069,-0.0426325462758541,0,-0.0128447916358709,-0.0014683508779853,-0.004156420007348,0,0.0021752428729087,-0.0005252682603895,-0.0087818801403045,0,-0.0029551920015364,0.0076772551983594,-0.0290274117141962,0,0.004882956854999,0.0086849424988031,0.0074184178374707,0
2.430071830749512,-0.6204854249954224,17.931079864501953,0.008045021444559,-0.000272720499197,-0.0141182355582714,0,1.0860655307769775,-0.6228004693984985,4.771965503692627,1,0.004145192913711,0.0028898455202579,-0.1246901452541351,0,0.0053233006037771,0.0014975134981796,0.0434041731059551,0,0.0089572640135884,0.0180443581193685,-0.1471019387245178,0,-0.8155558705329895,0.9629627466201782,9.189745903015137,1,0.00215506227687,-0.0001781730679795,-0.0032763967756181,0,-0.0022115467581897,0.0036703536752611,-0.0101596880704164,0,2.133147954940796,-0.98629891872406,4.225309371948242,1
0.1392727941274643,-0.0352234467864036,21.668027877807617,0.0075499475933611,0.0042967861518263,-0.0039378814399242,0,0.8768346309661865,0.0747608914971351,9.45734977722168,1,-0.0033150787930935,-0.0067190160043537,-0.0402404777705669,0,0.0092754820361733,0.0002572152588982,0.0474851168692112,0,-0.2266630381345749,0.0445414744317531,9.229389190673828,1,-0.0107716796919703,0.0012365739094093,0.0097095621749758,0,0.0045883893035352,-0.0054025831632316,-0.0128611261025071,0,-0.5216535329818726,-0.1568908244371414,2.983583688735962,1,0.0034277329687029,0.008696025237441,-0.0024516489356756,0
0.0974240154027938,0.5290940999984741,18.79734230041504,-0.0076153273694217,0.0035381522029638,0.0080038355663418,0,-0.6069657802581787,0.2221534103155136,7.938568115234375,1,-0.0032579491380602,-0.011568009853363,-0.0567873120307922,0,-0.00069600896677,0.0051949271000921,0.0387797318398952,0,0.247610330581665,-0.4933191835880279,1.0187398195266724,1,0.2907460033893585,1.050457239151001,8.935124397277832,1,0.0082918191328644,-0.0120031405240297,0.0054049734026193,0,0.0003330752952024,0.0145452637225389,-0.0229579955339431,0,0.1689778268337249,-0.2499045431613922,0.932469129562378,1
-1.3070276975631714,-1.1581004858016968,15.974169731140137,-1.4980887174606323,-1.122583270072937,10.152928352355955,1,-0.045097429305315,0.0946864932775497,-0.05198635160923,0,-0.0019372710958123,0.0244510062038898,0.0093862684443593,0,1.6118669509887695,-1.120160698890686,3.9238531589508057,1,0.0743780434131622,0.077492170035839,0.7198981642723083,1,0.0048567568883299,0.0180586278438568,0.1624139845371246,0,0.0051539507694542,-0.1531614810228347,0.0421584211289882,0,-1.4608404636383057,1.042324781417847,1.0107715129852295,1,0.0026805021334439,-0.0192081276327371,0.0047475914470851,0
-1.2139369249343872,-4.848269939422607,17.068387985229492,-0.4166612327098846,0.1860190480947494,1.299659013748169,1,-0.0144407777115702,-0.002770381513983,-0.0578591898083686,0,0.0068904212675988,-0.0271486453711986,-0.0629745349287986,0,0.2146023213863372,-2.627538681030273,4.763676166534424,1,-0.0638589411973953,0.2527782022953033,0.817547619342804,1,0.0140486182644963,-0.0030504439491778,-0.0169619806110858,0,-0.0028905642684549,0.150141566991806,-0.0529077276587486,0,-0.9555082321166992,-2.742283344268799,10.425396919250488,1,0.0038814195431768,-0.03441758826375,-0.0471869632601738,0
0.0270456001162529,-0.5117627382278442,6.234012603759766,0.0103546064347028,0.0049536484293639,-0.0207918025553226,0,-0.0075685773044824,0.0024123138282448,-0.0065156980417668,0,0.1923971325159073,0.001079267822206,2.378480911254883,1,0.0007619777461513,0.0031430940143764,0.0304422117769718,0,-0.0156751908361911,0.0102854967117309,-0.0196567866951227,0,-0.3575941622257232,-0.6098397970199585,3.637077569961548,1,-0.0071542542427778,0.0003882183809764,0.002063809428364,0,0.201749250292778,0.0680241882801055,0.2435978353023529,0,0.0097748264670372,0.00779081415385,-0.0106853703036904,0
-0.615034818649292,-2.590393543243408,5.692715644836426,5.8314428315497935e-05,-0.0017074398929253,-0.0253705419600009,0,2.6021440029144287,-2.7286717891693115,1.0583620071411133,1,0.0361151695251464,0.0024309330619871,0.0238749627023935,0,-0.0114710563793778,0.0023153766524046,-0.0158035364001989,0,0.3306540548801422,-0.6660677790641785,-0.820860743522644,0,-0.3678793311119079,0.4699682295322418,2.094301462173462,1,0.0001098152570193,-0.2711201012134552,0.090515412390232,0,0.1429124325513839,-0.0672595351934433,-0.1208436340093612,0,-3.3476784229278564,0.6697186827659607,3.4085404872894287,1
1.3273333311080933,-0.2226023972034454,18.231908798217773,-0.4603407979011535,0.3354887962341308,2.646659135818481,1,-0.0006442667800001,-0.0115225547924637,0.0131458975374698,0,-0.0004555468331091,0.0095517560839653,-0.0054474635981023,0,1.1907775402069092,-0.7349116802215576,11.406766891479492,1,0.0008145803585648,-0.0043467264622449,-0.0066789262928068,0,-0.0012313921470195,0.0041242069564759,-0.0202409271150827,0,0.8810401558876038,-0.3716346323490143,1.1990545988082886,1,-0.2735466063022613,0.5663909316062927,3.032676696777344,1,-0.0090803680941462,-0.0157425068318843,-0.034028336405754,0
-1.1385915279388428,-0.7990709543228149,8.889549255371094,0.5517539978027344,-0.1766512244939804,0.2719738185405731,0,-1.002835035324097,0.0536197051405906,1.5741355419158936,1,0.0094435596838593,-0.0061582578346133,-0.0008355195168405,0,0.409485399723053,-0.2257200181484222,0.3935104608535766,0,-0.4782308340072632,-0.3152965605258941,3.976487636566162,1,0.0962073057889938,0.127697542309761,1.437408208847046,1,0.1013444364070892,-0.0985064879059791,0.0119246579706668,0,-0.8608722686767578,-0.1935863047838211,1.1933282613754272,1,0.0351118892431259,0.0355306565761566,0.031615886837244,0
-2.1109509468078613,1.5230201482772827,8.385499954223633,0.002355437958613,0.0019841096363961,0.015045084990561,0,0.0811225101351738,-0.0342820547521114,0.1854073703289032,0,-0.1069645956158638,-0.0273923389613628,0.1902490407228469,0,-0.0006077453144825,0.0037411069497466,-0.0056660179980099,0,0.691046416759491,0.0001078381610568,1.8875423669815063,1,-0.4771362841129303,0.0018447298789396,1.0741404294967651,1,0.0005274127470329,0.0038985447026789,0.0008129786001518,0,0.6130879521369934,0.3625358045101166,1.821762204170227,1,-2.914381980895996,1.2105823755264282,3.2162060737609863,1
1.1393779516220093,-1.1023911237716677,12.10046100616455,0.0031416611745953,-0.0046596745960414,0.0265890061855316,0,1.255446434020996,0.6364642381668091,1.1482384204864502,1,-1.8040732145309448,-1.8536076545715328,3.469769239425659,1,0.002543167443946,-0.0003973138518631,-0.010183953680098,0,1.698697805404663,-0.1281162500381469,4.457337379455566,1,-0.2778922021389007,0.0114126382395625,1.7559468746185305,1,-0.0049590445123612,0.0024257935583591,0.0002889473980758,0,0.3685586452484131,0.2148898988962173,0.9037010073661804,1,-0.1020851954817771,0.0191972553730011,0.3487739562988281,0
2.2859718799591064,0.5040243864059448,19.814828872680664,0.0517989806830883,0.0132528990507125,0.1003263294696807,0,0.3727664947509765,2.1773250102996826,3.791954278945923,1,0.0013745470205321,-0.013312442228198,-0.0067564216442406,0,-0.0113420635461807,0.0091874171048402,-0.0246259532868862,0,0.9570530652999878,0.1013263911008834,10.287233352661133,1,0.0154217863455414,0.0084037147462368,0.0151732861995697,0,-0.0041415002197027,-0.055574707686901,-0.0508712604641914,0,0.8763480186462402,-1.7248566150665283,5.735859394073486,1,0.0266925506293773,-0.0117276683449745,-0.033464353531599,0
0.3952235877513885,-0.0239528119564056,9.823894500732422,0.3161147832870483,0.3040551841259002,3.677648305892944,1,-0.0309990122914314,0.0695959031581878,-0.0300944708287715,0,-0.0019513914594426,0.0003212825395166,-0.0387488454580307,0,0.1340979039669037,-0.3125343918800354,5.381170749664307,1,0.0102881593629717,-0.0288407392799854,-0.0435844324529171,0,0.0028747231699526,0.00045481196139,-0.0013128281570971,0,-0.0320325419306755,-0.0223737079650163,0.8207622170448303,1,-0.0438904426991939,0.0381823815405368,0.0113170593976974,0,0.0407214239239692,-0.0728135257959365,0.0467368066310882,0
-1.743129849433899,0.5829980373382568,17.114248275756836,0.7747867703437805,-0.1408036053180694,2.7427961826324463,1,-2.6760787963867188,0.5426368713378906,2.6339011192321777,1,0.005321173928678,-0.0336665883660316,-0.0192859787493944,0,1.4388930797576904,-0.2005071341991424,3.491173028945923,1,-0.1468191742897033,0.1278630048036575,3.5784213542938232,1,0.0103602167218923,0.0091046532616019,-0.0118120498955249,0,0.2755579948425293,-0.0374362058937549,0.9762372374534608,1,-1.437373161315918,0.297282874584198,3.7675137519836426,1,0.0122222267091274,0.0185241792351007,-0.0446964278817176,0
0.1303476989269256,-0.2944867312908172,8.113848686218262,0.4723583459854126,-0.5798798203468323,2.807575225830078,1,0.1280168294906616,0.1403106153011322,-0.0734613761305809,0,0.0025281261187046,0.0061627053655683,-0.0030729796271771,0,0.0851625874638557,-0.0149467391893267,0.1661286652088165,0,0.1288200318813324,0.2698771059513092,2.648865938186645,1,-0.0086005935445427,0.0070499228313565,-0.0204554945230484,0,-0.0306050889194011,0.1273575872182846,-0.0762081146240234,0,-0.6657701730728149,-0.250516802072525,2.6613874435424805,1,0.0184375997632741,9.86816012300551e-05,0.003088831435889,0
0.7384061813354492,-0.7952619791030884,23.703781127929688,0.1061328276991844,-0.2448747903108596,6.253856182098389,1,-0.0109721161425113,0.0157508999109268,-0.0633393451571464,0,0.000843328947667,0.0013859259197488,0.0008047334849834,0,0.4539719521999359,-0.6499561071395874,1.572103500366211,1,0.4041050970554352,1.3074513673782349,5.9568867683410645,1,0.0131423883140087,-0.0034848011564463,-0.028534086421132,0,-0.0068565234541893,0.0335373058915138,-0.0357179641723632,0,-0.211546778678894,-1.3099749088287354,10.114388465881348,1,-0.0104140043258667,0.0549031533300876,-0.0666666030883789,0
1.6159021854400637,-0.3261391520500183,9.152665138244627,0.2048016786575317,-0.0494095832109451,0.2981829345226288,0,-0.55140221118927,-0.3023929893970489,1.8910291194915767,1,-0.0151482736691832,-0.023954713717103,0.2416695952415466,0,0.8988960981369019,-0.0900104045867919,0.5028671026229858,1,-0.2569358646869659,0.1033900380134582,2.223952293395996,1,-0.0275681409984827,0.1857777237892151,1.723725199699402,1,1.385804295539856,-0.1741911917924881,0.7243157029151917,1,-0.0053537180647253,0.0278340894728899,1.2230082750320437,1,-0.017191668972373,-0.0031820982694625,0.3239144086837768,0
2.18422794342041,3.292120218276977,10.940961837768556,0.129918485879898,0.7199555039405823,2.8399343490600586,1,-0.2810633778572082,0.1303222626447677,0.417366087436676,0,-0.004138980526477,-0.0039159595035016,0.0475271716713905,0,1.4496067762374878,1.3069690465927124,3.1014981269836426,1,-0.4440252184867859,0.3155789375305176,0.2773497998714447,0,-0.0097090564668178,0.0069364127703011,-0.0336045771837234,0,1.5872265100479126,0.6719579696655273,3.967456817626953,1,-0.2476691454648971,0.1396400034427642,0.3207258284091949,0,0.0040820403955876,0.004676017910242,0.0027097661513835,0
-4.4368977546691895,-4.286439895629883,17.295143127441406,-0.0225047580897808,-0.0203712806105613,-0.0722007751464843,0,1.1741660833358765,-0.714556097984314,3.0686960220336914,1,-1.8611911535263064,0.6289780139923096,2.6241209506988525,1,-0.0017464185366407,-0.0043950150720775,0.0028160838410258,0,0.8285070657730103,-0.5708509087562561,2.326391696929932,1,-0.8879119753837585,0.2509572505950928,3.064133882522583,1,0.0028715801890939,-0.070021279156208,0.0222623571753501,0,0.2419823408126831,-0.3419648110866546,0.9164036512374878,1,-3.9110705852508554,-3.444215774536133,5.342519760131836,1
1.0506725311279297,-0.1396887153387069,8.38023853302002,-0.1969420611858368,0.1810407191514969,0.5054370164871216,1,-0.012118799611926,0.0098616685718297,-0.0488569363951683,0,0.0019375206902623,0.0083692977204918,-0.0272030029445886,0,0.8455182909965515,-0.5411844849586487,5.1868743896484375,1,0.0024342366959899,0.0036842084955424,-0.0562913194298744,0,0.0069945054128766,0.0109180100262165,-0.0222659409046173,0,0.0003956167784053,-0.0019947190303355,-0.0199720691889524,0,0.4042520225048065,0.1829393804073333,2.8800606727600098,1,-0.001798721961677,0.0066771977581083,-0.0175444763153791,0
0.7948884963989258,-2.20928692817688,10.1124849319458,-0.0129082789644598,-0.0040341317653656,0.0013142824172973,0,0.3584561944007873,0.3929046988487243,0.5322537422180176,1,-0.1622658967971801,-0.055007267743349,0.4976519644260406,0,0.0015190810663625,0.0100424522534012,-0.0159550588577985,0,0.0940026193857193,-2.3254785537719727,5.221481800079346,1,0.0124838892370462,0.0019607504364103,0.0055957376025617,0,0.4803682565689087,-0.1803234070539474,3.9426562786102295,1,0.0109814470633864,-0.0330883674323558,-0.0226776394993066,0,0.0122512225061655,-0.0162629056721925,-0.0498356856405735,0
1.1213799715042114,-1.2136871814727783,14.592535972595217,-0.0135306101292371,0.0003158119798172,-0.0252113528549671,0,0.3715020716190338,0.0839237943291664,7.996979713439941,1,-0.0022230534814298,-0.0127030601724982,-0.0193528179079294,0,-0.0073975129052996,-0.0021038542035967,-0.0034166141413152,0,0.5271905660629272,-0.9293462634086608,5.632805347442627,1,0.0133148971945047,0.0142135601490736,0.027099410071969,0,-0.0156413316726684,0.0076202158816158,-0.0986194834113121,0,0.2457610070705413,-0.421956866979599,1.140871524810791,1,0.0024039975833147,0.0463495068252086,-0.0586196817457675,0
2.54136610031128,-1.1811779737472534,17.627944946289062,0.0470768362283706,-0.0741902068257331,0.1473610252141952,0,0.0875976830720901,0.011496472172439,-0.0398593321442604,0,0.0022332535590976,-0.0072667142376303,0.0005660760216414,0,-0.0118977474048733,0.0087059000506997,-0.0133105991408228,0,0.9783155918121338,0.8577962517738342,8.624600410461426,1,0.00922482740134,-0.0001290076761506,0.011654632166028,0,0.001338803092949,-0.0466059260070323,-0.0408458113670349,0,1.4408375024795532,-1.961540699005127,9.004683494567871,1,-0.0133605813607573,0.0305560063570737,-0.066906601190567,0
0.4260035455226898,-1.6277878284454346,15.828886985778809,0.0084546133875846,0.0053269229829311,0.0252949893474578,0,1.2467230558395386,-1.0977729558944702,4.078708171844482,1,-0.0519899129867553,0.3365736305713653,-0.0658806040883064,0,-0.0010737193515524,-0.006487441714853,0.0156122641637921,0,-0.0026465989649295,0.0552128218114376,-0.0229926835745573,0,-1.0164624452590942,0.1779557317495346,10.588388442993164,1,0.0013150353915989,0.0052791899070143,-0.0322400629520416,0,0.0838101357221603,-0.0676003322005271,-0.0610857717692852,0,0.1578733921051025,-1.0362752676010132,1.3030827045440674,1
1.4497063159942627,0.5004467368125916,3.930596351623535,-0.017689935863018,0.0141977574676275,-0.0176692232489585,0,1.1885390281677246,0.1763698160648346,0.3176784813404083,0,-0.0151897566393017,0.0083226943388581,0.0639242827892303,0,-0.0024342241231352,0.0041318293660879,-0.0046389349736273,0,1.0291388034820557,-0.0416252799332141,1.385574460029602,1,-0.4019735455513,0.2673987448215484,0.9029990434646606,1,-0.0034765058662742,0.0010643692221492,-0.002234342508018,0,0.3119024932384491,-0.1397300958633422,0.5274537801742554,1,-0.6391100287437439,0.2103168815374374,0.7575088739395142,1
-0.067383125424385,1.5459513664245603,17.35919761657715,-0.714309573173523,1.6506907939910889,7.332285404205322,1,-0.0091639151796698,-0.0233499687165021,0.0197418630123138,0,0.0023892053868621,-0.0163021646440029,0.0191983897238969,0,1.675769925117493,-1.774956464767456,6.457473278045654,1,-0.0006320590618997,0.0230203159153461,0.0461063608527183,0,0.0049302438274025,-0.0126784509047865,0.0178695023059844,0,-0.0160138439387083,0.0368666090071201,0.0047478745691478,0,-0.992398738861084,1.6290158033370972,3.4261934757232666,1,-0.0179543644189834,0.0336448661983013,0.0355794802308082,0
1.2353758811950684,-1.3385028839111328,16.836149215698242,0.6590527892112732,0.7392072081565857,1.5644445419311523,1,-0.6870790123939514,-0.7799100279808044,2.1757075786590576,1,0.0272841211408376,0.0092375827953219,0.0229920055717229,0,0.7455970644950867,-1.6065778732299805,10.46099853515625,1,-0.0030057032126933,0.0353541523218154,-0.0581210441887378,0,0.0023624782916158,-0.0029741537291556,0.0015125402715057,0,0.4567558467388153,0.2915237247943878,2.7265942096710205,1,0.0472158938646316,0.003651192644611,-0.0571460612118244,0,-0.0128077445551753,-0.0280145555734634,-0.0008327820105478,0
1.6526330709457395,2.5590643882751465,7.940494537353516,1.304293870925903,0.4922529757022857,2.3361384868621826,1,-0.0064372173510491,0.0083720134571194,-0.0243498459458351,0,0.0013984981924295,-0.0098907528445124,-0.0082669835537672,0,0.6701070666313171,0.0569058358669281,0.8486493229866028,1,-0.0399062559008598,0.125200554728508,0.0080671431496739,0,0.016505591571331,0.016713909804821,-0.053106278181076,0,-0.0068725091405212,0.0130302421748638,0.0096636665984988,0,-0.2874489724636078,1.8515443801879885,4.813847064971924,1,0.0009930238593369,0.0049352445639669,0.0098526002839207,0
1.1040066480636597,-0.1345289647579193,18.724586486816406,-0.1168529465794563,1.6127560138702393,3.916112184524536,1,-0.0294606797397136,-0.0005156648694537,0.0038782667834311,0,0.003873209701851,-0.0152329914271831,0.000927118526306,0,1.367085337638855,-2.095301866531372,5.154449939727783,1,0.0230490323156118,0.0390576310455799,0.1117061823606491,0,0.0077209784649312,0.0058923442848026,-0.0014082705602049,0,-0.0075600761920213,0.080093502998352,-0.0708829164505004,0,-0.1639516800642013,0.2113585472106933,9.586657524108888,1,0.020103620365262,0.0273636057972908,0.0231466647237539,0
0.4471407234668731,1.9465802907943728,17.018741607666016,-0.0045231743715703,0.0036615107674151,0.0017898990772664,0,0.7536745071411133,0.9393758177757264,4.261889457702637,1,0.0067348950542509,0.0127756772562861,-0.0300051979720592,0,-3.6870333133265376e-05,0.0012907645432278,-0.0256063155829906,0,0.0692168101668357,0.8066600561141968,8.785967826843262,1,0.0202304385602474,0.0145206814631819,-0.0596783868968486,0,0.0041000316850841,0.0018819675315171,-0.0045243254862725,0,-0.3995030522346496,0.1725667268037796,4.129434585571289,1,-0.0027527986094355,-0.0061529031954705,-0.0405267961323261,0
0.9406566619873048,-1.0460628271102903,8.422478675842285,-0.0245524626225233,-0.0062289498746395,0.0128439469262957,0,0.9334892630577089,-0.1741183251142501,5.024521350860596,1,-0.0022262074053287,0.0170863978564739,-0.046757772564888,0,-0.008850023150444,0.0053644361905753,-0.0148062091320753,0,0.1014457270503044,-1.0240163803100586,3.3709635734558105,1,0.0094451187178492,0.0104567920789122,0.000395950890379,0,0.0023611558135598,0.0470953434705734,0.2218382060527801,0,-0.0713159590959549,0.0808025300502777,-0.0973502695560455,0,0.0008600536384619,-0.0025046917144209,-0.0491700507700443,0
5.148532867431641,0.5124607086181641,23.064271926879883,1.2115546464920044,-0.6634625196456909,3.067662000656128,1,0.0365794748067855,0.035818975418806,-0.1299420297145843,0,0.0021252152509987,-0.0197967048734426,-0.0093109924346208,0,-0.0094666155055165,0.0053938161581754,-0.0123453745618462,0,1.5948301553726196,3.2113142013549805,13.890387535095217,1,0.0003960698377341,0.0178481470793485,-0.0466601327061653,0,-0.0064387908205389,0.1299201101064682,-0.0418334081768989,0,2.313372135162353,-2.2268526554107666,6.416712284088135,1,0.0055808965116739,0.0222773775458335,-0.0703979209065437,0
-6.366326808929443,-7.086341857910156,15.713785171508787,-0.0193403344601392,0.0083187511190772,-0.0174973662942647,0,0.9684193730354308,-0.6083566546440125,2.062081813812256,1,-1.4353500604629517,0.4483490288257599,1.964352011680603,1,0.0375145934522151,0.0287022925913333,0.6216889023780823,1,0.7673330307006836,0.0288440231233835,2.750638961791992,1,-1.1466161012649536,0.1321132779121399,3.987551212310791,1,0.004829725716263,-0.0018447593320161,-0.0068185427226126,0,0.1751444488763809,-0.3410206437110901,1.1509722471237185,1,-5.718261241912842,-6.781446933746338,3.20081639289856,1
1.0803370475769043,-1.512879490852356,3.0909993648529053,-0.0009107000660151,-0.0009579741163179,0.022291699424386,0,0.3519753813743591,-0.1263340711593628,0.1891786158084869,0,-0.0467057488858699,-0.0364482626318931,0.0573395192623138,0,0.0020114232320338,-0.0030506758484989,0.005995281971991,0,0.7900497913360596,-0.4572781324386596,1.4436711072921753,1,-0.4036068320274353,-0.2858220934867859,0.7852633595466614,1,-0.0020646327175199,-0.004590684082359,-0.0057331533171236,0,0.856666088104248,-0.3914608657360077,0.2195784002542495,0,-0.4670777916908264,-0.2069366723299026,0.3734144568443298,0
1.928191065788269,0.7613357305526733,26.76551055908203,0.3226820528507232,-0.1463292241096496,1.145851731300354,1,-0.0716432780027389,0.493826299905777,0.1188615411520004,0,0.003819438861683,-0.0399870462715625,-0.0064434646628797,0,0.0047783521004021,0.0050476300530135,-0.036203783005476,0,0.0441198050975799,2.853797435760498,16.607955932617188,1,0.0187150277197361,-0.0074875620193779,0.0185870863497257,0,-0.0099587040022015,-0.0011933698551729,-0.1077648997306823,0,1.6234406232833862,-2.436704635620117,9.088544845581056,1,-0.0077622905373573,0.0403660647571086,-0.0638792887330055,0
0.9404680728912354,-0.3563375473022461,14.33884048461914,-0.0048919753171503,0.0026587736792862,0.0037437807768583,0,-0.0037306023295968,0.0052535138092935,-0.0231675934046506,0,0.1532971411943435,-0.3602862060070038,6.329609394073486,1,-0.004961185157299,-0.000540746783372,-0.0359551720321178,0,0.4896818697452545,0.2457955628633499,0.9138973951339722,1,-0.4667294919490814,-0.2752392292022705,1.532782793045044,1,0.0001779589947545,0.0018922224408015,-0.0052555282600224,0,0.7803986668586731,0.0293345898389816,5.6407670974731445,1,-0.0027743058744817,-0.0052060629241168,-0.0175818353891372,0
-1.4393919706344604,0.7991651892662048,12.223325729370115,0.015757692977786,-0.0008079418330453,-0.0238005630671978,0,-0.0065376958809792,0.025918373838067,-0.0314270742237567,0,0.1473462581634521,0.4910614192485809,0.0707401260733604,0,0.0039418218657374,-0.0043439087457954,0.0216500256210565,0,0.0056007462553679,0.011480308137834,-0.0898820534348487,0,-2.04477334022522,-0.5367722511291504,11.977740287780762,1,-0.0036450901534408,-0.0040994840674102,0.0070372563786804,0,0.4434638917446136,0.810621976852417,0.3037590682506561,0,-0.0005462828557938,0.0061066597700119,-0.0124912029132246,0
-0.1301488876342773,0.0775779485702514,15.767059326171877,-0.0838663876056671,-0.0222459323704242,0.024994445964694,0,1.03265380859375,-0.5903794169425964,7.845767974853516,1,-0.003737821476534,-0.0328928530216217,-0.0482465140521526,0,-0.0036632986739277,0.0035615656524896,-0.0041378266178071,0,0.6307463645935059,-1.0140739679336548,1.5452921390533447,1,-0.3324445784091949,0.1415528357028961,0.8914209604263306,1,-0.0050340830348432,-0.0547381155192852,-0.0340910553932189,0,0.0118863638490438,0.0453947745263576,0.0127882789820432,0,-1.376689314842224,1.6013991832733154,5.533270835876465,1
0.5347247123718262,-0.2889119982719421,6.055128574371338,-0.0377300791442394,0.0230026710778474,0.0079243006184697,0,-1.1792850494384766,-0.849227249622345,2.245791435241699,1,-0.0072293099947273,-0.0005327012622728,0.0069256341084837,0,0.3328356742858886,0.1805650144815445,1.2262437343597412,1,0.0076289246790111,-0.0049500134773552,-0.0672569200396537,0,-0.012932258658111,-0.0002191161038354,0.0030469200573861,0,1.4354166984558103,0.3593655228614807,2.715998888015747,1,0.0033094102982431,0.0077109397388994,-0.0707546696066856,0,-0.0072893109172582,-0.0046271057799458,-0.0127909146249294,0
0.6558828353881836,0.173651322722435,8.777950286865234,1.3230644464492798,-0.3357795178890228,0.8009324073791504,1,0.0008065261063165,0.0385611094534397,0.712580144405365,1,-1.11585104605183e-05,-0.0022727642208337,0.1167871132493019,0,0.7561470866203308,-0.095972754061222,0.5176258683204651,1,-0.3597090542316437,0.2670432329177856,1.982158899307251,1,0.001787984278053,0.1912418007850647,1.4596874713897705,1,0.2932533323764801,-0.0415387451648712,0.2202094793319702,0,-1.3493586778640747,0.1489486247301101,2.744140386581421,1,-0.0100976470857858,0.0034203235991299,0.2238284945487976,0
0.1575233489274978,-0.8576777577400208,15.34177589416504,0.0010930194985121,0.0004357623402029,-0.0028702672570943,0,0.2767799496650696,-0.3004292845726013,5.458452701568604,1,-0.0021501299925148,-0.0126609727740287,0.0204121712595224,0,0.0022886705119162,-0.0003135309088975,0.0437221862375736,0,0.0762590169906616,-0.2290869802236557,5.354036331176758,1,-0.0121497670188546,0.0034605087712407,-0.0468328818678855,0,-0.0152454171329736,0.0038923143874853,0.0285774748772382,0,-0.1670240759849548,-0.3247367143630981,4.486847400665283,1,-0.0023279357701539,0.0017611260991543,-0.000568161078263,0
1.2110785245895386,-0.6137360334396362,6.434214115142822,0.01676682010293,-0.0149753130972385,0.0466637387871742,0,1.86149537563324,0.9897963404655457,2.6421945095062256,1,0.0025767534971237,0.0006554592982865,-0.0303737036883831,0,-0.0057554082013666,0.0072640613652765,0.0189195703715086,0,-0.3192839920520782,-0.7739450931549072,1.279082179069519,1,0.0092874066904187,0.0077244583517313,-0.0039339000359177,0,-0.4313199520111084,-0.7047994136810303,2.458353281021118,1,0.031529676169157,-0.1091836243867874,0.0033642770722508,0,0.0457819774746894,-0.0162729881703853,0.0199442487210035,0
2.6228065490722656,-0.6250272989273071,10.80992317199707,2.123067140579224,-0.3262639045715332,1.5503522157669067,1,-0.4721353054046631,-0.1239238232374191,1.6107585430145264,1,-1.7231583115062676e-05,-0.0054179681465029,-0.0319330990314483,0,1.912636160850525,-0.1880299299955368,0.9969870448112488,1,-1.3219445943832395,0.2042223811149597,2.395672559738159,1,0.0012380144326016,0.0079046515747904,-0.0015379822580143,0,1.7646214962005615,-0.2276219874620437,1.141514539718628,1,-1.377912521362305,0.0450114198029041,3.182382583618164,1,-0.0067468145862221,-0.0109081380069255,-0.0342729054391384,0
1.3179655075073242,-1.172572135925293,20.268373489379883,-0.314037561416626,0.7292481064796448,4.193370342254639,1,-0.024599565193057,0.0281223244965076,0.0398829691112041,0,6.608667899854481e-05,0.0125458128750324,-0.0028389969374984,0,0.763945996761322,-1.17541766166687,3.200724840164185,1,0.2261212170124054,0.7487998604774475,2.662717819213867,1,0.0045268763788044,-0.0067645413801074,0.0041006314568221,0,0.0024734707549214,-0.0495988503098487,-0.024334754794836,0,0.6482009291648865,-1.514745593070984,10.223525047302246,1,0.0112681044265627,0.0552383624017238,-0.0287734642624855,0
0.6668236255645752,0.0543257445096969,6.17672061920166,-0.0276713967323303,0.0100040463730692,-0.0181337762624025,0,0.4546365737915039,-0.0668538585305213,3.522716999053955,1,-0.0017273757839575,-0.0026825980748981,0.0692594572901725,0,0.3338439166545868,0.1238894984126091,0.5921382308006287,1,0.0023131668567657,-0.0034882749896496,-0.0225700289011001,0,0.0056764227338135,0.0140036921948194,-0.0528305768966674,0,-0.1190732270479202,-0.0219509117305278,2.1047191619873047,1,0.0203587785363197,-0.0082761952653527,-0.0199562069028615,0,-0.0015332847833633,0.0096803484484553,0.0013775231782346,0
1.980483770370484,-0.2183799147605896,14.564936637878418,0.0716981217265129,0.006151798646897,-0.0171446204185485,0,0.0044375658035278,3.0419511795043945,6.854703426361084,1,0.0024289947468787,-0.0306707993149757,-0.0370794385671615,0,-0.0044600823894143,0.0078451195731759,-0.0102762505412101,0,1.6692771911621094,-2.865044355392456,5.401012897491455,1,0.0205853804945945,0.0133554888889193,0.0054117715917527,0,0.0026699930895119,0.055150780826807,0.0078827450051903,0,0.5840739011764526,-0.6856621503829956,0.7765008211135864,1,-0.3702273368835449,0.2385429441928863,1.583925485610962,1
-0.0321764387190341,0.5616130232810974,23.27429580688477,-0.0002007679722737,0.0010986268753185,-0.0231613218784332,0,0.9317089319229126,0.5220519304275513,8.46276569366455,1,-0.0037342689465731,0.0166867244988679,-0.018387634307146,0,0.0006719382363371,0.0035194931551814,-0.0407936833798885,0,-0.2620778083801269,0.3982200622558594,8.341650009155273,1,0.0144660985097289,0.0021412381902337,-0.0255897771567106,0,0.0001674283848842,0.0035523865371942,-0.007047836203128,0,-0.7135381698608398,-0.3848138153553009,6.583283424377441,1,0.0003601860080379,-0.0008435849449597,0.0015758468070998,0
0.3026849627494812,0.6284449100494385,19.163314819335938,-0.1237909272313118,0.310788094997406,5.095873355865479,1,0.0019795687403529,-0.0051328260451555,0.0169590953737497,0,0.0044326460920274,-0.0077065764926373,-0.0691051036119461,0,-0.5066752433776855,-0.0640593618154525,10.567885398864746,1,-0.0061161154881119,-0.0068501741625368,0.0562885254621505,0,-0.0189534556120634,-0.0169210266321897,0.0456909164786338,0,0.963495433330536,0.4168440699577331,3.4531519412994385,1,-0.015945628285408,0.0069184014573693,-2.8047605155734345e-05,0,0.0042586256749928,-0.0054357219487428,-0.0034003297332674,0
-2.03204345703125,-1.709955096244812,12.269309043884276,-0.0014255386777222,0.0644101575016975,-0.0939645692706108,0,2.4975709915161133,-2.5025265216827397,2.54379677772522,1,-0.5793100595474243,0.4123238325119018,1.500011682510376,1,0.0003819817793555,-0.00943149253726,0.0300075039267539,0,0.764443576335907,-1.4665439128875732,0.4213349521160126,0,-0.6322941780090332,0.5705863833427429,2.7940831184387207,1,0.0024131988175213,-0.0637672394514083,0.053234938532114,0,0.0644934698939323,-0.1090187951922416,0.0587008036673069,0,-4.148316860198975,1.3940125703811646,4.962103366851807,1
2.049598455429077,2.336909770965576,18.10213279724121,-0.0193383879959583,-0.0368551425635814,0.044143971055746,0,1.7626721858978271,2.1899662017822266,9.432256698608398,1,-0.0036922791041433,-0.0039510522037744,0.0014412094606086,0,-0.0044527375139296,0.0116298589855432,-0.005502700805664,0,-0.1464040428400039,-0.5988196134567261,6.939998626708984,1,0.0084050130099058,0.0100081162527203,0.0139282364398241,0,0.4234986305236816,0.7994574904441833,1.6843106746673584,1,0.0299496874213218,-0.0328853316605091,-0.0350583977997303,0,-0.0010397061705589,-0.0016405187780037,0.0266154464334249,0
0.8761727213859558,-1.0706120729446411,8.65571403503418,-0.0058485646732151,-0.0047978842630982,-0.0185550916939973,0,-0.0626392886042594,-0.9494585990905762,5.251633167266846,1,-0.0025558487977832,-0.0012297129724174,9.741509529703762e-06,0,0.5672253966331482,-0.0434193313121795,0.7139382362365723,1,-0.0836572870612144,-0.0418995805084705,1.6763098239898682,1,0.021078024059534,0.0008275582222267,-0.0314683467149734,0,0.4712315797805786,0.0291952416300773,0.8737562298774719,1,-0.0370875969529151,-0.070118710398674,0.1943650543689727,0,0.0084263095632195,0.0102889910340309,-0.0042756339535117,0
1.0834603309631348,-3.2820870876312256,15.71372413635254,-0.0188168194144964,-0.1965532749891281,0.5964808464050293,1,-0.3060815930366516,1.9624119997024536,1.3290727138519287,1,0.0065260156989097,-0.0393914468586444,-0.1066925898194313,0,-0.0051854006014764,0.0009805103763937,-0.0352572314441204,0,0.9190606474876404,-2.9667327404022217,3.6724061965942383,1,0.009544781409204,0.034678179770708,0.3139892816543579,0,-0.0027743098326027,0.1376259177923202,-0.0155833987519145,0,0.0026869466528296,-0.0345650725066661,-0.0200849659740924,0,0.4785001277923584,-2.1805412769317627,9.979393005371094,1
0.594794511795044,1.5180422067642212,9.982954978942873,0.0084857558831572,-0.0033711465075612,-0.0279490184038877,0,2.241337537765503,0.3623521029949188,2.247774600982666,1,0.0010787739884108,-0.0013632884947583,0.0199150871485471,0,-0.0003904126351699,0.0025026185903698,-0.0081524299457669,0,2.086688756942749,-0.522312343120575,3.0918257236480717,1,-0.9009481072425842,0.6372522711753845,1.6330666542053225,1,0.0019761989824473,7.892740541137755e-05,-0.0024051892105489,0,0.461697906255722,-0.2472343295812606,0.6335558295249939,1,-3.305131673812866,1.2901374101638794,2.3953237533569336,1
0.4821054935455322,6.636153221130371,21.150310516357425,0.3719328045845032,0.5044801831245422,0.5951732993125916,1,-0.1825402230024337,2.982019424438477,1.65175461769104,1,-0.0006609254050999,-0.0008651628741063,-0.0236173365265131,0,1.5995476245880127,0.5490396022796631,3.5420498847961426,1,0.456625759601593,1.3092787265777588,8.557429313659668,1,0.0167097281664609,0.0048835934139788,0.0103351706638932,0,0.2771191596984863,0.2255372405052185,0.8869479298591614,1,-2.0666754245758057,1.000631332397461,5.98236083984375,1,0.0100469607859849,0.061148852109909,-0.0521246455609798,0
-2.978189468383789,-0.5773131847381592,14.790803909301758,0.0066010165028274,0.0152065502479672,-0.023137068375945,0,1.0587910413742063,-1.4936310052871704,3.042153835296631,1,-0.6646435856819153,0.400986760854721,1.8103082180023196,1,0.004819159861654,0.0013580687809735,-0.038450289517641,0,0.7414811253547668,-1.005213975906372,0.7753375768661499,1,-0.6276288032531738,0.0572780556976795,2.237879514694214,1,0.0079725673422217,-0.1366780251264572,-0.0048183044418692,0,0.1815493404865265,-0.3435361981391907,0.4220655858516693,0,-3.68713116645813,1.9269163608551023,6.5694661140441895,1
-0.0612558126449584,-1.3561341762542725,7.617246150970459,-0.0964266508817672,0.0262479800730943,0.0144241377711296,0,-0.0963311418890953,2.0009925365448,2.088098287582397,1,0.0033769307192415,-0.0140025354921817,-0.0485972389578819,0,6.829309859313071e-05,0.0029053962789475,0.0010102710220962,0,0.9662687182426452,-2.6544952392578125,1.0594596862792969,1,0.0161386337131261,0.0095300944522023,-0.0059036067686975,0,0.0282574538141489,0.0770377963781356,-0.0320355258882045,0,0.0460088513791561,-0.024677999317646,-0.0734232887625694,0,-0.9286168217658995,-0.7796720862388611,4.614213943481445,1
-0.8370726704597473,0.4786421060562134,6.664371967315674,1.4073400497436523,-0.3279246091842651,3.1677255630493164,1,-0.007702856324613,-0.0432642288506031,0.0060055814683437,0,6.378261605277658e-05,-0.0021804885473102,0.0041924603283405,0,0.2923221290111542,-0.3906173408031463,1.1388036012649536,1,-0.1144163832068443,0.2818088233470917,0.7855138778686523,1,0.0013775065308436,-0.0005775349563919,-7.7680146205239e-05,0,-0.0271794181317091,-0.0967065319418907,0.1847508996725082,0,-2.38065505027771,1.0897427797317505,1.356158971786499,1,-0.0082224924117326,-0.0316387489438056,0.0212989337742328,0
1.4662842750549316,-0.2614377737045288,10.688142776489258,-0.0360218435525894,-0.0047967224381864,-0.0033851847983896,0,0.013532293960452,0.0947391986846923,0.0084748789668083,0,0.0296866483986377,0.0245174039155244,0.0730251222848892,0,0.0007906542159616,0.0046092988923192,0.0067795966751873,0,1.146545648574829,0.4575340747833252,6.8980231285095215,1,0.0045249182730913,-0.0063439616933465,0.023401640355587,0,0.0021089457441121,-0.0392470322549343,-0.0203713607043027,0,0.3184413611888885,-0.8321720361709595,3.683706521987915,1,-0.013324424624443,0.0397220402956008,0.0184884294867515,0
-5.875715255737305,-8.984673500061035,11.954263687133787,-0.0503216534852981,-0.0021526243072003,-0.0068157482892274,0,1.1357834339141846,-0.8027282357215881,1.618092656135559,1,-1.2194195985794067,0.3094206750392914,0.6698845624923706,1,0.0122513696551322,-0.0116948541253805,0.3241917490959167,0,0.5820239186286926,0.0452477745711803,2.1297800540924072,1,-0.8590568900108337,0.0635673701763153,3.096784830093384,1,-0.0069475122727453,-0.0654527321457862,0.0551304593682289,0,0.1381501108407974,-0.172894075512886,0.6443000435829163,1,-5.60817813873291,-8.347987174987793,3.42291522026062,1
1.1890170574188232,1.3100003004074097,18.11293029785156,-0.0102439876645803,-8.755060116527602e-05,0.0016022407216951,0,2.222476005554199,4.203022480010986,7.904403686523437,1,-0.0687949731945991,0.003025293815881,0.2672097086906433,0,0.0002127956249751,-0.0014896766515448,-0.0311113782227039,0,-0.5007519721984863,-2.952913999557495,7.08643102645874,1,0.0245391707867383,0.0217710305005311,0.0211758445948362,0,0.1016720458865165,0.73697829246521,0.9083332419395448,1,-0.5911533832550049,-0.7043350338935852,1.9617455005645752,1,0.011061206459999,0.0040293522179126,-0.0068593597970902,0
0.9618520140647888,-0.616346001625061,14.965601921081545,-0.0365774072706699,-0.0176376290619373,-0.086570456624031,0,0.5701979994773865,0.1417514681816101,6.351328372955322,1,-0.0308327507227659,-0.0047494275495409,-0.0545296110212802,0,0.0083482051268219,-0.0033916605170816,-0.0072533027268946,0,0.3836117386817932,-0.3586001694202423,6.3980207443237305,1,0.0193647667765617,0.0025098884943872,0.0116787245497107,0,-0.0007372926920652,-0.0327005945146083,-0.0220829658210277,0,0.0681453794240951,-0.3578651249408722,2.43878173828125,1,-0.0196686405688524,0.014337251894176,-0.0637715235352516,0
0.2792048752307892,-0.2453970909118652,3.5939903259277344,-0.0437203049659729,0.0027311840094625,-0.0400186292827129,0,0.0039473045617341,-0.0019405863713473,-0.0372659042477607,0,0.7663459181785583,0.1245110407471656,1.5813994407653809,1,0.0020665689371526,0.0038032981101423,-0.035151544958353,0,-0.0023420145735144,0.0198053307831287,-0.0021724747493863,0,-0.4585214853286743,-0.392208456993103,2.0897037982940674,1,0.0002252280828543,0.0314837731420993,-0.0103979734703898,0,0.0232328865677118,-0.0482119582593441,0.0365659333765506,0,-0.0120292175561189,0.0146292708814144,0.0113275405019521,0
0.0073197111487388,-0.2427514642477035,5.943026542663574,0.0227830354124307,-0.0137550169602036,-0.0986836180090904,0,0.2041498720645904,-0.3538511395454407,1.249999761581421,1,-0.1974803507328033,0.0679181441664695,0.2139185816049575,0,0.0069090793840587,-0.0064421924762427,-0.0028942362405359,0,0.1388126164674759,-0.1071759536862373,0.1330518573522567,0,-0.0901393070816993,-0.0790842175483703,1.20022714138031,1,0.0023998557589948,-0.0257669612765312,0.0133090736344456,0,7.890575943747535e-05,0.103832833468914,-0.0592693649232387,0,-0.0801940113306045,0.1715729981660843,3.293367624282837,1
-4.887101650238037,-6.1894636154174805,12.424033164978027,-0.0416097156703472,0.0067587797529995,0.0069196331314742,0,0.3351643681526184,0.0544795244932174,0.91212797164917,1,-0.1873778700828552,0.0978509932756424,0.1749598234891891,0,0.0312553942203521,-0.0001598364469828,0.3568736314773559,0,0.6925024390220642,0.3778355419635772,3.040446758270264,1,-0.9604135751724244,0.3337561786174774,3.825329303741455,1,-0.0049237888306379,0.0325196124613285,0.0502505823969841,0,1.033131122589111,-0.1040861681103706,0.821140706539154,1,-5.784830093383789,-6.988418102264404,3.235985040664673,1
-0.7052179574966431,1.2820394039154053,3.4872078895568848,0.000613817886915,0.0016316432738676,-0.0247651953250169,0,-1.2206329107284546,0.4298211932182312,2.188875675201416,1,0.0015774421626701,-0.0094119990244507,-0.0666525661945343,0,0.5861263871192932,0.6086206436157227,0.9770228862762452,1,-0.145538181066513,0.1150282844901084,0.2281757891178131,0,0.0088099893182516,0.0022522604558616,-0.0102059682831168,0,0.0651386305689811,0.1230919286608696,0.2188043594360351,0,0.0006399414269253,0.0041870442219078,-0.0320017151534557,0,-0.0019531387370079,0.0068185837008059,0.0079545369371771,0
-0.0074020861648023,-0.0114559233188629,0.1510867476463318,-0.0049032350070774,0.0042219324968755,0.0087966565042734,0,-0.0137448171153664,-0.0056480024941265,-0.0205900128930807,0,-0.017432440072298,-0.0150523027405142,0.1002769544720649,0,-0.0010624731658026,-0.003315731883049,-0.0241739563643932,0,0.0326045975089073,0.0105583611875772,-0.0026559331454336,0,-0.0080429092049598,-0.0029156028758734,0.0351953022181987,0,-0.0088839288800954,0.0057902010157704,0.0108356745913624,0,0.0140310730785131,-0.0006065165507607,0.0566770993173122,0,3.204741369700059e-05,-0.0044882618822157,-0.0132750375196337,0
-4.198750972747803,-2.1693215370178223,9.280891418457031,0.0278830546885728,0.0048889555037021,-0.0166617706418037,0,1.4715166091918943,-1.1407674551010132,2.132517099380493,1,-0.0453241132199764,0.0309852138161659,0.0986801907420158,0,-0.004445178899914,-0.0050710570067167,-0.0044612870551645,0,1.205943942070007,-1.2746516466140747,2.0944035053253174,1,-0.888592541217804,0.43472820520401,1.8791660070419312,1,-0.0083643617108464,0.1572131812572479,-0.011155598796904,0,0.312172383069992,-0.6600461602210999,0.9016650915145874,1,-6.269540786743164,0.2833991646766662,2.206738233566284,1
0.5223057866096497,0.1334686130285263,17.13530921936035,-0.1891133487224578,0.3004442751407623,4.028116226196289,1,0.00347675033845,-0.0124461902305483,0.0072200600989162,0,-0.0073279570788145,0.0017237365245819,0.0077847307547926,0,1.874121189117432,-1.2326196432113647,6.697589874267578,1,-0.0062655108049511,0.0162948239594697,-0.036279372870922,0,0.0065743317827582,0.0009623151272535,-0.0328292325139045,0,-0.0014436653582379,-0.0012559124734252,-0.0176877547055482,0,-1.1583712100982666,1.0468250513076782,6.470616340637207,1,0.0006552135455422,0.0135401366278529,0.010778734460473,0
-0.1477202624082565,-0.410394012928009,14.161260604858398,0.3230929970741272,0.1976188272237777,0.7470401525497437,1,-3.2745673656463623,-1.510837197303772,3.425647497177124,1,-0.000442318530986,0.0084620732814073,0.0029939089436084,0,1.7598474025726318,0.4975119829177856,5.302987098693848,1,-0.1262505948543548,-0.0535660870373249,2.678243637084961,1,0.0094013009220361,0.0069147776812314,-0.0033945508766919,0,1.2425072193145752,0.4738209545612335,2.04885196685791,1,-0.0875935479998588,-0.0609885193407535,0.0279036965221166,0,0.0062846653163433,0.0306691508740186,-0.0690123662352562,0
-0.1285998970270156,-1.9292528629302976,6.217235565185547,0.7984349727630615,-1.2057743072509766,3.5128443241119385,1,0.0378124713897705,0.057779174298048,0.0298313219100236,0,0.0009997423039749,-0.0210355576127767,-0.0097627034410834,0,0.3053976595401764,-0.3117568790912628,0.579591691493988,1,-0.2309789210557937,-0.0423867478966712,0.6951665878295898,1,-0.000893842196092,0.0038619372062385,0.0040368568152189,0,-0.00234916806221,-0.0144453570246696,-0.024644635617733,0,-1.038131594657898,-0.4220517873764038,1.4522305727005005,1,0.0011087493039667,0.0265566352754831,-0.0220578256994485,0
-0.540850818157196,0.5229562520980835,9.707043647766112,-0.0240512881428003,0.0055166287347674,-0.0207906160503625,0,-0.3372181951999664,0.5945568680763245,1.6027860641479492,1,0.005256587639451,0.0093875974416732,-0.0268334094434976,0,0.1033905372023582,-0.0677545219659805,0.2575274407863617,0,0.0745156705379486,0.2148788422346115,5.423991680145264,1,0.0952821001410484,0.0622937530279159,1.2923259735107422,1,0.0558671951293945,0.1099744215607643,-0.0262621622532606,0,-0.5054406523704529,-0.4386470019817352,1.2791640758514404,1,-0.0084527628496289,0.0327495746314525,-0.0748656913638114,0
-0.1737596541643142,5.695415019989014,15.651702880859377,1.4422518014907837,0.9162620902061462,2.6239845752716064,1,-0.4764154851436615,1.372378945350647,0.6933135390281677,1,0.0028287612367421,-0.0012807348975911,0.0095897018909454,0,1.5873761177062988,0.0521241910755634,2.58666729927063,1,-0.4610069990158081,1.0286341905593872,6.831704139709473,1,0.0055598686449229,0.0019113186281174,-0.0057377684861421,0,0.2984046041965484,0.1292595565319061,0.4779391884803772,0,-2.567923784255981,2.159974813461304,2.4870049953460693,1,-0.0048346081748604,0.0361503362655639,-0.0527636893093586,0
-4.993566513061523,-7.806480884552002,20.85042762756348,-0.038106482475996,-0.0080329747870564,0.0111285233870148,0,1.2158071994781494,-0.4344903826713562,2.7831850051879883,1,-1.940682411193848,0.4470560848712921,2.3842132091522217,1,0.0850055217742919,-0.0505805537104606,1.0070958137512207,1,0.8393657803535461,0.3545629382133484,3.462839126586914,1,-1.319380521774292,-0.3650181591510772,5.608242988586426,1,0.0035631286446005,0.0295407678931951,-0.0926051586866378,0,0.6908051371574402,-0.261289119720459,1.620678186416626,1,-4.529943943023682,-7.5182294845581055,4.065649509429932,1
0.2877762019634247,-0.7141250967979431,6.447030544281006,-0.038302082568407,-0.0003371738421265,-0.0200284253805875,0,0.5460907220840454,0.1325405538082122,0.8783748745918274,1,0.0148627664893865,-0.0021809830795973,0.0240749381482601,0,-0.0082791652530431,0.0118587352335453,-0.0006068875081837,0,0.3289128839969635,-0.3503457605838775,4.534568786621094,1,0.0104173552244901,0.0040736235678195,0.0046922694891691,0,-0.0027310026343911,-0.0626358166337013,0.1234948635101318,0,-0.5761173367500305,-0.4629100263118744,0.9115523099899292,1,0.0129220187664031,0.0158117245882749,-0.0090920152142643,0
0.6488732695579529,0.2587406039237976,18.965471267700195,-0.0081656007096171,-0.002462307922542,-0.0143742803484201,0,0.7276512980461121,-0.1771553307771682,0.5981650948524475,1,-0.4410426914691925,0.17357237637043,1.1781574487686155,1,0.0011014714837074,-0.0007134538609534,-0.021762141957879,0,0.8321776390075684,1.6750710010528564,7.452066421508789,1,0.0116148320958018,-0.0016534569440409,0.0004197307571303,0,-0.0105369025841355,-0.149671122431755,-0.0882358774542808,0,-0.5101019144058228,-1.3585009574890137,9.919679641723633,1,0.04617515578866,0.1002537682652473,-0.0586459711194038,0
0.0476090908050537,-0.0350084416568279,0.2469774931669235,0.0496818237006664,-0.015620170161128,0.0121481018140912,0,0.0106181306764483,0.0055513875558972,0.0319888368248939,0,0.0010376377031207,-0.0067494697868824,-0.0141010023653507,0,0.0184337757527828,-0.0115620037540793,0.0221517235040664,0,0.0041493815369904,-0.0105355363339185,0.0422209538519382,0,-0.0001741122541716,-0.0140207698568701,0.0444315411150455,0,-0.0022070663981139,0.0140149183571338,0.0538621842861175,0,-0.0382402092218399,0.0107469838112592,0.0607008635997772,0,0.0043097231537103,-0.0068337833508849,-0.0064256871119141,0
1.2232261896133425,-2.5027921199798584,8.057231903076172,-0.0405115969479084,-0.0029683392494916,-0.0411143079400062,0,1.455398440361023,-0.941367506980896,3.5712122917175293,1,-0.0089606484398245,-0.004972493276,0.0148930074647068,0,-0.0017642771126702,-0.0061865630559623,-0.0053357384167611,0,-0.0544231235980987,-1.1139280796051023,3.3833887577056885,1,0.0067913741804659,0.0146452989429235,-0.0149078499525785,0,0.0028830061201006,-0.0440710969269275,0.196511760354042,0,-0.1381080001592636,-0.4251222908496856,1.041621446609497,1,0.0019209997262805,0.0211789850145578,-0.0890375897288322,0
1.4251713752746582,1.1704435348510742,18.95675468444824,0.0026739798486232,-0.0036330856382846,0.0101065021008253,0,0.2543998658657074,2.135116577148437,2.6016170978546143,1,0.0017991561908274,-0.02020113915205,-0.0367824770510196,0,-0.0005510906921699,0.0131342131644487,-0.0317558608949184,0,0.7194709181785583,-0.347659170627594,12.960477828979492,1,0.0184646155685186,0.0116823716089129,0.0097270142287015,0,-0.0080609116703271,0.0919659286737442,-0.0869379118084907,0,0.5406931638717651,-1.1740458011627195,3.089513301849365,1,-0.1037182807922363,0.4640835523605346,0.4407888650894165,0
0.7370538115501404,-0.1286123245954513,11.687631607055664,0.0001367915974697,0.0108503187075257,-0.0213359631597995,0,-1.3225116729736328,-1.0908827781677246,4.39621639251709,1,-0.0076706269755959,-0.0107368770986795,-0.0066476957872509,0,1.1501071453094482,0.6802852749824524,4.6938982009887695,1,-0.0031201636884361,0.0111331120133399,-0.0439043529331684,0,0.0027483014855533,-0.0071599618531763,0.0115905757993459,0,0.9188302755355836,0.2753963470458984,2.6622214317321777,1,-0.0035969668533653,0.0017478942172601,-0.0006858666311018,0,0.0021308087743818,0.0007543035899288,-0.0037222288083285,0
1.380521297454834,-0.8999735713005066,17.497800827026367,0.0091317873448133,-0.0104070911183953,0.0239068791270256,0,0.3857648968696594,0.6991836428642273,6.086520671844482,1,-0.0007396284490823,0.0040046866051852,-0.0122528253123164,0,0.0024971393868327,0.0019009060924872,-0.0050505422987043,0,0.608104407787323,-0.7462736964225769,6.3259687423706055,1,0.0190286058932542,0.0124301249161362,0.0272910520434379,0,-0.0037930209655314,0.0429377071559429,-0.054745752364397,0,0.3557357788085937,-0.9755417704582214,5.139021873474121,1,0.0047912956215441,0.0717919394373893,-0.0328575894236564,0
0.5812269449234009,-1.279686450958252,9.862098693847656,-0.0617730431258678,0.01363240275532,0.0064534246921539,0,0.5635662078857422,-0.6962862014770508,2.343137741088867,1,-0.0004994277842342,-0.0192720908671617,-0.0076479795388877,0,-0.0066977813839912,-0.0078592039644718,-0.0300761219114065,0,0.0139906713739037,-0.0026326731313019,-0.0170128159224987,0,-0.3721946179866791,0.0300270449370145,2.9411065578460693,1,0.0018264835234731,-0.0048115602694451,-0.047486238181591,0,0.1026249229907989,0.0322313420474529,0.0209126770496368,0,0.3403835296630859,-0.6247153878211975,4.652711391448975,1
1.5827946662902832,0.7645744681358337,5.0129570960998535,0.0021183327771723,-0.0008564474410377,-0.0069234897382557,0,0.634351372718811,0.2524353265762329,1.1561728715896606,1,0.0017321354243904,-0.0145703591406345,-0.0608078204095363,0,0.0029996451921761,0.0072854189202189,-0.0056906291283667,0,1.0957083702087402,0.3709498047828674,2.707423448562622,1,-0.0954105406999588,0.0670827999711036,0.1530075520277023,0,0.0009467916097491,0.0001006578095257,-0.0197593737393617,0,0.2617602050304413,-0.0731463730335235,0.6226903200149536,1,-0.321411669254303,0.1552936434745788,0.4668441116809845,0
0.8949857354164124,-0.0089734829962253,8.997221946716309,-0.0467053838074207,0.035543143749237,-0.0578113794326782,0,0.2576525807380676,-0.065577819943428,3.083611011505127,1,-0.0041497116908431,0.0049421959556639,0.152459517121315,0,0.7652046084403992,0.752112865447998,3.1456093788146973,1,-0.0075215613469481,0.0049713109619915,-0.0404090955853462,0,0.0123500349000096,0.0014749501133337,0.0055844257585704,0,-0.1096123456954956,-0.7244367599487305,2.761631727218628,1,0.0200485568493604,-0.0206551793962717,-0.029363190755248,0,0.0077189621515572,0.0026517712976783,-0.024089440703392,0
0.4913308918476105,0.0891745239496231,14.131454467773438,0.0803724154829979,0.1610205024480819,0.2883086204528808,0,-4.502665996551514,-0.8446314930915833,6.698156833648682,1,-0.0034386767074465,0.014740933664143,-0.0130497496575117,0,1.662253975868225,0.8073537349700928,1.5350686311721802,1,-1.433488130569458,-1.2628295421600342,3.533355712890625,1,0.0133704934269189,0.0036900471895933,-0.0060841501690447,0,4.658332347869873,1.2125535011291504,2.120227336883545,1,-0.0016120560467243,-0.0033238504547625,-0.0120902098715305,0,0.0182062666863203,0.0006006514304317,-0.0124382739886641,0
-1.412601113319397,2.3427889347076416,17.24628257751465,1.1356875896453855,0.5722227692604065,2.9230711460113525,1,-1.5495480298995972,1.7386761903762815,1.3637298345565796,1,-0.0239335224032402,0.0131048411130905,-0.0206198096275329,0,1.5162780284881592,-0.2698429822921753,2.4599125385284424,1,-1.194395899772644,0.1189588829874992,6.966781139373779,1,0.0018214384326711,-0.0005471101030707,0.0161419808864593,0,0.5200634002685547,0.1717828512191772,0.2443811744451522,0,-1.7696568965911863,-0.0348591394722461,3.3320212364196777,1,-0.0489171966910362,0.0332925952970981,-0.0391362458467483,0
1.3878297805786133,0.5593377351760864,20.565017700195312,0.0126643925905227,0.0022519824560731,-0.0361880473792552,0,-0.003976535052061,0.0015066330088302,-0.0138803552836179,0,0.0022762636654078,0.007835186086595,0.0088935727253556,0,-0.1321165263652801,0.930642068386078,15.891222953796388,1,-0.0131118427962064,0.012041600421071,-0.0299580451101064,0,0.0013437868328765,0.0074775284156203,0.0850013643503189,0,1.771981120109558,-0.9156678318977356,2.6268019676208496,1,-0.2466955035924911,0.5225244164466858,2.058793544769287,1,-0.0045352675952017,-0.0092739118263125,-0.025668965652585,0
-1.0578455924987793,0.5584807991981506,19.69426727294922,-0.0346205979585647,-0.0064768325537443,1.707514275040012e-05,0,0.4127563834190368,-0.0439019240438938,1.9890497922897337,1,-1.3269667625427246,1.2669166326522827,4.038984775543213,1,0.05909164249897,0.002106468193233,0.8866248726844788,1,0.8156002163887024,0.16226127743721,3.5321218967437744,1,-1.0949978828430176,0.0036729271523654,5.685435771942139,1,0.0074820187874138,0.0696187913417816,0.0140970256179571,0,1.2366396188735962,-0.4977326393127441,1.7883999347686768,1,-1.132830262184143,-0.3979838490486145,1.759535312652588,1
1.570304274559021,0.4168359041213989,8.561872482299805,0.0247237980365753,-0.0061799217946827,-0.0159281101077795,0,0.406183123588562,0.2193826735019683,0.6999507546424866,1,-0.7256572246551514,-0.0355034694075584,0.6926642060279846,1,0.0118670035153627,0.0029150883201509,0.5784886479377747,1,1.490382194519043,0.2899381220340729,2.6255030632019043,1,-0.6782552003860474,0.0880544260144233,2.3078129291534424,1,0.0052354116924107,0.0025425634812563,-0.0094287376850843,0,1.1641055345535278,-0.1340421140193939,1.4340358972549438,1,-0.1282804012298584,-0.0102714505046606,0.2487731575965881,0
0.1102994158864021,1.1311712265014648,16.33469009399414,-0.0174237042665481,-0.0054526627063751,0.0205701943486928,0,0.0355559140443801,0.0838368311524391,-0.0664844289422035,0,-0.182806596159935,0.9244009852409364,4.1869940757751465,1,-0.0083238063380122,0.0011174938408657,-0.0044547650031745,0,0.5303908586502075,0.3989251852035522,1.5731788873672483,1,0.0206004623323678,-0.0005624398472718,0.0195448324084281,0,-0.0349375084042549,0.1326769441366195,0.0705255344510078,0,-0.2494117319583892,-0.4391665160655975,10.632442474365234,1,0.0166555140167474,0.0353953875601291,-0.097626231610775,0
1.2748459577560425,-1.585343599319458,17.897031784057617,0.0071829943917691,0.0089508891105651,-0.0356666892766952,0,0.6469401121139526,-0.8915232419967651,1.301926612854004,1,0.0018938421271741,-0.0269427020102739,-0.0861325040459632,0,-0.0019303638255223,-0.0019049951806664,-0.0128617910668253,0,0.0210979841649532,-0.0743767246603965,0.2511404752731323,0,-0.6625630855560303,0.1425932347774505,6.983155250549316,1,0.0096762124449014,-0.1713034212589264,0.0323166921734809,0,0.0933902487158775,-0.0642238333821296,-0.066222183406353,0,1.1591579914093018,-0.5066127181053162,9.529375076293944,1
-0.1249182820320129,0.1677508950233459,5.312999248504639,0.0136977219954133,0.0019825217314064,-0.0350545272231102,0,0.0039090584032237,-0.0091953910887241,-0.0053908568806946,0,-0.7249809503555298,-0.2161941528320312,2.2875430583953857,1,0.0021191390696913,-0.0006763591081835,0.0229187794029712,0,0.5305907726287842,0.4002013802528381,1.4545692205429075,1,-0.1276406198740005,-0.0516226515173912,0.3674252927303314,0,-0.0062393965199589,0.0077683143317699,-0.0016400408931076,0,0.1816505044698715,0.0393966138362884,1.2301651239395142,1,0.0019754651002585,-0.00390938622877,-0.0075368992984294,0
0.6203209757804871,-0.4644429981708526,5.147456169128418,0.0054458063095808,0.0011403709650039,-0.0108300615102052,0,0.0090203844010829,-0.0144292237237095,0.0217776857316494,0,-0.1815131306648254,-0.2944554984569549,2.3868532180786133,1,-0.0001319545262958,-0.0037215778138488,-0.0037117414176464,0,0.6111963391304016,0.073069654405117,1.0203826427459717,1,-0.1431860774755478,-0.1536470651626587,0.8564243912696838,1,-0.0041800374165177,0.005280006211251,0.0060298540629446,0,0.3233691751956939,-0.0679980218410492,0.9099379777908324,1,0.0003004957688972,-0.0096816690638661,-0.0394081585109233,0
1.692543864250183,1.681357502937317,16.67631721496582,-0.0336246825754642,0.0067654363811016,0.0292897727340459,0,0.2250663936138153,2.36834979057312,6.147872924804688,1,0.0041142487898468,-0.0335273668169975,-0.0036484545562416,0,0.0019445712678134,-0.0048806006088852,0.0043754060752689,0,0.8572922348976135,-0.2258089482784271,8.354658126831055,1,0.0136665739119052,0.0014512609923258,0.0164124853909015,0,0.0018251226283609,0.1444289237260818,-0.031173251569271,0,0.6815520524978638,-0.590731143951416,2.094409704208374,1,-0.059292659163475,0.0153101561591029,0.0641203001141548,0
-0.1517723947763443,1.6446409225463867,12.600214958190918,-0.0001096950509236,0.007591656409204,-0.0101171936839818,0,-0.0046205497346818,0.0161671079695224,-0.0162015911191701,0,-0.0053542638197541,-0.0095707364380359,-0.0378760546445846,0,0.5081878304481506,0.6717023253440857,7.786041736602783,1,-0.0121425529941916,-0.0099634546786546,0.0265668611973524,0,-0.0090514672920107,-0.0123997014015913,0.0255513675510883,0,0.0943909287452697,-0.0479407310485839,0.1229491233825683,0,-0.7237086296081543,1.039635419845581,4.719663619995117,1,0.0006359688122756,-0.0105810603126883,-0.0163627490401268,0
0.4725470542907715,-0.1778214126825332,3.838637590408325,0.2393729388713836,-0.0368742495775222,0.6956634521484375,1,-0.3327100574970245,-0.1313755512237548,0.580813467502594,1,3.467724127403926e-06,-0.0010381264146417,-0.0608506388962268,0,0.6224607825279236,-0.0548119880259037,0.9570465087890624,1,-0.5587693452835083,-0.0223682206124067,0.5693827271461487,1,-0.0025684426072984,-0.0064055393449962,-0.0119957057759165,0,0.7501171827316284,0.0978581830859184,0.840619683265686,1,-0.2424743771553039,-0.0184676088392734,0.2782357633113861,0,-0.0028851134702563,-0.004338338971138,-0.0102773057296872,0
1.1728439331054688,2.974043846130371,5.569063186645508,0.3912360668182373,0.5412582159042358,1.0233683586120603,1,-0.372422307729721,0.229429617524147,0.6183857917785645,1,-0.0031845108605921,-0.004761145915836,0.0394719429314136,0,1.0734423398971558,1.1145834922790527,1.8017792701721191,1,-0.4757742285728454,0.3739907145500183,0.3807260692119598,0,-0.0131204761564731,0.005573496222496,-0.0270034056156873,0,0.7806128859519958,0.5472798943519592,1.3486344814300537,1,-0.2123651802539825,0.1608433723449707,0.3784628510475158,0,0.0044193039648234,0.0058462815359234,0.0052375304512679,0
-0.4287096261978149,-1.5946969985961914,14.389894485473633,-0.6820831298828125,-0.7306842803955078,8.81081485748291,1,-0.0640347227454185,-0.0014492984628304,-0.0135923409834504,0,0.000966033374425,0.0009493449470028,-0.0025891319382935,0,1.313081979751587,-1.2040200233459473,4.457970142364502,1,-0.0024499364662915,0.0167241469025611,0.0320418365299701,0,0.0037039336748421,-0.0050967182032763,0.0207741446793079,0,-0.0008964682929217,-0.0792241692543029,-0.0048975669778883,0,-1.0001442432403564,0.4082658886909485,1.0631722211837769,1,0.0031469007954001,-0.0001618794631212,0.0262007266283035,0
0.0144926533102989,-0.3379995822906494,5.863700866699219,-0.0174584686756134,0.0222906004637479,0.0469856411218643,0,0.3383881449699402,-0.2225730121135711,1.8831679821014404,1,-0.0023920601233839,-0.0080305412411689,-0.0001194836877402,0,0.0037502844352275,-0.0047753676772117,-0.0208839476108551,0,0.0094256997108459,0.0138687472790479,-0.1171871870756149,0,-0.2497604787349701,0.135255828499794,0.4542168080806732,0,0.0007234166259877,-0.0054748598486185,-0.0165737196803092,0,-0.0253340173512697,0.0152803603559732,-0.0309283901005983,0,-0.0428498834371566,-0.2838413417339325,3.6650230884552,1
0.1312389373779297,-0.5318202376365662,6.7205986976623535,-0.0070583969354629,0.0040015298873186,-0.0056786257773637,0,0.0004312529054004,0.0184650532901287,-0.0311244502663612,0,-0.2952755689620971,-0.1946725249290466,0.6414343118667603,1,-5.119953129906207e-05,0.0064856908284127,-0.025568826124072,0,0.5891751646995544,0.1874045431613922,0.7810240983963013,1,-0.0179330520331859,0.0067014335654675,-0.037407711148262,0,-0.0093250721693038,0.0020587902981787,0.0198777839541435,0,-0.1271388828754425,-0.5767530798912048,5.392308235168457,1,-0.0015853272052481,0.0144883515313267,-0.0142658576369285,0
-0.2968421578407287,0.2165566384792328,20.46015357971192,0.225296288728714,0.1778014451265335,2.3032734394073486,1,-0.0025642320979386,-0.0052838218398392,-0.0175290573388338,0,0.0037713565398007,-0.0167968310415744,-0.0223881751298904,0,0.300541490316391,0.0871601551771164,8.685904502868652,1,-0.0161876995116472,0.0019545585382729,0.0261907335370779,0,0.0048536844551563,-0.0033391600009053,-0.0211253147572278,0,-0.8139978051185608,-0.012761048041284,9.512911796569824,1,0.0028732095379382,-0.0069654458202421,0.0139956697821617,0,-0.0014283831696957,-0.0052132355049252,-0.0210820846259593,0
-2.344546318054199,-0.9666008949279784,16.64193344116211,-0.0254116225987672,0.0089235985651612,-0.0173309054225683,0,0.1989502012729644,0.0585497133433818,0.2747188806533813,0,-2.830688953399658,2.6442980766296387,6.192319869995117,1,-0.0017591019859537,0.0136029748246073,-0.0264475885778665,0,0.9120628237724304,0.2652657032012939,1.7170614004135132,1,-1.752339482307434,-1.215018630027771,4.464863300323486,1,-0.0059668309986591,-0.0540603920817375,-0.0907580479979515,0,2.817078828811645,-0.2189104259014129,2.0032167434692383,1,-1.6564723253250122,-2.4692516326904297,2.12429141998291,1
-2.2641971111297607,-0.1585331261157989,3.942523956298828,-0.036862589418888,0.0015011017676442,0.0493234135210514,0,-5.1886138916015625,-1.9850361347198489,1.110248327255249,1,-0.0017452399479225,-0.0144726801663637,-0.0896081253886222,0,0.8333220481872559,0.6536560654640198,1.5542820692062378,1,-0.521104097366333,-0.6196804642677307,0.2400825172662735,0,0.0189520698040723,0.0057478286325931,0.0241463836282491,0,2.5414884090423584,1.8794866800308228,1.0281758308410645,1,0.0290651861578226,-0.0680292099714279,0.0156277641654014,0,0.0613013468682765,-0.0117062246426939,0.0102458149194717,0
1.4589226245880127,1.197725772857666,9.5176362991333,0.0249677691608667,0.0051534892991185,-0.0018000275595113,0,0.0451293401420116,4.114057540893555,3.863183259963989,1,-0.0135637186467647,-0.0362820513546466,-0.0007810635725036,0,0.0031183557584881,0.0027585860807448,-0.0155872665345668,0,2.2467002868652344,-3.678733587265015,4.824286460876465,1,0.0060521434061229,0.0007561592501588,-0.017651567235589,0,0.0097427349537611,0.1229064315557479,0.0496170409023761,0,0.0893905013799667,-0.1262819916009903,0.1467583775520324,0,-0.952614963054657,0.7933910489082336,0.6696120500564575,1
-1.93861985206604,10.397025108337402,16.061325073242188,0.0489898063242435,-0.0085973404347896,-0.027266539633274,0,0.3045440018177032,0.1921812444925308,0.4886868298053741,0,-5.077249050140381,7.982161521911621,4.391040802001953,1,-0.0044566546566784,0.010036158375442,-0.0145579408854246,0,1.1132112741470337,1.962732553482056,7.253299713134766,1,-0.2133021056652069,-0.3045655786991119,0.2630647420883178,0,0.0060600973665714,0.0207222513854503,0.0391099043190479,0,1.860032320022583,0.4807263314723968,3.676140308380127,1,0.0235504936426877,0.061627347022295,-0.0081928195431828,0
0.3924038112163543,-0.7532476186752319,5.675754070281982,0.007781078107655,0.0008313573780469,-0.0218306649476289,0,0.2725483775138855,0.1144164428114891,3.6695284843444815,1,0.0009657136979512,-0.0074441409669816,-0.0119078764691948,0,0.0151059040799736,-0.0100516639649868,0.0038309732917696,0,0.2471419721841812,-1.0375959873199463,1.0114576816558838,1,0.0147710340097546,0.0091588450595736,0.003677076427266,0,0.0018315588822588,-0.08655396848917,0.018490282818675,0,-0.0054635009728372,-0.0057904371060431,-0.0330399945378303,0,-0.1622783243656158,0.2697819471359253,1.0355480909347534,1
-2.6480512619018555,-6.321573257446289,14.046119689941406,0.0350145623087883,0.0014700813917443,0.0019582302775233,0,0.1744880974292755,-0.904674232006073,9.835933685302734,1,-0.0060746115632355,-0.0062704072333872,-0.0376904383301734,0,0.0079358154907822,-0.0118262618780136,-0.0073177018202841,0,0.8323396444320679,-1.546823501586914,0.5473598837852478,1,0.0139630464836955,0.0162927079945802,0.0056324950419366,0,0.0012927999487146,-0.1003726795315742,-0.000494381180033,0,0.0075467117130756,-0.0167479328811168,0.0330064594745636,0,-3.714557409286499,-3.752620935440064,3.667731046676636,1
0.5492633581161499,1.6012312173843384,17.259326934814453,0.8160473108291626,0.5625564455986023,1.4161607027053833,1,-0.5276583433151245,0.9674052596092224,1.848044753074646,1,0.0003983298374805,-0.0066474992781877,0.1033940613269805,0,0.6906010508537292,-0.168471410870552,1.9981143474578855,1,0.454048216342926,0.2729862332344055,6.6240739822387695,1,0.0111046219244599,-0.0024381296243518,-0.0122073516249656,0,-0.0109936539083719,0.120213970541954,-0.133226215839386,0,-0.8988372683525085,-0.1667962670326233,5.4633469581604,1,0.0145530151203274,0.0224226377904415,-0.0483734086155891,0
-1.108642578125,1.0647563934326172,16.9940242767334,0.3847271203994751,0.1994706839323043,1.714297890663147,1,-1.7488845586776731,0.6714528799057007,3.04977822303772,1,0.0033059502020478,-0.0128821982070803,0.0191195849329233,0,0.664659857749939,0.0705057755112648,2.538503646850586,1,0.2431975603103637,0.3423752784729004,5.863709449768066,1,0.0075570531189441,0.0093006463721394,0.0167527813464403,0,0.1489952951669693,0.1286925673484802,0.3101485073566437,0,-0.8492574691772461,-0.340565025806427,3.4582884311676025,1,0.0370566509664058,-0.0035941556561738,0.0234236270189285,0
0.7827105522155762,-1.536471962928772,14.434232711791992,0.305197924375534,0.3808243870735168,0.7471803426742554,1,-0.5126771926879883,-0.3774032890796661,0.3253495395183563,0,-0.0043145697563886,-0.0089974422007799,0.0267680045217275,0,1.007355570793152,-0.8610135912895203,11.483424186706545,1,-0.0009724426199682,0.036952406167984,-0.0208559837192296,0,-0.0061204233206808,0.0046184607781469,-0.0143957771360874,0,0.0516989715397357,-0.7171679735183716,1.90872323513031,1,-0.050298549234867,0.0548647530376911,0.0050225513987243,0,-0.0071586957201361,-0.0491497367620468,-0.0269831418991088,0
1.131174087524414,-0.2353216409683227,13.8782958984375,0.0152862723916769,-0.0059822741895914,-0.0062109935097396,0,0.0092838704586029,0.0082823382690548,-0.0268216207623481,0,-0.0063722915947437,-0.0127637013792991,-0.0442860648036003,0,0.0082283876836299,0.0013481607893481,0.0435191877186298,0,1.391431212425232,0.6963633298873901,10.05162525177002,1,0.0095611633732914,0.0038503606338053,-0.0332698971033096,0,0.0027513639070093,0.0031028257217258,-0.0094360150396823,0,-0.3050204813480377,-0.9324682354927064,3.905184745788574,1,0.006024595350027,0.0029455362819135,-0.002009323099628,0
2.834310293197632,-1.7173490524291992,19.441410064697266,-0.019365144893527,-0.0307558085769414,0.0201375763863325,0,1.3244959115982056,-0.4312765896320343,10.267889022827148,1,-0.0030466725584119,-0.0197726227343082,-0.0310583375394344,0,-0.0076633412390947,0.0045138788409531,0.0101612182334065,0,0.0081849982962012,-2.4389402866363525,8.582454681396484,1,0.0166031997650861,0.0126080391928553,-0.0055738002993166,0,1.4267525672912598,1.2621562480926514,0.708736002445221,1,0.0841039344668388,-0.0869668573141098,-0.0747661292552948,0,0.0042446893639862,0.0110848881304264,-0.0365706011652946,0
1.5307621955871582,1.0153601169586182,3.331277847290039,-0.0022816946730017,-0.0004182678530924,-0.019009405747056,0,1.183140516281128,0.3166069984436035,0.1148716211318969,0,-0.0061815264634788,-0.0063816467300057,-0.0338614135980606,0,0.0015032896772027,-0.0004235072119627,0.0807520449161529,0,0.844797670841217,0.2527383267879486,1.658805251121521,1,-0.3726150095462799,0.2581803798675537,0.8666118383407593,1,-0.0013011938426643,0.0023240917362272,0.001123736728914,0,0.2521199584007263,0.1100664064288139,0.4728365242481231,0,-0.3684200942516327,0.0826673060655593,0.1891477406024933,0
0.2347269803285598,-0.1375510096549987,8.83194637298584,-0.0021570362150669,0.0007187002920545,-0.0136709120124578,0,-0.148754596710205,-0.1217677518725395,1.80193293094635,1,-0.0016506387619301,-0.0096427993848919,-0.0466643385589122,0,0.0015202224021777,-0.000564819201827,0.0013899800833314,0,-0.3747352361679077,-0.1430436819791793,2.6105737686157227,1,0.0172901712357997,0.0133651411160826,-0.0393357016146183,0,0.0035044772084802,-0.007860479876399,-0.0243554972112178,0,0.7412216663360596,0.130778968334198,4.539426326751709,1,-0.0015120351454243,0.0004656864039134,0.0026505861897021,0
0.4127112030982971,-0.3494400382041931,5.635228157043457,-0.0170923620462417,0.0072940764948725,0.0028302178252488,0,-0.2107719480991363,-0.4738284051418304,3.0586869716644287,1,-0.0018750674789771,-0.0010389720555394,0.0110378479585051,0,0.5325772166252136,0.0356006100773811,1.0936204195022583,1,-0.1352574378252029,0.0049062855541706,0.706356942653656,1,0.0193853545933961,-0.0004881907079834,-0.0316086448729038,0,0.217119961977005,0.077934630215168,0.7974229454994202,1,0.0022753339726477,-0.0074360128492116,-1.150560456153471e-05,0,0.0063501219265162,0.0076159280724823,-0.0031071063131093,0
0.6392756104469299,1.7016923427581787,7.670785903930664,0.5031360387802124,0.2448687702417373,0.8783361315727234,1,-0.0075369607657194,0.009504578076303,-0.0534639172255992,0,0.0036328551359474,-0.0070906449109315,0.0044707744382321,0,0.0022960025817155,-0.0028274771757423,0.006308211479336,0,-0.3265056014060974,0.7772752642631531,0.2451035529375076,0,-0.0093603832647204,-0.0082732336595654,-0.0068677817471325,0,-0.0007918335613794,-0.0035730374511331,-0.0093052899464964,0,0.4781047105789184,0.6978549361228943,6.628589153289795,1,-0.0036992330569773,-0.0060467645525932,-0.0223850309848785,0
-1.4280378818511963,-0.6138733625411987,6.136970043182373,0.0013374490663409,0.0095158051699399,-0.0227027926594018,0,0.0489587076008319,0.0263205617666244,-0.0154503630474209,0,-3.1638333797454834,0.8280125260353088,3.2292959690093994,1,-0.0022157954517751,0.0026434315368533,-0.0155561557039618,0,0.5743318200111389,0.281335711479187,1.1703121662139893,1,-1.2759816646575928,-1.5596154928207395,0.9693214297294616,1,-0.0012565468205139,-0.1245806738734245,-0.0255856122821569,0,2.434089183807373,-0.1026776060461998,0.7553668022155762,1,-0.0434674955904483,0.0251723043620586,0.0919691920280456,0
0.1119270324707031,-0.3621082901954651,18.72654151916504,0.007937085814774,0.0029787474777549,-0.0243194550275802,0,-0.1678328067064285,-0.3711044192314148,8.345719337463379,1,-0.0042752069421112,-0.0092823952436447,-0.003977486398071,0,0.7037821412086487,0.2647652924060821,5.23884916305542,1,0.0034231909085065,-0.0119178462773561,0.0016862200573086,0,-0.0023185247555375,-0.0111724194139242,0.0538591966032981,0,-0.4424685537815094,-0.2140031456947326,5.111812591552734,1,0.0135471411049366,-0.0047158263623714,0.0275405682623386,0,0.0001325168996118,-0.0076562585309147,-0.0246270094066858,0
-2.0933713912963867,1.4356234073638916,14.283512115478516,-0.6815401911735535,0.600473165512085,1.990151047706604,1,-0.0149116795510053,0.0856745764613151,-0.0406069681048393,0,0.0045556742697954,0.0163172800093889,-0.0184829495847225,0,-0.898945689201355,0.5703477263450623,10.675736427307127,1,-0.0135350869968533,0.0445990599691867,0.0907197296619415,0,0.0101396841928362,-0.0024203322827816,0.0191377531737089,0,0.0957077592611312,-0.3172650337219238,1.3354694843292236,1,-0.5828575491905212,0.4506804049015045,0.2330672293901443,0,-0.0119844004511833,-0.0127835059538483,-0.0016790792578831,0
-0.8823402523994446,0.3359748125076294,19.78033447265625,0.0139231635257601,-0.002604850102216,-0.0308247469365596,0,1.958552956581116,1.9067641496658323,5.839852333068848,1,-0.0028068902902305,0.0030648710671812,-0.0388492718338966,0,-9.536020661471412e-05,0.0030456196982413,-0.0189013965427875,0,-2.8258512020111084,-1.5203899145126345,13.48840045928955,1,-0.0165954772382974,0.0024770039599388,-0.0191605929285287,0,0.1275446861982345,0.0320455394685268,0.2623148560523987,0,-0.1401701420545578,-0.0922259613871574,0.3042017221450805,0,0.0031580282375216,0.0037982920184731,-0.006698059849441,0
0.2196650803089141,0.0021463232114911,5.236863613128662,0.0118369627743959,-0.0029537677764892,-0.0204934440553188,0,-0.0058610416017472,0.0287232436239719,-0.0331274196505546,0,-0.0304738394916057,-0.3482756912708282,2.126960515975952,1,0.0036085408646613,-0.0044991760514676,0.005860005505383,0,0.4672208428382873,0.6433010697364807,1.7098639011383057,1,0.0060948245227336,-0.001187716377899,-0.0057432330213487,0,-0.0093670962378382,0.0017697964794933,0.0280323848128318,0,-0.2238273471593856,-0.3209157288074493,1.4282044172286987,1,0.000433244742453,0.0061842696741223,-0.0026936323847621,0
-1.5921956300735474,-1.1469533443450928,5.57310152053833,1.7257041931152344,-0.8897615075111389,2.544738292694092,1,-4.180786609649658,-0.6489123106002808,1.8286696672439573,1,0.5279133915901184,0.1454763859510421,-1.5129207372665403,0,0.5350309014320374,-0.0986009389162063,1.371783971786499,1,-0.1055044010281562,0.2631093859672546,1.2846503257751465,1,0.0129055669531226,-0.005519441794604,0.0052323420532047,0,0.0018277143826708,0.0948938503861427,0.0324199125170707,0,-0.1139695346355438,-0.0368458144366741,0.054233118891716,0,0.0046832482330501,0.029207244515419,-0.0357052497565746,0
1.4969102144241333,-0.9424000978469848,12.56460952758789,1.449034333229065,-0.305187851190567,1.7341374158859253,1,-1.0805513858795166,-0.3124302327632904,2.9856624603271484,1,-0.0035511690657585,-0.0044743437319993,-0.0517657771706581,0,1.7323776483535769,-0.1973989754915237,1.069503664970398,1,-1.594313621520996,0.1018038764595985,2.864760160446167,1,-0.0026825985405594,-0.0055889445357024,-0.003871044376865,0,2.0949079990386963,-0.1134744137525558,1.6957802772521973,1,-1.093233942985535,-0.1071999371051788,2.258249998092652,1,-0.0050768852233886,0.0015506973722949,0.0121531030163168,0
1.1545424461364746,-1.1437383890151978,13.093671798706056,0.0179755873978137,0.0034962981007993,-0.042136937379837,0,2.6743476390838623,-1.2240517139434814,4.222288608551025,1,-0.0022406657226383,-0.0191198196262121,-0.0550841577351093,0,0.0018496960401535,0.0019503236981108,0.0217217877507209,0,0.6467369198799133,-0.4563508033752441,0.9759851098060608,1,-0.9882513880729676,0.4303602576255798,3.696653127670288,1,0.0010053670266643,-0.003630785504356,-0.0061248447746038,0,-0.0023379258345812,0.0019656827207654,-0.0330199785530567,0,-1.194542646408081,0.1216422393918037,4.313388347625732,1
-0.00596425216645,0.9051818251609802,17.819921493530273,0.007355386391282,-0.0012659442145377,-0.0184901040047407,0,1.1362605094909668,1.5874117612838743,2.1057965755462646,1,0.0006709491135552,0.0084854084998369,0.0173668321222066,0,0.0090950820595026,0.0010952301090583,0.0490319728851318,0,-0.8059052228927612,-0.4133395552635193,13.303581237792969,1,-0.0054497360251843,0.0040584937669336,-0.0082515133544802,0,0.2772585451602936,0.0482036210596561,1.156922459602356,1,-0.6272656321525574,-0.3379410803318023,1.2090435028076172,1,0.0020159750711172,0.0084739122539758,0.0049199620261788,0
1.3887698650360107,0.2167357206344604,5.353828430175781,0.0053242994472384,-0.0056751086376607,-0.0304516162723302,0,0.2966024577617645,0.2975095808506012,0.3391163051128387,0,-1.3465744256973269,-0.4100100100040436,0.956238090991974,1,0.0048561454750597,-0.0063481559045612,0.1973978132009506,0,1.2707972526550293,0.3999848365783691,1.869236946105957,1,-0.6228917241096497,-0.1458740383386612,1.5625669956207275,1,0.0005546997999772,-0.0012092191027477,-0.0076595926657319,0,1.801887035369873,0.0879223197698593,0.4454552233219147,0,-0.0217858180403709,0.000435514783021,0.0219280179589986,0
-0.405760109424591,0.2927061319351196,9.320606231689451,-0.00107684568502,-0.0003867743071168,-0.0139114558696746,0,-0.7921850681304932,-0.0059813242405653,4.620655059814453,1,-0.0011172911617904,-0.005071407649666,-0.0027072892989963,0,0.0458089932799339,0.1291219890117645,0.0579695031046867,0,-0.2733108401298523,-0.4642038643360138,1.4691437482833862,1,0.0137965269386768,0.0161088649183511,-0.0442693792283535,0,0.6029309034347534,0.6227935552597046,3.2131993770599365,1,-0.001871034502983,0.0003280891687609,0.0086724618449807,0,0.0012645785463973,-3.003317033289932e-06,0.0118543952703475,0
0.4615144431591034,-0.3289880156517029,5.539275169372559,0.0055694500915706,-0.0056404275819659,-0.0362402312457561,0,0.5470154285430908,-0.0491771027445793,3.8482491970062256,1,-0.0058218515478074,-0.0007359617156907,-0.0031744872685521,0,3.461394589976408e-05,0.0025887442752718,-0.0239313561469316,0,-0.1803047955036163,-0.2456062287092209,0.4228342473506927,0,-0.00257662916556,0.0041342829354107,-0.0101167289540171,0,0.0999973565340042,-0.0099607510492205,1.4328391551971436,1,0.0006368230096995,0.0025900474283844,-0.018067518249154,0,-0.0030359968077391,-0.0271806493401527,-0.0731170997023582,0
0.7037087082862854,-0.1765468865633011,7.867424964904785,-0.0248868875205516,0.009998888708651,-0.0402400270104408,0,-0.0692322626709938,-0.5884273052215576,2.2025675773620605,1,0.0210780445486307,0.0134688932448625,0.056997362524271,0,0.8129346966743469,0.3003651797771454,5.808398723602295,1,-0.0004879075568169,-0.0195334665477275,-0.0261268969625234,0,-0.0040272586047649,0.0080384211614727,-0.018969913944602,0,-0.0297063570469617,0.0728085786104202,-0.050121746957302,0,-0.0119187217205762,0.022875964641571,-0.0905453562736511,0,0.0099553484469652,0.0038578740786761,0.0254654865711927,0
0.6114438772201538,0.3402383923530578,19.845224380493164,-0.0205332748591899,0.0078233992680907,0.0499592423439025,0,-1.112966775894165,0.781075656414032,8.89066219329834,1,-0.0020216121338307,-0.0246242079883813,-0.0855416133999824,0,0.0083264391869306,-0.0033477509859949,0.0302914977073669,0,3.207448005676269,-1.5933865308761597,7.50698184967041,1,-0.0053998483344912,0.0124662732705473,-0.0588914640247821,0,0.0029097951482981,-0.0008298979955725,-0.0073535330593585,0,-0.0116526382043957,-0.0006619226769544,0.0353128127753734,0,-1.454666018486023,1.1617233753204346,3.4838035106658936,1
1.886818528175354,0.8639397025108337,9.124571800231934,-0.015283903107047,-0.006933391559869,0.0030048012267798,0,-0.1028808057308197,1.153204083442688,1.6473902463912964,1,-0.0052404156886041,0.0044280868023633,-0.2892682254314422,0,0.0103014092892408,-0.0045389267615973,-0.009912553243339,0,0.724184513092041,0.4519845247268677,4.323557376861572,1,0.0072721922770142,-0.0037552325520664,0.0134557299315929,0,0.0020465503912419,-0.0974925532937049,-0.0085949329659342,0,1.258612036705017,-0.6856249570846558,3.5126914978027344,1,0.0078069726005196,0.0526681654155254,-0.0677520930767059,0
-0.735770583152771,2.449418783187866,14.01151180267334,-0.0106078125536441,0.0070071443915367,-0.0202022474259138,0,-1.006443738937378,1.9844309091567995,2.763768196105957,1,0.053066786378622,-0.0243031345307827,0.2198635041713714,0,0.4484564960002899,-0.0018683230737224,0.8058773279190063,1,-0.4062156081199646,0.4781514704227447,6.386926651000977,1,0.1807352006435394,0.1108312010765075,2.3659746646881104,1,0.3535445034503937,0.0521435923874378,0.0102517837658524,0,-0.424402117729187,-0.2004151195287704,1.3045319318771362,1,0.0760958418250083,0.0434411093592643,0.1745200306177139,0
-0.5238377451896667,0.554157018661499,6.4187331199646,0.448123574256897,-0.1825697869062423,1.1901562213897705,1,-0.1169414743781089,0.1916987150907516,0.0616622269153595,0,0.0024876745883375,-0.0104786166921257,-0.0275410376489162,0,0.0985322445631027,0.0039230594411492,0.186810627579689,0,0.0114769227802753,0.2241105735301971,2.419399738311768,1,0.0140982642769813,0.0060240980237722,0.1142894774675369,0,0.0047591775655746,0.0904375687241554,0.0294529665261507,0,-0.9985865354537964,0.251846045255661,2.4598164558410645,1,0.0122123900800943,-0.0208346415311098,-0.0153135498985648,0
2.1849427223205566,0.3040960133075714,10.957148551940918,0.2521693706512451,-0.1924220770597458,0.550686240196228,1,-0.0805844515562057,-0.0945668444037437,0.2343751341104507,0,-0.0032283090986311,-0.0020158097613602,0.0069897291250526,0,1.3231521844863892,0.0629664584994316,1.8893191814422607,1,-0.1333787590265274,-0.1017727255821228,0.5476081967353821,1,-0.0101566463708877,0.0038641020655632,-0.0174712352454662,0,2.0770628452301025,0.3188948631286621,4.114233493804932,1,-1.237177848815918,0.3057751953601837,3.645529747009277,1,-0.0029158052057027,0.0033728284761309,-0.0141218351200222,0
0.6703850626945496,0.0737886205315589,15.347430229187012,0.0048986510373651,0.0029195530805736,-0.0649403259158134,0,-0.4482291638851166,-0.9305640459060668,8.580706596374512,1,-0.0028457015287131,-0.0076735699549317,-0.0590916238725185,0,0.9484459161758424,0.4381963610649109,2.880469560623169,1,-0.1488356739282608,-0.0197400730103254,0.638570249080658,1,0.0117803607136011,0.0031531795393675,-0.0222864598035812,0,0.3164963126182556,0.5792299509048462,3.383900880813598,1,-0.0155468210577964,0.0036207798402756,0.0051906388252973,0,0.0042211534455418,0.0046464223414659,0.0049110348336398,0
1.4684666395187378,-0.0726095587015152,7.186023235321045,2.5115795135498047,-0.9221183061599731,2.738351583480835,1,-0.0004884818918071,-0.0043297815136611,-0.0173159874975681,0,0.0013077153125777,0.0120860561728477,0.0237135104835033,0,1.2560497522354126,-0.6838369965553284,1.782697677612305,1,-0.4317775964736938,0.4131591320037842,0.2307701259851455,0,0.0065850699320435,0.0116887614130973,-0.023875730112195,0,0.1780761629343032,-0.0417616106569767,0.1989969164133072,0,-2.045565128326416,1.1422206163406372,2.268661499023437,1,-0.0073005254380404,0.0002827508724294,-0.0159766376018524,0
-0.1595459580421447,1.0795968770980835,18.8903865814209,0.5750892162322998,0.1112949103116989,0.9895567297935486,1,-0.5277503132820129,0.3498330116271972,2.4667632579803467,1,0.0711832866072654,-0.0490049906075,0.5033642649650574,1,0.5220257639884949,0.1374133080244064,1.0705946683883667,1,-0.127018854022026,0.1722860187292099,7.014492034912109,1,0.2094017565250396,0.109753631055355,2.9421443939208984,1,0.0300083197653293,0.0365957506000995,0.065118670463562,0,-1.0093927383422852,0.2161681950092315,3.398214340209961,1,0.0969076752662658,-0.0047429883852601,0.4401381313800812,0
1.6404061317443848,-0.0801757648587226,13.66226577758789,-0.1320898830890655,0.3301617503166199,2.173581600189209,1,0.002801505383104,0.0058819837868213,-0.0246767569333314,0,-0.0048325099050998,-0.0043593794107437,0.0198360104113817,0,1.1660144329071045,-0.301266610622406,9.355079650878906,1,-0.0080281877890229,0.0126122832298278,-0.0227767750620841,0,-0.0067665288224816,-0.017682010307908,0.0117085305973887,0,0.7120854258537292,-0.2828073799610138,1.5412633419036863,1,-0.089170403778553,0.1739308685064315,0.6243733167648315,1,0.0003924667835235,0.0033527372870594,-0.0161238890141248,0
1.7871049642562866,2.732387065887451,10.23116397857666,0.7402961850166321,0.5876031517982483,1.5175621509552002,1,-0.8045740127563477,0.209177941083908,2.0647218227386475,1,-0.0081028854474425,-0.0006631225114688,0.0491212457418441,0,2.019827127456665,0.9619297981262208,2.5569610595703125,1,-0.6050275564193726,0.4182316660881042,1.1517678499221802,1,-0.0188791062682867,0.0042818114161491,-0.0341894514858722,0,0.8085054159164429,0.3642018735408783,1.9766879081726076,1,-0.3497247695922851,0.173961728811264,0.939236342906952,1,0.0047844839282333,0.0136622497811913,0.0092945611104369,0
1.6680645942687988,0.2877485752105713,8.145759582519531,0.3273378014564514,-0.0634554773569107,0.6015873551368713,1,-0.1138689741492271,0.0288330614566802,0.946692705154419,1,-0.0020032171159982,-0.0015630710404366,0.1797658056020736,0,0.8140237927436829,-0.1059305816888809,0.5913578867912292,1,-0.4482112228870392,0.2165557295083999,2.2393174171447754,1,-0.0044791046530008,0.2115164846181869,1.5205755233764648,1,1.474398493766785,0.0031792114023119,0.0694694221019744,0,-0.3719787895679474,-0.003300069598481,1.7629189491271973,1,-0.0071541732177138,0.0019132712623104,0.2340747714042663,0
0.0547999553382396,-1.0471606254577637,8.009443283081055,-0.2300395220518112,-0.2054274529218673,3.9605541229248047,1,0.0569452866911888,0.0287635140120983,-0.0051033003255724,0,0.0040969168767333,-0.0110218580812215,-0.0239148270338773,0,0.5578495264053345,-0.8365705013275146,4.0495285987854,1,0.0056615751236677,-0.0576400570571422,-0.0900659039616584,0,-0.0053383335471153,0.0067408327013254,-0.0191412679851055,0,-0.0077106044627726,0.0612592510879039,-0.0391847938299179,0,-0.2997602820396423,-0.0282134506851434,0.1455258876085281,0,-0.026904571801424,-0.0050508789718151,0.0312438327819108,0
0.9110537767410278,0.0575579889118671,15.087024688720703,0.5502121448516846,-0.5851837992668152,4.557453632354736,1,-0.0013101368676871,-0.0198347754776477,-0.0130647476762533,0,0.0019293058430776,0.0021044295281171,-0.0235876981168985,0,0.0856046825647354,-0.1467108875513076,0.3015925288200378,0,-0.5574336647987366,1.1898860931396484,3.649071216583252,1,-0.0014563845470547,0.0015338491648435,-0.0304753314703702,0,0.0024218473117798,-0.0023801219649612,-0.0072114146314561,0,0.8421441912651062,-0.3633228242397308,6.710137844085693,1,-0.0110582383349537,-0.018533956259489,-0.0568905510008335,0
0.8666968941688538,-0.7588934302330017,8.855712890625,0.0221285130828619,-0.020789124071598,0.0333457216620445,0,0.9072687029838562,-0.136381059885025,2.429664134979248,1,0.0075549194589257,-0.0122771859169006,-0.0408885329961776,0,0.0013516776962205,0.004596006590873,0.0196622218936681,0,0.5219045877456665,-0.1896148175001144,4.326861381530762,1,0.0231991540640592,-0.0045287823304533,0.0091976085677742,0,0.0479310676455497,0.1473404467105865,-0.0085550090298056,0,-0.6629331707954407,-0.5454677939414978,2.102503061294556,1,-0.0017086472362279,-0.0017711762338876,-0.0160779096186161,0
0.233272835612297,0.4517256915569305,14.743942260742188,0.0003648209676612,0.0013758494751527,-0.0059975059702992,0,-0.3170306086540222,0.7810290455818176,8.813494682312012,1,-0.0022867287043482,0.0098143424838781,-0.0272797178477048,0,0.0008234743727371,0.0020008629653602,-0.0053371046669781,0,-0.2465578764677047,-0.865606963634491,4.670942783355713,1,-0.0008823768002912,-0.0051500336267054,0.0031037412118166,0,0.8331697583198547,0.5238668322563171,1.2089977264404297,1,-0.0388429686427116,-0.0042581860907375,0.0878675431013107,0,0.0045153992250561,0.0086539266631007,-0.0018511558882892,0
0.6107532382011414,2.413818597793579,10.187320709228516,0.5762037634849548,0.2768365144729614,0.9408788681030272,1,-0.0116474581882357,0.1204650104045867,0.0158853363245725,0,0.0338266529142856,-0.0235037133097648,0.0454203970730304,0,0.5893892049789429,0.0929868146777153,0.879608154296875,1,0.207712322473526,0.6302251815795898,2.90691351890564,1,0.009769613854587,0.005466972477734,0.0140663813799619,0,-0.0021129066590219,-0.1068766042590141,-0.0070316107012331,0,-0.7606387138366699,1.3622044324874878,5.485928058624268,1,-0.0317491702735424,0.0560140684247016,-0.0943491235375404,0
-2.7852885723114014,5.112339973449707,8.916409492492676,-0.0425129756331443,0.0024119594600051,-0.000766115321312,0,0.2489504367113113,0.1395817995071411,0.5382808446884155,1,-4.523196220397949,4.65626335144043,3.554980993270874,1,0.003630852792412,-0.0118212755769491,0.0053278049454092,0,0.6914373636245728,0.6423192024230957,3.371697425842285,1,-0.4836902022361755,-0.5755746364593506,0.4395760893821716,0,-0.0050430689007043,0.0708238631486892,-0.0612863898277282,0,1.33883798122406,0.1942014843225479,1.077145218849182,1,-0.013702580705285,-0.005865222774446,-0.0085469866171479,0
-1.0708038806915283,-0.302171915769577,8.73150634765625,-0.0362528823316097,-0.0126460520550608,0.010684136301279,0,-2.167152166366577,-0.7880130410194397,4.328957557678223,1,0.0063374890014529,-0.0163377616554498,-0.0076340390369296,0,0.706371545791626,0.4474924206733703,2.3325955867767334,1,-0.0295855980366468,-0.1073700413107872,0.5670710802078247,1,0.0075781946070492,0.0007788115181028,-0.0074373516254127,0,0.5678567290306091,0.1889557540416717,1.468296766281128,1,-0.1174748837947845,0.001018428010866,0.053966250270605,0,-0.0084821749478578,-0.01605043746531,-0.0149932270869612,0
-0.8258190155029297,1.1162939071655271,13.300347328186035,0.7724382877349854,-0.0673730447888374,1.0179238319396973,1,-0.2937241494655609,0.4861872494220733,1.4250794649124146,1,0.0290987566113472,-0.0138909416273236,0.0931174308061599,0,0.3772905766963959,-0.0164028089493513,0.736318051815033,1,-0.1891815960407257,0.4131459593772888,5.887153625488281,1,0.1433680951595306,0.1412811130285263,1.993452548980713,1,-0.0264016911387443,-0.0969716683030128,-0.2603653371334076,0,-1.677160382270813,0.2852151989936828,2.2952561378479004,1,0.0384530127048492,-0.014897147193551,0.112410619854927,0
2.375389814376831,0.2642606496810913,8.184379577636719,3.274621725082397,-0.7687437534332275,1.8294661045074463,1,-0.006086170207709,0.0295664723962545,0.1271656304597854,0,-0.0027566899079829,0.0091351382434368,0.0459501296281814,0,1.481621503829956,-0.3239777684211731,1.5438021421432495,1,-0.9340155720710754,0.7093121409416199,1.3764594793319702,1,-0.0040962421335279,-0.0044119018130004,0.0040414286777377,0,0.4797004163265228,-0.2360064387321472,0.9736344814300536,1,-1.9153944253921509,0.8469139337539673,2.2841908931732178,1,0.0017951333429664,0.0024728921707719,-0.0003305527498014,0
2.0521371364593506,1.241869568824768,11.26619815826416,-0.0101631786674261,0.018318373709917,-0.0256152991205453,0,0.1701579093933105,1.628804326057434,5.928586483001709,1,-0.0053246589377522,0.0036936304531991,-0.0069587891921401,0,0.5036143064498901,0.1264413297176361,0.3687289655208587,0,0.1153372004628181,-0.671352744102478,3.606045961380005,1,0.0046072178520262,0.0033659918699413,0.0074378554709255,0,1.2568705081939695,0.5330579280853271,0.2553275227546692,0,0.0095025766640901,-0.3867004811763763,1.137836217880249,1,0.0075351763516664,-0.0137587673962116,-0.0051908823661506,0
-5.61081075668335,-8.459099769592285,12.130121231079102,-0.0034066510852426,-0.0040028067305684,-0.0206960476934909,0,1.702580809593201,-1.4115281105041504,2.426740884780884,1,-0.3295244574546814,0.1041798442602157,0.3872946500778198,0,0.0217568911612033,-0.0012048970675095,0.3833931684494018,0,0.6948835253715515,-0.0790501460433006,1.7708137035369873,1,-1.3357253074645996,-0.1256663650274276,2.783399105072021,1,0.0022384938783943,0.1324436664581298,0.0291584841907024,0,0.1991378366947174,-0.3741374611854553,0.8155260682106018,1,-6.562751770019531,-6.700133323669434,3.554490566253662,1
2.0431902408599854,-0.9146836996078492,14.216341972351074,0.0337765403091907,-0.0069686518982052,0.0254337843507528,0,-0.0109287239611148,0.0139650022611022,-0.0470768511295318,0,1.6494927406311035,1.2143350839614868,1.2686660289764404,1,-0.0063547915779054,-0.0012947104405611,0.0124818319454789,0,-0.0161842387169599,0.0951998904347419,-0.0579942390322685,0,-1.2009481191635132,-3.750103235244751,8.325304985046387,1,4.025023736176081e-05,0.0341615416109561,-0.0073740757070481,0,1.5666788816452026,1.456380009651184,4.757784366607666,1,0.0276177488267421,0.0296411793678998,-0.0608831010758876,0
4.280776500701904,-0.1400607973337173,7.4170732498168945,1.3693562746047974,-0.1799219250679016,1.2212666273117063,1,-0.2806887924671173,-0.0347810983657836,1.1998363733291626,1,0.0017570930067449,-0.000789699377492,-0.0193163026124238,0,1.8075968027114868,-0.0835090428590774,0.8048569560050964,1,-0.8648346662521362,0.10167246311903,1.901852250099182,1,-0.0142503418028354,-0.012139955535531,0.0168426427990198,0,2.651416301727295,0.2187991887331009,0.9613412618637084,1,-0.3874433636665344,-0.1429792791604995,1.37144136428833,1,-0.0021330986637622,-0.0064114569686353,-0.0410482957959175,0
0.6665655970573425,-0.235730767250061,9.35194492340088,-0.0030005329754203,0.0008984104497358,-0.0015954582486301,0,0.1692275255918502,0.060582298785448,0.3843686878681183,0,-0.9233108758926392,-0.3049988746643066,1.4832441806793213,1,0.0023277304135262,0.0058631249703466,-0.0130855068564414,0,0.880852222442627,0.2994013130664825,2.667459726333618,1,-0.0893693193793296,-0.0306514967232942,0.1134772077202797,0,0.0091437306255102,0.0006746522849425,0.002897314960137,0,0.6204526424407959,-0.2679920196533203,4.72358512878418,1,0.0002424704725854,0.0004918298800475,-0.008406332693994,0
0.0691636726260185,-0.168684720993042,4.85761833190918,0.0071536120958626,-0.0106267193332314,-0.0405755452811718,0,0.0001665967574808,-0.0314979925751686,0.0256912540644407,0,-1.6229208707809448,-0.6600963473320007,2.35086727142334,1,0.0069819292984902,-0.0018411453347653,-0.0041348366066813,0,0.4064652919769287,0.3539176285266876,0.4957639276981354,0,-0.2275663018226623,-0.1474984139204025,0.3155516982078552,0,0.0155071122571825,-0.0012843551812693,-0.004455572925508,0,1.4813133478164673,0.3413324058055877,1.7726263999938965,1,0.0020629088394343,-0.0110898343846201,-0.0537166707217693,0
-1.5274158716201782,-0.8418595194816589,10.28534698486328,0.0025382135063409,-0.0079262433573603,0.0160518959164619,0,-3.2796359062194824,-1.6537786722183228,2.7613461017608643,1,-0.0023900363594293,-0.0109551157802343,-0.0185365453362464,0,0.6170863509178162,0.6353617906570435,3.25135350227356,1,-0.0060355528257787,0.0301340762525796,-0.0179131738841533,0,0.0077629638835787,-0.0027295681647956,0.0125600891187787,0,1.1400773525238037,0.2400424033403396,4.33219575881958,1,0.0105381282046437,-0.0635453164577484,-0.0625131577253341,0,-0.0173571743071079,-0.0084629515185952,0.0108030829578638,0
-0.1798268556594848,3.798734188079834,14.003555297851562,0.104348637163639,0.0188311748206615,0.1365848332643509,0,-3.104461669921875,-1.136504292488098,4.271791458129883,1,0.0101901218295097,-0.0325288698077201,-0.0105219734832644,0,1.651935338973999,0.466573566198349,3.131675720214844,1,-0.6075820922851562,-0.1481143981218338,3.94748592376709,1,0.0191144160926342,0.0089970463886857,-0.0001158673258032,0,1.9206218719482424,4.592092990875244,2.5508406162261963,1,-0.1797662824392318,0.0481761880218982,0.0017416822956874,0,0.0057729291729629,-0.018789205700159,-0.0259279999881982,0
1.1673182249069214,2.665979146957397,7.38466215133667,0.449518471956253,0.3993405997753143,0.203898400068283,0,-0.1820583939552307,0.190459668636322,0.7812775373458862,1,0.0080614704638719,0.0284250322729349,0.1285633295774459,0,0.786189079284668,0.5447065234184265,0.5508331656455994,1,-0.493945300579071,0.5432427525520325,2.0546681880950928,1,-0.0003731811302714,0.1971436291933059,1.481595158576965,1,0.9428754448890686,0.4453665018081665,0.4581305682659149,0,-0.3567306101322174,0.2928337752819061,1.5539257526397705,1,0.0137813305482268,0.0244604647159576,0.1717705279588699,0
-0.0895832404494285,-0.251287430524826,10.08689308166504,0.7834246754646301,-0.1398347318172454,1.3042680025100708,1,-0.0034874808043241,-0.0187868531793355,-0.0125078465789556,0,0.0058071669191122,-0.0049435780383646,-0.0085329571738839,0,0.8289145827293396,-0.0992778837680816,0.6137862801551819,1,-0.6391906142234802,0.1346281021833419,1.7227479219436646,1,-0.0025507905520498,-0.0029101406689733,-0.0191127657890319,0,0.1098349094390869,0.00033289581188,0.0425690412521362,0,-1.176377534866333,-0.1139632388949394,6.461019515991211,1,0.0040418277494609,-0.006532022729516,-0.0173436310142278,0
-3.756484508514404,-5.016080856323242,18.32046127319336,0.0169045645743608,-0.003111001336947,0.0054074693471193,0,1.889667272567749,-1.4377317428588867,3.2518954277038574,1,-1.0919623374938965,0.8895520567893982,2.809373140335083,1,0.0205344129353761,-0.0106899542734026,0.0081932861357927,0,0.7244768738746643,-0.0510098226368427,2.760869264602661,1,-1.478301763534546,-0.0314764827489852,4.392903327941895,1,0.0626734867691993,-0.1293581128120422,0.1438488513231277,0,0.8445815443992615,-0.4574141204357147,1.1735177040100098,1,-4.745058536529541,-3.784841537475586,3.77445125579834,1
0.465728223323822,-1.6958990097045898,13.958011627197266,1.2069004774093628,-1.275894284248352,4.1248040199279785,1,-2.2330844402313232,-1.244967699050903,4.547895431518555,1,0.0039846058934926,-0.0108573297038674,-0.0342506505548954,0,1.8439849615097048,0.2999235689640045,2.4175727367401123,1,-0.4448388218879699,0.2351165860891342,0.7662099599838257,1,0.0062915086746215,0.0038804521318525,-0.0210842154920101,0,0.272642582654953,0.205322116613388,1.805014371871948,1,-0.1914442181587219,0.0895133018493652,0.3486972451210022,0,0.0012916233390569,0.0020641887094825,0.0031521909404546,0
1.2635163068771362,-2.5241498947143555,3.812143564224243,0.0046040015295147,-0.0068280254490673,0.0020936557557433,0,0.0656787455081939,-0.0553762800991535,0.0756614804267883,0,-0.6890166997909546,-0.7042606472969055,1.2855072021484375,1,0.0003258853103034,-3.488314905553125e-05,-0.0351889170706272,0,0.9103348255157472,-0.6275298595428467,1.001049518585205,1,-0.3015537559986114,-0.3065736293792724,0.6249271035194397,1,0.011950870975852,-0.0067336200736463,-0.0086978916078805,0,1.259785771369934,-0.8201781511306763,0.8638849258422852,1,0.0014066513394936,0.0033649622928351,0.0029066598508507,0
1.4518191814422607,0.8044736385345459,12.980294227600098,-0.0096317948773503,-0.0031034511048346,-0.00147831288632,0,0.0648178309202194,0.0557777099311351,-0.0227477774024009,0,-0.4830931723117828,-0.4750946760177612,4.180025577545166,1,-0.0064391330815851,0.0039483532309532,-0.0569954738020896,0,1.877403974533081,0.7885748147964478,4.601899147033691,1,-0.0737960189580917,-0.0089810220524668,0.1302418410778045,0,-0.0115198111161589,0.00101462402381,0.0060599036514759,0,0.0909960195422172,0.4305588006973266,4.15156888961792,1,0.0030812299810349,0.0117784468457102,-0.00827875174582,0
-1.88546621799469,0.3817733526229858,7.046121120452881,0.0469803437590599,0.0099425306543707,-0.0078425845131278,0,-3.886564493179321,-1.3380122184753418,2.370134115219116,1,-0.0015399787807837,-0.0117782726883888,-0.0197604075074195,0,0.7879484295845032,0.3887214660644531,1.5297300815582275,1,-0.6894413828849792,-0.520597517490387,2.545106649398804,1,0.0053004906512796,0.0062525132670998,0.0105622643604874,0,1.8564544916152956,1.844760537147522,0.5615686774253845,1,-0.0143056968227028,-0.0218781903386116,0.0898807421326637,0,0.0097016561776399,0.0243625100702047,-0.0332588627934455,0
-0.3904117345809936,1.1589934825897217,9.07261085510254,0.002200260059908,0.0057225842028856,-4.749338040710427e-05,0,0.0141300018876791,0.3225448727607727,0.187940627336502,0,0.0032872750889509,-0.0049905618652701,-0.0402875319123268,0,0.0032593365758657,0.0046182023361325,0.026561664417386,0,-0.3671218156814575,0.7708768844604492,8.42651081085205,1,-0.015284676104784,-0.0016599301015958,0.0113031174987554,0,0.0917872115969657,0.0923521369695663,0.0895148143172264,0,-0.1257264316082,-0.0379726998507976,0.3745933771133423,0,0.0030571145471185,0.0075019793584942,-0.0034787792246788,0
1.0619332790374756,-0.2265361845493316,4.4921464920043945,0.0011938750976696,0.0005216443096287,-0.0131846414878964,0,-0.0058368630707263,0.0120980283245444,0.004175457637757,0,-1.0635979175567627,-0.3105829656124115,1.4918142557144165,1,0.0014158849371597,0.0033730177674442,-0.0169826187193393,0,0.7480443716049194,0.0154872154816985,1.3689734935760498,1,-0.2788505554199219,-0.0011881991522386,0.6793932914733887,1,0.0012700016377493,-0.0031519911717623,0.0100050531327724,0,1.6581701040267944,0.0584997497498989,0.9797046780586244,1,0.0001244034938281,-0.0015927271451801,-0.0117526063695549,0
0.3301653563976288,-0.3569517135620117,8.416303634643555,-0.0013562901876866,0.0037867319770157,-0.0111758047714829,0,-0.0010961238294839,0.0261940248310565,-0.0585886761546134,0,-0.0062557137571275,-0.0064035127870738,-0.0072919013909995,0,-0.0014754078583791,-0.0006320806569419,-0.0342891439795494,0,0.6152767539024353,0.3830463290214538,3.416597366333008,1,-0.0162135045975446,0.0108651258051395,-0.0422122962772846,0,0.0016776488628238,-0.003509844886139,-0.0100029781460762,0,-0.2635262310504913,-0.7858746647834778,5.170051574707031,1,0.0031341766007244,0.0155761931091547,-0.0067840800620615,0
0.380973070859909,-0.2740582823753357,14.914194107055664,0.0111063569784164,-0.0025979382917284,-0.0261892229318618,0,-0.0024471103679388,0.0095665594562888,-0.0403257496654987,0,-0.1676350980997085,-0.3760683834552765,2.213131666183472,1,0.00096780678723,-0.0034602475352585,0.0212732963263988,0,1.1019290685653689,0.7688701152801514,3.5301215648651123,1,0.001671815291047,-0.0072882371023297,-0.0233149398118257,0,-0.0022235470823943,-0.0001723301393212,-0.0102555463090538,0,-0.5592719912528992,-0.6633608937263489,9.269861221313477,1,-0.0031241993419826,0.000453098793514,-0.0201083105057477,0
1.031890869140625,0.7726656198501587,18.555679321289062,0.0005393001483753,0.003042473224923,-0.0095130102708935,0,-0.0032265805639326,0.0136199975386261,-0.045776579529047,0,-0.1057469397783279,-0.2728084921836853,11.112800598144531,1,0.0027914575766772,-0.0007679507834836,0.0068080821074545,0,1.798271417617798,2.672602653503418,2.4148802757263184,1,-0.0003522595507092,-0.001879769260995,-0.0390754491090774,0,0.0406833998858928,0.0289879962801933,0.0246442649513483,0,-0.7002673745155334,-1.6581913232803345,5.121091842651367,1,-0.0008015175699256,-0.0119400303810834,-0.030181972309947,0
-2.011971950531006,0.4585596919059753,8.230628967285156,0.1146950349211692,0.0327046476304531,0.656886875629425,1,-3.154498815536499,0.4417413473129272,0.591411292552948,1,-0.000331998540787,-0.0050945430994033,-0.0230327136814594,0,1.0510669946670532,0.3754717111587524,1.7621537446975708,1,-0.6442245841026306,-0.6830648183822632,3.9334638118743896,1,0.009390234015882,0.0031145852990448,0.0100284861400723,0,0.907895028591156,0.6722833514213562,-0.2308048754930496,0,-0.2999809980392456,-0.3904852271080017,1.5400309562683103,1,0.0040174089372158,0.0118886148557066,-0.0095080025494098,0
0.8098975419998169,0.8480896949768066,8.562905311584473,-0.0211477037519216,0.022714527323842,0.0205674953758716,0,0.3330122530460357,0.1724389046430587,2.413111686706543,1,-0.002833979204297,-0.0258972216397523,-0.0260110311210155,0,0.0084867971017956,-0.0016850521788001,0.0567578710615634,0,0.5503929257392883,-0.120634414255619,1.5988143682479858,1,-0.1261763870716095,0.1521209180355072,0.4277699887752533,0,0.0030750420410186,0.0017667554784566,-0.0107527310028672,0,0.0007934685563668,0.0031441890168935,0.0034043723717331,0,0.0642951354384422,0.6441210508346558,4.079243183135986,1
0.0413767844438552,-0.4001588523387909,5.622528553009033,0.0429691635072231,0.0294992849230766,0.3027710318565368,0,-1.1706905364990234,-0.6858886480331421,2.299456596374512,1,0.0022092054132372,0.0015420221025124,-0.030314901843667,0,0.8140031695365906,0.2470220625400543,2.032513380050659,1,-0.0993718057870864,-0.1066125929355621,0.1815495043992996,0,-0.0135945137590169,-0.003497963072732,-0.0058801700361073,0,0.4686474204063415,0.1100673377513885,0.7812202572822571,1,-0.0116715691983699,-0.0066654640249907,0.0379404909908771,0,0.0088763069361448,0.0143750915303826,0.0232718884944915,0
-0.8496865630149841,2.2752468585968018,10.352395057678224,0.3027440309524536,1.935590147972107,2.700657606124878,1,-0.0025557419285178,0.0021158067975193,-0.0189428851008415,0,0.0063772983849048,0.004898146726191,0.0387358218431472,0,-1.140426754951477,0.2973841428756714,7.643950462341309,1,-0.0188694521784782,-0.004820120986551,-0.0072583924047648,0,0.0045417384244501,0.010857680812478,-0.0051590842194855,0,-0.0057799937203526,0.0036030679475516,-0.0029705909546464,0,-0.0034385928884148,0.0141142923384904,-0.012322636321187,0,0.0077208084985613,0.0115035837516188,0.0157054904848337,0
0.1164332404732704,-0.2621032297611236,24.65428352355957,-0.4732681214809418,1.0539896488189695,7.3787522315979,1,0.0036345394328236,-0.0109245013445615,0.0032272608950734,0,-0.0005164535832591,-0.0110880685970187,-0.0184520483016967,0,1.123050332069397,-1.1235148906707764,1.838679552078247,1,-0.1265482902526855,0.2370921224355697,-0.0649428963661193,0,0.0137277906760573,-0.0036602190230041,-0.0133515847846865,0,0.0008907283190637,-0.0024053782690316,-0.0224144551903009,0,-0.4217970967292785,-0.4099950492382049,15.575481414794922,1,-0.0027402271516621,0.0084030153229832,-0.0226956345140934,0
-1.767217040061951,-0.2844445705413818,16.26931381225586,0.2650374174118042,0.311282217502594,1.287851333618164,1,-2.786529064178467,-0.6413246393203735,3.5340416431427,1,-0.0058307708241045,0.0002751018910203,-0.0316557101905345,0,1.8900213241577148,0.0378376021981239,6.41202449798584,1,-0.4215663969516754,0.2096226960420608,2.2965199947357178,1,0.010489041917026,0.0036576860584318,0.0103231994435191,0,-0.0513172075152397,-0.1625965982675552,2.4249627590179443,1,-0.6662721633911133,-0.0236863009631633,0.3365034759044647,0,-0.001249358523637,-0.0195123273879289,-0.0012563205091282,0
0.569454550743103,-0.9228606820106506,14.351611137390137,0.0085536930710077,0.0084137273952364,-0.0267642345279455,0,-0.0069842347875237,0.0239442400634288,-0.0611745007336139,0,0.235572338104248,0.0411778129637241,6.492716312408447,1,-0.0017468724399805,0.0011014918563887,0.0119827268645167,0,0.1296811550855636,0.0227468516677618,0.127477690577507,0,-0.0491248443722724,-0.0743190497159957,0.0943000540137291,0,-0.00288329529576,0.0040428396314382,-0.0083157867193222,0,0.2651948928833008,-0.9533174633979796,7.741447448730469,1,-0.0088082710281014,0.0033488641493022,-0.0200583599507808,0
1.0874720811843872,0.0413902252912521,10.45328426361084,1.0681869983673096,-0.2839103639125824,1.0743669271469116,1,-0.0076998453587293,0.0350281558930873,0.8874844908714294,1,-0.0083079654723405,-0.0257718414068222,0.2797482013702392,0,0.810610830783844,-0.1419420391321182,0.7581462264060974,1,-0.4304318130016327,0.1855879127979278,2.34325909614563,1,-0.0225410461425781,0.1934794187545776,1.75840425491333,1,0.5558587312698364,-0.0081456108018755,0.2704278528690338,0,-0.8583373427391052,0.1165949404239654,2.723299264907837,1,-0.0198665913194417,-0.0295303761959075,0.3581472635269165,0
0.1823397874832153,-0.3582080602645874,8.114091873168945,0.008970777504146,-0.0056979889050126,-0.0201444942504167,0,0.3673273622989654,0.0321365967392921,4.158288955688477,1,-0.0033166273497045,-0.0055615217424929,-0.0384504124522209,0,0.0028707522433251,-0.0003342959680594,-0.0073602041229605,0,-0.20323546230793,-0.3843827843666076,4.002953052520752,1,-0.0077160047367215,-0.0039119026623666,0.0027302517555654,0,0.0123483827337622,0.0038761321920901,0.0224469136446714,0,0.0007228511385619,0.0008559805573895,-0.0103358095511794,0,0.004367790184915,0.004811730235815,0.0039632618427276,0
-0.4258734881877899,0.2422800809144973,14.00510025024414,-0.006479050964117,0.0119769498705863,-0.0183546133339405,0,1.2090189456939695,0.5337175130844116,1.911183476448059,1,0.0032280299346894,-0.0023427926935255,-0.0107853598892688,0,0.0033655439037829,0.0046073710545897,-0.0034064291976392,0,0.3092575669288635,0.1001289710402488,6.258025646209717,1,-0.0038505070842802,-0.0036389366723597,0.0097508858889341,0,0.0050897933542728,-0.0110833346843719,-0.0187256969511508,0,-1.9463616609573364,-0.3968431651592254,5.859766006469727,1,0.0008577405242249,0.0057574938982725,0.0176459122449159,0
-0.877294659614563,-0.4157881438732147,16.622234344482422,0.0042363861575722,0.0108244232833385,-0.01630993001163,0,-0.0051962309516966,0.0161997992545366,-0.0512728057801723,0,0.9327574968338012,1.7048550844192505,4.083940505981445,1,-0.0079869907349348,-0.005775008816272,-0.0293532591313123,0,0.0090541597455739,0.0259502213448286,-0.0905160829424858,0,-3.107781887054444,-3.0491955280303955,11.08165454864502,1,-0.0060802726075053,-0.0054515274241566,0.0065687103196978,0,1.3053905963897705,0.8903319835662842,1.6627402305603027,1,-0.0016878730384632,-0.0035276252310723,-0.0252197906374931,0
1.2104679346084597,-0.2245191931724548,4.6388840675354,0.0310408752411603,-0.0065786805935204,0.0085038878023624,0,0.8123659491539001,-0.3058458268642425,3.1355137825012207,1,-0.0112406257539987,0.0057217949070036,-0.0336900912225246,0,0.0034306610468775,-0.0013962973607704,-0.0040346132591366,0,0.6172022223472595,0.0762138590216636,1.1562682390213013,1,-0.0251373015344142,-0.0092562399804592,0.0187347047030925,0,0.0003894631518051,-0.000556604238227,-0.0025577945634722,0,-0.0543780885636806,-0.0017755908193066,0.1170249208807945,0,-0.1632052212953567,0.0189543738961219,0.2431208193302154,0
2.213040351867676,-0.1826639771461486,10.882864952087402,-0.003497795201838,0.0059951660223305,0.0148067697882652,0,0.6097221374511719,0.2041497528553009,0.5856377482414246,1,-1.0508590936660769,-0.3120043277740478,2.377356767654419,1,-0.0004193523200228,0.002803954295814,-0.0268935859203338,0,1.61950945854187,0.2513512969017029,2.647547483444214,1,-0.8536335229873657,-0.152546226978302,1.6765623092651367,1,5.140249754731485e-07,-0.0043787420727312,-0.0081734741106629,0,1.8951133489608765,-0.1724259406328201,3.6554784774780273,1,-0.0028952516149729,-0.0056089088320732,-0.0394586585462093,0
0.6868445873260498,-0.8078290224075317,9.223843574523926,-0.0661253109574318,0.009573008865118,-0.0205777436494827,0,0.5829105973243713,-0.6942553520202637,5.338395118713379,1,-0.0084158824756741,-0.0043876022100448,0.0252834595739841,0,0.2190552800893783,0.3046980798244476,0.5489842891693115,1,0.0097735840827226,0.0308584570884704,0.0004333060060162,0,-0.0028896927833557,0.0026900076773017,-0.0227602869272232,0,0.0040928646922111,-0.466681957244873,3.380779981613159,1,-0.0559919960796833,0.0440692044794559,0.0023789533879607,0,0.0044351504184305,-0.0343929231166839,-0.0290736518800258,0
0.4366849064826965,-0.5112126469612122,7.93598747253418,-0.0009763375273905,0.0086699547246098,-0.0123577527701854,0,0.2439035773277282,-0.4230532646179199,5.936328411102295,1,-0.000425330188591,0.0043708863668143,0.0075308135710656,0,0.0073958239518105,-0.0054732328280806,0.0379807762801647,0,-0.0125647773966193,0.0015428228070959,-0.0047078090719878,0,-0.002792214974761,-0.0040429257787764,0.0024656413588672,0,-0.0007291832007467,0.0050388085655868,-0.0057906000874936,0,-0.0117813227698206,0.0178364124149084,-0.0340771898627281,0,0.21465465426445,-0.1161021441221237,2.008615493774414,1
0.3977893888950348,-0.0226310491561889,14.354705810546877,-0.0033805174753069,0.0133463079109787,-0.066323697566986,0,1.0853450298309326,-1.4411286115646362,2.2022933959960938,1,-0.3193502128124237,0.3340546786785126,1.0301076173782349,1,-0.0094064231961965,0.0024385531432926,-0.0132263135164976,0,0.096583291888237,-0.3420020341873169,-0.5794965028762817,0,-0.3187739551067352,0.1121834143996238,4.544615745544434,1,0.0017028207657858,-0.0394603312015533,0.0066173840314149,0,0.0066333152353763,-0.0067848092876374,-0.0596036687493324,0,-0.1415639817714691,1.3447216749191284,7.289721965789795,1
1.8567700386047363,0.6602610945701599,4.179490089416504,0.0008565947064198,-0.0007132578175514,-0.0150301028043031,0,0.5696759819984436,0.2076156139373779,0.3154814541339874,0,-0.203915849328041,0.019982261583209,0.1212071627378463,0,0.0045043579302728,0.0018858282128348,0.1321950107812881,0,1.0707173347473145,0.2502867877483368,1.672404170036316,1,-0.569199800491333,0.0842047482728958,1.3913705348968506,1,0.0044074547477066,-0.0086528919637203,-0.0135378176346421,0,1.0322920083999634,0.122187465429306,0.57334965467453,1,-0.0525679029524326,-0.0165354441851377,0.0020497783552855,0
0.2602863907814026,-1.076008915901184,7.751867771148682,1.4058780670166016,-1.2758967876434326,3.8896021842956543,1,-0.0711669847369194,0.0214246921241283,0.0009854894597083,0,0.0007268640329129,-0.0059910165145993,0.0261776391416788,0,0.1712408065795898,-0.1921989917755127,0.2640811502933502,0,-0.1188186556100845,0.2290374785661697,0.9153046011924744,1,0.0022287736646831,0.0046514081768691,0.0021535016130656,0,-0.0050596636720001,0.0497412830591201,0.0210606288164854,0,-1.114593505859375,0.0937053710222244,2.6849021911621094,1,-0.010149166919291,-0.0004823894705623,-0.0523992516100406,0
0.8437140583992004,-0.6630852818489075,13.223604202270508,0.0096451872959733,-0.003390030702576,-0.0302917938679456,0,-0.4095458388328552,-0.8650670051574707,6.899988174438477,1,-0.0068568852730095,-0.0087566766887903,-0.0173395052552223,0,0.5300638675689697,0.1565166562795639,0.8307300209999084,1,-0.1766193509101867,-0.118143729865551,0.4890275597572326,0,-0.0002069268812192,0.0057489112950861,-0.0325299017131328,0,0.882058322429657,0.1653043031692505,5.129779815673828,1,0.0150338457897305,0.004391913767904,-0.0376456342637538,0,0.0001418316242052,0.0003103326016571,-0.0081148892641067,0
0.9182015657424928,0.2935960292816162,9.869637489318848,-0.0520936325192451,0.040672305971384,-0.0240113642066717,0,0.2849043011665344,0.7944227457046509,1.4695481061935425,1,0.002331358147785,-0.0245182067155838,0.0015846302267163,0,-0.008764199912548,0.0207702349871397,-0.0116520207375288,0,0.5518878102302551,0.0916418358683586,5.927141189575195,1,0.0113022727891802,-0.0005067390738986,0.0192943848669528,0,-0.006757678464055,-0.0399693250656127,-0.0134935211390256,0,0.0691952556371688,-0.6139142513275146,2.481674194335937,1,0.0661960542201995,0.0249974187463521,0.0195510480552911,0
-1.0323383808135986,-1.8211313486099243,7.039062023162842,0.7619304060935974,-0.3037717342376709,0.2293583154678344,0,-2.5481326580047607,-1.1384508609771729,2.888728141784668,1,0.0008643003529869,0.0114531302824616,0.0359774120151996,0,0.7541103363037109,-0.3214534521102905,0.2406394928693771,0,-0.2211187481880188,0.0556469447910785,1.3452165126800537,1,-0.0024535730481147,0.1003679558634758,0.9523151516914368,1,0.3265577852725982,-0.2497865408658981,0.6640469431877136,1,-0.1075354442000389,0.0144552625715732,0.6579485535621643,1,0.0034391779918223,0.0104078669100999,0.0248315464705228,0
0.5177883505821228,-0.5974204540252686,6.865195274353027,-0.0047656577080488,-0.0008240460301749,-0.0269289705902338,0,-0.2281554490327835,-0.6771957278251648,4.24862003326416,1,-0.0061298725195229,-0.003818416269496,0.0152122834697365,0,0.5860682129859924,0.0784168466925621,1.1514928340911863,1,-0.0758753344416618,-0.0382111109793186,0.3126770555973053,0,0.0053385044448077,-0.0010187475709244,0.0154298720881342,0,0.2116607278585434,0.0547543168067932,1.1290901899337769,1,0.0242940355092287,-0.0118576288223266,0.030117655172944,0,0.005353236105293,0.0023340547922998,-0.0105154793709516,0
-0.3820487558841705,0.4112566709518432,19.25604820251465,0.0080287046730518,0.000797570683062,0.0003965304349549,0,0.7267107367515564,0.5073056221008301,0.9605685472488404,1,-0.000302281754557,-0.0071093095466494,-0.0057300962507724,0,-0.0019240548135712,0.0033746710978448,-0.0321092382073402,0,0.8630443811416626,0.3420246839523315,7.54276704788208,1,0.0029565398581326,-0.0027030883356928,-0.024296985939145,0,0.0040357448160648,-0.0054158088751137,-0.0127027677372097,0,-1.981559991836548,-0.4315432906150818,10.83940315246582,1,-0.0030384371057152,0.0045255348086357,-0.0122465854510664,0
1.8099385499954224,-0.2625022232532501,8.930057525634766,-0.0298115555197,-0.001153310528025,-0.0242487322539091,0,0.7126806974411011,0.1752901226282119,1.540952444076538,1,0.0305924694985151,0.0128370020538568,0.0089026177302002,0,-0.0013782725436612,0.0055691162124276,-0.0092258332297205,0,1.0658094882965088,-0.5777348875999451,6.900798797607422,1,0.0134507920593023,0.0010817943839356,0.0079650469124317,0,-0.0137174520641565,0.1807285696268081,-0.0795903131365776,0,0.0402598939836025,-0.0838719829916954,0.6048521995544434,1,-0.0079474654048681,0.0247513372451066,-0.0203492678701877,0
0.5905885696411133,-0.3785711824893951,7.689087867736816,0.0014400359941646,0.0066057196818292,-0.0182133354246616,0,0.3256723880767822,0.4567182064056396,0.7705698013305664,1,0.0039880168624222,0.0154158910736441,0.0072091734036803,0,0.2470254302024841,0.4200026392936706,0.4604105651378631,0,-0.083169087767601,-1.367477297782898,4.813721656799316,1,0.0220764726400375,0.0110719697549939,0.0537213571369648,0,0.070946380496025,0.0741244181990623,1.6138430833816528,1,-0.0010853058192878,-0.0030446792952716,0.0040532983839511,0,0.0036941904108971,0.0080119268968701,-0.0162277538329362,0
0.0778183490037918,-0.3040601313114166,6.151959419250488,-0.0079184360802173,0.0007185647264122,0.0171303413808345,0,0.1204675957560539,-0.0585844367742538,1.7314846515655518,1,0.0076902788132429,-0.0113392602652311,-0.0922708511352539,0,-0.0035769615788012,0.0027703675441443,-0.0189394205808639,0,0.0398440398275852,-0.1378840953111648,2.605778217315674,1,-0.0037098294124007,0.0078242756426334,-0.0154991382732987,0,0.0008424715488217,-0.0028152866289019,-0.0038689929060637,0,-0.0714540034532547,-0.086236834526062,1.9657247066497805,1,-0.0049364734441041,-0.0159739423543214,-0.0318672731518745,0
0.4213681519031524,0.5036783218383789,17.857688903808594,1.199131727218628,-0.9255104064941406,1.0170871019363403,1,0.0112945772707462,0.0107124792411923,-0.0257816687226295,0,0.0009832257637754,0.0068850633688271,0.0188976936042308,0,0.0080179311335086,-0.0020386732649058,0.0202028937637805,0,-2.0412750244140625,2.1738007068634038,9.962382316589355,1,-0.0044411206617951,-0.0016541141085326,-0.0241425968706607,0,0.001974472310394,-0.0003876796690747,-0.0054573067463934,0,1.258755445480347,-0.7556502223014832,6.908834457397461,1,-0.0130730550736188,-0.0024789171293377,-0.0143351191654801,0
0.2230879515409469,0.4043252468109131,5.286242961883545,0.0065533830784261,0.0056196115911006,0.0100654158741235,0,-0.0607151612639427,-0.0009393729269504,0.1545752882957458,0,-0.0017949767643585,0.0086351791396737,0.0134933562949299,0,0.6042424440383911,0.1291374564170837,0.1669702231884002,0,-0.3968907594680786,0.0383790284395217,1.2914369106292725,1,-0.0004001607012469,0.0699704065918922,0.5865296721458435,1,1.807238340377808,0.086119420826435,-0.1245327591896057,0,-1.737271070480347,0.0667746514081955,3.167210102081299,1,0.0021259104833006,0.0006288920994848,0.020495019853115,0
0.4853775203227997,-0.3212372064590454,12.902644157409668,-0.0364412628114223,0.0217804983258247,-0.0066083958372473,0,-1.3504252433776855,-1.1109905242919922,2.734654426574707,1,-0.0082050105556845,0.001542848534882,0.0061621768400073,0,0.3417162299156189,0.3566644191741943,3.9343149662017822,1,0.0064724637195467,-0.0021778396330773,-0.0747263580560684,0,-0.0069451229646801,-0.0030613800045102,-0.0052859112620353,0,1.5428410768508911,0.4123455584049225,6.410666465759277,1,0.003740299725905,0.0081073539331555,-0.0813900306820869,0,-0.0073759839870035,-0.0054481420665979,-0.0151422014459967,0
1.146604299545288,-0.412570595741272,11.135697364807127,0.003925940953195,0.0002776029286906,0.0019473311258479,0,-1.2796235084533691,-0.5747106671333313,3.0615930557250977,1,-0.0100123761221766,-0.0134647460654377,0.3319994509220123,0,0.8803884983062744,-0.015179019421339,0.4203866720199585,0,-0.5601907968521118,0.021684480831027,2.8238658905029297,1,-0.0286145750433206,0.229999303817749,1.889177083969116,1,2.1836626529693604,-0.1322569698095321,0.6733198761940002,1,-0.0350011177361011,0.0514425635337829,1.4577655792236328,1,-0.0079303607344627,0.0196369346231222,0.4756419062614441,0
1.921889305114746,-0.1063125431537628,20.52463150024414,-0.3367017209529876,1.360797643661499,4.053000926971436,1,-0.0021600588224828,0.0263708382844924,-0.0273209363222122,0,0.0002129882486769,0.0048236949369311,-0.0361690744757652,0,0.3759468793869018,-0.9046037197113036,1.0764307975769043,1,0.9602924585342408,2.2123990058898926,9.83964729309082,1,0.0099779013544321,0.0040316781960427,-0.0073213675059378,0,-0.0022168941795825,-0.0054820422083139,-0.0640719011425972,0,0.8868093490600586,-2.797607421875,5.714722633361816,1,0.0297283884137868,-0.0070424401201307,-0.0242884904146194,0
1.9337211847305296,-0.1012023389339447,12.819568634033203,0.7597166895866394,-0.1337032318115234,0.5464946031570435,1,-0.5467842817306519,-0.2952651083469391,2.4728333950042725,1,-0.0222086571156978,-0.0031516209710389,0.5668731331825256,1,0.9477951526641846,-0.0694511383771896,0.7777998447418213,1,-0.3924826979637146,0.2070169895887375,2.774788379669189,1,-0.0411684326827526,0.261307418346405,2.168903350830078,1,1.580400466918945,-0.0765921175479888,0.5304232239723206,1,-0.3228296339511871,0.0108887841925024,2.300802230834961,1,-0.0287175700068473,-0.0022523123770952,0.6806492805480957,1
2.1734797954559326,0.3651113510131836,25.121965408325195,-0.1849107146263122,-0.3665504455566406,8.071825981140137,1,-0.010309231467545,0.0067006954923272,-0.0783587098121643,0,0.0020238850265741,0.0054573281668126,0.0173811167478561,0,0.7514709830284119,-0.2540242969989776,1.3821545839309692,1,0.6181241869926453,1.235364317893982,6.052689075469971,1,0.0107754888013005,-0.0075593320652842,0.0400584824383258,0,-0.0027756139170378,0.0152013264596462,-0.0288077779114246,0,1.0032029151916504,-0.3027443885803222,9.671882629394531,1,-0.0141220996156334,0.0332661420106887,-0.0068609113804996,0
-0.0977762192487716,-0.367327332496643,5.40078067779541,0.0004927597474306,0.0034243022091686,0.0039513949304819,0,-0.0102623626589775,-0.0166269391775131,-0.0286765731871128,0,-0.0517894402146339,-0.0173396728932857,0.8451961874961853,1,-0.0018781165126711,0.0026466641575098,-0.0067985388450324,0,0.0050837276503443,0.0047080293297767,-0.0808192417025566,0,-0.0145093705505132,-0.2061820179224014,4.016010761260986,1,0.000597417296376,-0.004353285767138,-0.0107369665056467,0,-0.0003011150402016,-0.0058161499910056,0.0001201574486913,0,-0.0252097193151712,-0.1277882605791092,0.6625333428382874,1
0.3220779001712799,0.787836492061615,8.336725234985352,0.2797740697860718,0.0153474258258938,0.5534601807594299,1,-0.6464604139328003,0.9833752512931824,1.9634777307510376,1,0.0232882928103208,0.0141197321936488,0.0359165892004966,0,0.6608926057815552,-0.0955533608794212,1.483279585838318,1,0.1422122418880462,0.0451935119926929,3.074318647384644,1,-0.0021360532846301,0.00831332616508,-0.0115971146151423,0,-0.0134707549586892,0.101612314581871,-0.1074921190738678,0,-0.1373584866523742,-0.2941024899482727,1.2974631786346436,1,0.0153364241123199,0.0095307659357786,0.0478979423642158,0
0.1139049381017685,-0.4376547038555145,15.282829284667969,-0.0907465443015098,-0.3118268251419067,6.937439918518066,1,-0.0497352071106433,0.0260747242718935,-0.1139945089817047,0,0.0016670305049046,0.0063717677257955,-0.0045261750929057,0,0.5767302513122559,-0.6036881804466248,2.493896961212158,1,0.0177526921033859,0.1328079849481582,0.51857990026474,1,-0.0074623515829443,0.0033133788965642,-0.0305048581212759,0,-0.0016458627069368,0.1482284665107727,-0.0811526849865913,0,-0.3645938336849212,0.1752687841653823,5.646703243255615,1,0.0319387763738632,-0.0142047638073563,-0.0836123824119567,0
0.15188729763031,-0.3372297286987304,9.676107406616213,-0.0334548652172088,0.0129693793132901,0.0196450743824243,0,0.3123495578765869,-0.0805238112807273,0.3793952763080597,0,-0.0787366330623626,0.0112321423366665,0.5805606842041016,1,0.0072141676209867,-0.0112358937039971,0.0289147272706031,0,0.0041438271291553,0.0105991382151842,-0.0319331027567386,0,-0.6033141613006592,-0.3552852869033813,4.275905609130859,1,0.0038489256985485,0.0043213772587478,-0.0075564566068351,0,-0.0079340590164065,-0.0053024790249764,0.0286878421902656,0,0.5477705001831055,0.0759957134723663,4.402487754821777,1
0.7552549839019775,-0.2256158888339996,5.060240268707275,0.0023022389505058,0.0026840853970497,0.0055934782139956,0,0.0011122709838673,-0.000902971078176,-0.0004087089328095,0,-0.8168147206306458,-0.6097756028175354,2.626227140426636,1,-0.0012622274225577,0.0038978790398687,-0.0151176946237683,0,0.9918427467346193,0.523643970489502,0.6887046694755554,1,-0.0490290857851505,-0.2501060962677002,1.142841339111328,1,0.0013484180672094,0.0035074241459369,-0.0060197375714778,0,0.6314196586608887,0.0954566299915313,0.6009555459022522,1,-0.0056642857380211,0.0059787621721625,0.0174643956124782,0
-0.0935794115066528,-0.823080837726593,12.55287265777588,0.0728223919868469,-0.013934307731688,3.674857616424561,1,-0.0150694446638226,0.0496906079351902,-0.0060010645538568,0,-0.0015100125456228,0.012151232920587,-0.0281313695013523,0,0.4778259396553039,-1.103136658668518,5.718135833740234,1,0.0063451454043388,-0.0201441161334514,0.0532163828611373,0,0.0010969691211357,-0.0072604878805577,-0.0076676420867443,0,0.1095131933689117,-0.2578513920307159,0.7043673992156982,1,-0.7245284914970398,0.4784536957740783,2.438143491744995,1,-0.0200751461088657,0.0389504544436931,0.0059517943300306,0
-0.5034120082855225,-1.7880812883377075,11.49677848815918,0.0146468803286552,0.0120011130347847,-0.0196788143366575,0,1.546863675117493,-1.5650339126586914,6.115094184875488,1,0.0379626601934433,0.0402705557644367,-0.301993578672409,0,0.0015396823873743,-0.0009761379333212,-0.0119669726118445,0,0.2783817648887634,-0.6322989463806152,-0.1401088386774063,0,-0.3333175182342529,0.2285397350788116,1.3658748865127563,1,0.0109411552548408,0.0833367332816124,0.0454775989055633,0,-0.0647476315498352,-0.035286895930767,0.0219765994697809,0,-1.995682716369629,0.0813662558794021,4.422104358673096,1
0.6914963126182556,1.9047269821166992,14.162657737731934,0.2963679134845733,0.1511969566345214,0.5268930196762085,1,-0.9377797245979308,1.4648724794387815,3.779999017715454,1,0.0016382009489461,-0.0024671046994626,-0.0467650964856147,0,0.342064768075943,0.1158676445484161,0.3322501182556152,0,0.5911213159561157,0.1210093274712562,4.693960666656494,1,0.011359411291778,0.0093767242506146,0.0094828186556696,0,0.0034727682359516,-0.1802325844764709,-0.0088760266080498,0,0.3468738794326782,0.1914179921150207,4.833920001983643,1,0.0363777428865432,0.0336857326328754,0.0417943932116031,0
0.9410632252693176,0.0714063495397567,7.63101053237915,-0.0039838096126914,0.0038707701023668,-0.0295811649411916,0,0.1528770327568054,0.1065346598625183,0.6125543117523193,1,-1.4775673151016235,-0.4622869491577148,1.0274691581726074,1,-0.0005981405847705,0.0110909240320324,0.3755613267421722,0,1.3229188919067385,0.5298907160758972,2.207467794418335,1,-0.7893784046173096,-0.1770969778299331,2.4087188243865967,1,0.0026707157958298,-7.799904415151104e-05,-0.0099895717576146,0,1.724801778793335,0.0769723877310752,1.000722050666809,1,0.0093225026503205,-0.0174912028014659,0.0380883701145648,0
-1.851446509361267,1.217791199684143,14.045337677001951,0.5978978872299194,0.1234422475099563,2.4842958450317383,1,-3.0477306842803955,0.6844635605812073,1.3632307052612305,1,0.0033080857247114,-0.0324288606643676,-0.036943431943655,0,1.6725549697875977,0.1792304366827011,2.41593599319458,1,-1.2229670286178589,-0.411516010761261,5.870456695556641,1,0.0156606175005435,-0.0008824527612887,0.0041307983919978,0,1.3536068201065063,1.104586482048035,-0.8580318689346313,0,-1.2435911893844604,-0.486316442489624,2.834629535675049,1,0.019814096391201,0.0572122111916542,-0.0323656909167766,0
0.9774311780929564,0.3333168029785156,7.748109340667725,0.8963860869407654,-0.0378339849412441,0.5997806787490845,1,-0.0211395341902971,0.0593543983995914,0.6253102421760559,1,0.0001150971074821,-0.0064270850270986,0.0753997340798378,0,0.693484365940094,-0.1192118674516677,0.4836382567882538,0,-0.4141609966754913,0.2192909866571426,2.0460660457611084,1,-0.0334086567163467,0.1662458926439285,1.3403968811035156,1,0.6197070479393005,-0.0724546238780021,0.3421554863452911,0,-0.7515857219696045,0.1353349089622497,2.1311473846435547,1,-0.01196657307446,-0.0109817860648036,0.1042147725820541,0
1.12354576587677,-0.1200834512710571,3.731643676757813,1.7187771797180176,-0.4108787775039673,0.9046019911766052,1,-0.0021637133322656,0.0003498668083921,-0.0168761406093835,0,-0.0041379476897418,0.0013811526587232,-0.0184011235833168,0,0.8088740110397339,-0.3996074199676513,1.016566514968872,1,-0.3083073496818542,0.3143036067485809,0.1799231916666031,0,-0.0120897209271788,0.0016075994353741,-0.0357754863798618,0,0.1223071962594986,-0.0600197948515415,0.2558513283729553,0,-1.1975388526916504,0.4352235794067383,1.4755051136016846,1,-0.0021749623119831,-0.0024432553909718,-0.029751731082797,0
-0.3134502172470093,-0.2420964986085891,8.793243408203125,0.0518444776535034,-0.3516770005226135,1.026562213897705,1,-0.00129418913275,-0.0017699536401778,-0.0208134707063436,0,0.0016633684281259,0.0055816052481532,0.013607102446258,0,-0.004467777442187,0.0043817581608891,-0.0135968746617436,0,-0.6144874095916748,0.7797349691390991,5.35814905166626,1,-0.0032327768858522,0.0044414801523089,0.0764407515525817,0,0.0039104782044887,-0.0030996757559478,0.013655993156135,0,0.2542904615402221,-0.6699486970901489,2.3668386936187744,1,-0.0016768682980909,-0.0097409598529338,-0.0276000685989856,0
-1.2359800338745115,-1.2673450708389282,17.935749053955078,-0.0454718768596649,-0.0208223611116409,-0.0105073386803269,0,1.1357033252716064,-0.9211335778236388,4.32599687576294,1,-1.0221534967422483,0.2109858095645904,1.0751380920410156,1,-0.0064696376211941,0.0030100264120846,-0.0272690746933221,0,1.119986057281494,-0.5721487402915955,2.4458870887756348,1,-0.7835976481437683,-0.0677016079425811,2.4691808223724365,1,0.0042206207290291,-0.0042846640571951,-0.0130093405023217,0,0.2724585235118866,-0.4346959590911865,0.647767961025238,1,-1.9106558561325075,0.5394459962844849,7.022562503814697,1
1.0982046127319336,-0.41774582862854,8.319863319396973,-0.016136085614562,-0.0004772182146552,0.015712484717369,0,0.4553527235984802,0.0749451816082,2.5004048347473145,1,0.0041271694935858,-0.0190347433090209,-0.0102687682956457,0,0.0023652187082916,-0.0041976450011134,-0.00092007976491,0,0.5530778765678406,0.0173967517912387,3.850540161132813,1,0.0057961721904575,-0.0033023464493453,0.0092268530279397,0,-0.0037849945947527,-0.0256980918347835,-0.0355220846831798,0,0.1053206324577331,-0.4793806672096252,2.007965087890625,1,-0.0079141026362776,0.0220029447227716,-0.0172753855586051,0
-0.6771529912948608,-1.2215474843978882,6.287933349609375,0.0121321808546781,-0.0044159358367323,-0.0127905774861574,0,1.1413604021072388,-0.7276590466499329,1.9500049352645876,1,-0.7196402549743652,0.2998905479907989,1.0712580680847168,1,0.0052403095178306,-0.0056028221733868,-0.0086026191711425,0,0.4749344885349273,-0.4952766001224518,0.0635360926389694,0,-0.7607623338699341,0.070881500840187,1.7619225978851318,1,-0.0024852433707565,-0.0624947696924209,-0.0106972716748714,0,0.1373292803764343,-0.1899067610502243,0.1064769849181175,0,-0.9652618169784546,-0.1069636419415474,1.366824984550476,1
-2.744325637817383,-3.07383131980896,11.432561874389648,-0.0038223930168896,-0.0033233584836125,-0.0237689390778541,0,1.3590366840362549,-0.5362727046012878,0.9673465490341188,1,-0.2862059772014618,0.3506851196289062,0.6805751323699951,1,0.0156326219439506,-0.002708000363782,-0.0067392028868198,0,0.4991579949855804,-0.1045869588851928,0.0724728107452392,0,-0.8717889189720154,0.3339968621730804,4.683657169342041,1,0.0076000615954399,-0.0169210601598024,0.0609204769134521,0,0.0869515463709831,-0.0482120253145694,0.1034731268882751,0,-3.550887107849121,-3.0464892387390137,4.894624710083008,1
2.0406196117401123,0.643973171710968,22.772878646850582,-0.7626656889915466,1.7919195890426636,3.9239602088928223,1,-0.0180630385875701,0.0234258510172367,0.0290899351239204,0,0.0022440813481807,-0.0157438069581985,-0.0063081351108849,0,0.6761877536773682,-1.4640682935714722,4.137810230255127,1,1.1482380628585815,2.251756191253662,9.562039375305176,1,0.0072932741604745,0.0050260303542017,-0.0018238582415506,0,-0.007068040780723,-0.0623476058244705,-0.0865816473960876,0,1.0021331310272217,-1.909161925315857,5.240987777709961,1,-0.0076798009686172,0.0231673270463943,-0.0262955464422702,0
1.6721832752227783,0.5727730989456177,16.98658561706543,0.0175713114440441,0.0082833282649517,-0.0028457115404307,0,1.9793589115142824,-0.5017430186271667,11.353004455566406,1,-0.0096544092521071,0.0129778189584612,-0.0342578627169132,0,0.2451401501893997,0.8600267767906189,0.2110228389501571,0,-0.2258524596691131,-0.1960567086935043,0.5482418537139893,1,-0.002328512025997,-0.0043087592348456,0.0056932931765913,0,-0.3274029493331909,0.4046835303306579,4.929006576538086,1,0.0007635727524757,-0.002186418743804,0.0002205405035056,0,-0.005412315018475,-0.0089034540578722,-0.0234998278319835,0
1.046647548675537,-2.2603447437286377,6.115436553955078,0.6111664772033691,-0.4992347657680511,1.9667105674743648,1,-0.3406579494476318,-0.5140575766563416,1.123814821243286,1,-0.0007356620044447,-0.0050010089762508,-0.0414912328124046,0,0.923609495162964,-1.117258906364441,2.7793452739715576,1,-0.112419955432415,-0.1232396364212036,0.3074550032615661,0,-0.0074955285526812,-0.0005787015543319,-0.0004910787101835,0,0.0052053900435566,0.0033412678167223,0.0064712199382483,0,-0.039732202887535,0.0079758455976843,0.0183238666504621,0,0.0077074691653251,-0.0122911687940359,-0.0447019338607788,0
0.4171537160873413,0.8657034635543823,15.426196098327637,0.2009108811616897,0.0216447822749614,0.3191134929656982,0,-1.0240254402160645,0.6636215448379517,4.5650410652160645,1,-0.0027613877318799,-0.0250668320804834,-0.0043665054254233,0,0.4325838387012481,-0.0201116949319839,0.4143670797348022,0,0.5482672452926636,0.0723608508706092,4.571335792541504,1,0.0055892202071845,0.0019006847869604,-0.0188534036278724,0,0.0042888023890554,-0.0279244538396596,-0.0007915993919596,0,0.2946154177188873,0.1359476596117019,5.623098850250244,1,-0.0423148721456527,0.0433309935033321,-0.0427486896514892,0
1.5315489768981934,2.9850375652313232,14.215495109558104,-0.044406671077013,-0.0244414806365966,0.0411516539752483,0,0.2347810119390487,1.9427281618118288,6.074144840240479,1,-0.0009259994840249,-0.0095382714644074,-0.0130728678777813,0,0.9128993153572084,0.1088132038712501,1.39405620098114,1,-0.2632191479206085,-0.0572405382990837,5.144649505615234,1,0.0073160454630851,-0.0032839782070368,0.016532052308321,0,0.747010350227356,1.071568489074707,1.544941544532776,1,-0.0716849192976951,-0.0418165624141693,0.0213311351835727,0,0.0097791086882352,-0.0017516311490908,-0.0082386042922735,0
1.3221501111984253,-0.0242881141602993,23.37421417236328,-0.016360692679882,-0.4323368668556213,3.541438579559326,1,0.0525118857622146,0.0307019688189029,-0.1018571034073829,0,0.0029244790785014,0.0002842179674189,-0.0236461348831653,0,0.0003554891736712,0.007622443139553,-0.046965304762125,0,0.2124357372522354,2.597684144973755,15.10282039642334,1,0.0151564693078398,0.0045468029566109,0.0024310685694217,0,-0.0052146459929645,-0.2012501358985901,-0.0308443065732717,0,1.055604338645935,-2.0903890132904053,5.022171974182129,1,0.0047370358370244,0.0588482059538364,-0.0913359224796295,0
1.5859732627868652,0.405906617641449,14.35764503479004,1.7209376096725464,-1.2211158275604248,1.530032753944397,1,-0.1110449731349945,1.4705764055252075,1.3072115182876587,1,0.0033221486955881,-0.0045269890688359,-0.0227086953818798,0,0.3194884657859802,-0.3328285217285156,0.3951038122177124,0,0.416752427816391,0.4350488781929016,6.603049278259277,1,0.0097684944048523,0.0161914527416229,0.0227695386856794,0,0.0020712767727673,0.0028730006888508,-0.0025819570291787,0,-0.7740013003349304,-0.0307069178670644,4.604706287384033,1,-0.0013208725722506,0.0703950971364975,-0.0799389481544494,0
-1.8787920475006104,-1.4171723127365112,13.154492378234863,-0.0283543337136507,-0.0060518630780279,-0.0167331900447607,0,0.3091975152492523,0.0356540344655513,0.58266282081604,1,-2.9124433994293213,1.3541862964630127,3.993538618087769,1,0.0004331647069193,0.0115447612479329,-0.0264009125530719,0,0.7840090394020081,-0.0111608421429991,1.3096771240234375,1,-1.4054917097091677,-0.8305068612098694,3.594864845275879,1,0.000877464772202,-0.0761916562914848,-0.0357150547206401,0,2.4292514324188232,-0.4439515173435211,2.049329996109009,1,-1.0562710762023926,-1.450694561004639,1.7032687664031982,1
-0.9169936776161194,4.427073001861572,16.450223922729492,2.596530675888061,0.6156141757965088,3.182044267654419,1,-0.3424528241157532,1.1422213315963743,-0.3453628420829773,0,-0.0009907680796459,0.0029910136945545,0.0068467068485915,0,1.6794666051864624,-0.9784875512123108,2.641753673553467,1,-0.5626879930496216,0.9097538590431212,7.416438579559326,1,0.0073138577863574,-0.0035482943058013,-0.0459394231438636,0,0.0097438367083668,-0.1326532661914825,0.0596882253885269,0,-4.261276245117188,2.802451610565185,3.638498067855835,1,-0.0426412411034107,0.0687300264835357,-0.1037428602576255,0
0.3306429088115692,0.7661796808242798,6.910345554351807,0.0428579486906528,0.0334835164248943,0.0642977952957153,0,-0.2344031482934951,0.2936414778232574,1.8751472234725952,1,-0.0013720333809033,-0.0161667224019765,-0.0094459019601345,0,0.2979140281677246,0.2311490923166275,1.7104003429412842,1,-0.0390142761170864,0.0012472278904169,0.308300644159317,0,0.0057656313292682,0.0108534321188926,0.0027694907039403,0,0.2758324146270752,0.1449647396802902,3.0028505325317383,1,-0.0046478263102471,0.041399497538805,-0.0546741895377635,0,-0.0122898127883672,0.0256074871867895,0.0106998272240161,0
1.468255639076233,1.6954948902130127,17.513261795043945,0.009076022543013,0.0020430807489901,-0.0311294719576835,0,1.5285080671310425,0.8126367330551147,1.6517518758773804,1,-0.2028356492519378,0.0797620564699173,1.46190345287323,1,0.0080240303650498,0.0584539547562599,1.313379406929016,1,2.0154032707214355,0.2786602079868316,3.9377191066741934,1,-1.2244513034820557,0.3056356608867645,4.264822483062744,1,0.0070129483938217,-0.0099239414557814,0.0520695634186267,0,1.1585516929626465,-0.0927214175462722,2.387155532836914,1,-1.8310333490371704,0.2609484791755676,2.47559142112732,1
1.1457536220550537,0.7536605000495911,9.977577209472656,0.0083577958866953,0.0022230634931474,0.0359974168241024,0,0.1796026825904846,1.3086609840393066,3.1808629035949707,1,0.0035004012752324,-0.0133640570566058,0.0028121755458414,0,-0.0057198638096451,0.0023572307545691,0.0037799628917127,0,0.5886914134025574,-0.2103065103292465,5.458440780639648,1,0.0076160915195941,-0.0015857791295275,0.010000511072576,0,-0.0049163131043314,0.1239362433552742,-0.0247454959899187,0,0.4012249708175659,-0.4729292094707489,1.310308575630188,1,-0.0326034873723983,0.0146685177460312,0.0001207760506076,0
-0.9108599424362184,9.58029556274414,12.010383605957031,-0.2339720427989959,0.308944433927536,-0.6247292757034302,0,2.8375508785247803,-2.161110639572144,1.6689696311950684,1,-3.660182237625122,11.091719627380373,5.573436260223389,1,-0.0052146525122225,0.0056579923257231,0.0015123327029868,0,0.6627660989761353,-0.7213615775108337,0.8081594109535217,1,-0.1772377490997314,0.4596870839595794,2.474728584289551,1,0.0026873962488025,0.0349144749343395,0.0059341196902096,0,0.1432556807994842,0.0394053310155868,0.1725892275571823,0,-0.4805132150650024,0.5224394798278809,1.929783821105957,1
1.9065508842468264,-0.5214439034461975,9.905248641967772,-0.028812488541007,0.0066352295689284,-0.0078964568674564,0,1.1226896047592163,-0.7483341097831726,4.784672260284424,1,-0.0077198664657771,-0.0049395398236811,0.0206550825387239,0,-0.0028102218639105,0.0051701036281883,0.0020169911440461,0,0.8638632893562317,0.4376268684864044,4.423659324645996,1,0.0010026231175288,0.0031500414479523,0.0224983245134353,0,-0.0009164804359897,-0.0975088998675346,0.0054919738322496,0,-0.0435295142233371,-0.1502700746059417,0.6531539559364319,1,0.0027839539106935,0.02702646702528,0.0009967725491151,0
0.8668296337127686,-1.3148751258850098,14.029316902160645,-0.0065097794868052,0.0003658246714621,0.0087320832535624,0,0.6342419385910034,0.0522484071552753,0.9418228268623352,1,-1.7540686130523682,-1.362074851989746,3.551499605178833,1,-0.0013461456401273,0.0005994423991069,-0.0385934561491012,0,1.9598308801651,0.2454038709402084,2.4315755367279053,1,-0.2464745193719864,-0.2764076590538025,2.155226707458496,1,0.0033421339467167,-0.0034460832830518,0.0008753106812946,0,1.1767419576644895,-0.1359658390283584,2.027808904647827,1,-0.8989282846450806,0.1644017696380615,2.950368642807007,1
1.2458921670913696,-0.886713981628418,13.39859104156494,0.0826558247208595,-0.0228584576398134,0.0396978743374347,0,-1.174495816230774,-0.6944587230682373,3.761584758758545,1,-0.0124797970056533,-0.0156720299273729,0.5608848929405212,1,0.9799869656562804,-0.134266972541809,0.3586985170841217,0,-0.4234632849693298,0.1056128069758415,2.6774649620056152,1,-0.0151198431849479,0.1938280612230301,2.099994659423828,1,1.8722823858261108,-0.2811301350593567,1.8353135585784912,1,-0.039835937321186,-0.0095117334276437,1.5311795473098757,1,-0.0236383229494094,-0.0282568205147981,0.5337725281715393,1
0.0070865163579583,-0.0203190390020608,-0.0721140727400779,0.0015987493097782,-0.0023446001578122,-0.005413866136223,0,0.0056479959748685,-0.0251892153173685,-0.0134502919390797,0,-0.0037195067852735,0.0093642910942435,-0.0123046748340129,0,-0.0007274919189512,0.0018488147761672,-0.0042145950719714,0,-0.0006655376055277,0.0043593752197921,-0.0112188318744301,0,0.0012919128639623,-0.0038330038078129,0.0040967632085084,0,0.000280593696516,-0.0078352820128202,-0.0145459128543734,0,0.0009656372130848,-0.0004702599253505,-0.0007510005962103,0,0.0024141634348779,0.0037808413617312,-0.014311664737761,0
-3.961891412734986,-3.270794153213501,17.980255126953125,-0.0753877237439155,-0.0081427982077002,0.0038044191896915,0,0.9238848090171814,-0.5346025228500366,2.3409409523010254,1,-1.379973530769348,0.5842660665512085,2.8569955825805664,1,0.0003541232435964,0.0112581448629498,-0.013312785886228,0,0.5975399613380432,-0.4906066656112671,1.4812915325164795,1,-0.8010162711143494,0.5171476006507874,4.4599928855896,1,0.004414695315063,-0.1771790981292724,0.0447815917432308,0,0.2647142708301544,-0.3883949220180511,0.8422532081604004,1,-3.496421813964844,-2.7845399379730225,5.963505744934082,1
0.9627737402915956,-0.5368725061416626,6.194310665130615,0.269736647605896,-0.2320759296417236,3.225714921951294,1,0.0002750323910731,-0.0111512085422873,-0.0089482143521308,0,0.000963955244515,-0.0105695687234401,-0.0466512851417064,0,0.8454805016517639,-0.2987824082374573,2.7565934658050537,1,-0.0023474772460758,0.0286206118762493,-0.0614966340363025,0,0.0026190353091806,-0.0028678872622549,0.0059541314840316,0,0.0119240200147032,-0.0039463960565626,0.0087570371106266,0,-0.1637356877326965,-0.0150427184998989,0.3302044868469238,0,-0.002142327139154,0.0089430212974548,-0.0158169642090797,0
-0.4773207604885101,-0.6976257562637329,18.19404602050781,0.013404912315309,-0.007722517941147,-0.0150323221459984,0,-0.0006752843037247,0.0102763026952743,-0.0266567319631576,0,0.5229968428611755,0.6210333704948425,3.813157558441162,1,-0.0025450403336435,0.0048359762877225,-0.04769017547369,0,0.0017887282883748,0.0024820317048579,-0.0582123957574367,0,-0.3561856150627136,-1.3129311800003052,6.9873881340026855,1,0.0025286886375397,-0.002254256978631,-0.007271637674421,0,0.0061541395261883,0.0027110467199236,-0.0080910725519061,0,-0.6647881269454956,-0.0160565171390771,7.556455612182617,1
0.4017573595046997,-0.1089779585599899,20.21197891235352,0.00176504754927,-0.0533437393605709,0.1910658180713653,0,-1.0009753704071045,1.8740971088409424,0.5333764553070068,1,0.0029256790876388,-0.0183111932128667,-0.0238760951906442,0,-0.0053045456297695,0.0044049993157386,-0.0109144570305943,0,-0.6089616417884827,0.0839374884963035,15.74802303314209,1,0.0221154484897851,-0.0002056855446426,0.0265666414052248,0,0.0004702537844423,0.0257163904607296,-0.0529755800962448,0,1.9726017713546755,-2.030377149581909,3.831536769866944,1,0.0171207152307033,0.005103659350425,-0.0308264046907424,0
0.8486354947090149,-1.870388746261597,16.47637367248535,0.0361343175172805,0.0133257936686277,-0.043606512248516,0,-1.5408364534378052,0.001891721971333,8.854938507080078,1,-0.0049312799237668,-0.0241635367274284,-0.0283645894378423,0,0.0060227829962968,0.0033467346802353,-0.023301737383008,0,0.9069520831108092,-0.9909043312072754,5.912458896636963,1,0.0215390957891941,0.0154162477701902,0.0486594885587692,0,0.0020032732281833,0.1193857118487358,-0.0432499013841152,0,1.426443099975586,-1.091835618019104,1.7931066751480105,1,-0.0046914080157876,0.0831484943628311,0.0057344064116477,0
1.5574965476989746,0.9099708795547484,16.510051727294922,-0.0006746106082573,0.0041993507184088,0.0161215905100107,0,-0.0026807165704667,0.0191082656383514,-0.0597179979085922,0,-0.3229082226753235,-0.4159537851810455,8.367535591125488,1,0.0032282629981637,-0.0011641042074188,-0.0150752868503332,0,2.117625951766968,2.181527137756348,5.626611709594727,1,-0.0020545285660773,0.0028464931529015,-0.0613050833344459,0,0.1330751776695251,0.067289225757122,0.1583840399980545,0,-0.3645631968975067,-0.948319375514984,2.485054016113281,1,-0.0035514645278453,0.0004376787110231,-0.0075569050386548,0
0.217731311917305,-0.4988356232643127,6.858959197998047,0.0013639078242704,-0.0054184016771614,-0.0291276797652244,0,0.0025128852576017,0.006171247921884,-0.0074007688090205,0,0.2022260725498199,-0.1529895663261413,3.698329925537109,1,-0.0046439585275948,0.0062876427546143,-0.0321539305150508,0,-0.0058619789779186,0.0085804555565118,-0.0051027322188019,0,-0.3729134202003479,-0.4864939451217651,2.8060414791107178,1,0.0022529258858412,-0.0008857322391122,-0.0172909367829561,0,0.3906065821647644,0.1110699102282524,0.4342908561229706,0,0.0021883102599531,0.0148427514359354,0.0113723734393715,0
0.777743399143219,-0.5846725106239319,10.133402824401855,-0.0050266524776816,-0.0231315065175294,0.0325134918093681,0,0.1291557997465133,-0.0544090196490287,1.867709040641785,1,0.0017858012579381,-0.0164678618311882,0.0089085642248392,0,-0.0046285451389849,-3.358574031153694e-05,0.0019448244711384,0,0.5895004868507385,0.0261513609439134,6.05280065536499,1,0.0080290446057915,0.0060267378576099,0.0104732401669025,0,-0.0010653540957719,0.0284793954342603,0.0411553531885147,0,0.0495207197964191,-0.5621354579925537,2.1066925525665283,1,0.0104721169918775,0.0108474567532539,0.0112044000998139,0
-2.933751344680786,-8.796829223632812,8.395875930786133,-0.0510276891291141,0.0299520511180162,-0.0818787813186645,0,1.1700787544250488,-2.215486764907837,2.971954345703125,1,-1.6391154527664185,3.4931018352508545,5.512608528137207,1,0.0027708942070603,0.0077403322793543,-0.0279892049729824,0,-0.0064967866055667,0.0638149008154869,-0.0234391074627637,0,-2.4249987602233887,-10.070107460021973,0.0235362760722637,0,0.0073658055625855,-0.0844767764210701,0.046117678284645,0,0.0178421307355165,-0.0774850696325302,0.0482726097106933,0,-0.0101699186488986,0.0561171397566795,-0.0733068957924842,0
1.9481751918792725,-1.5808119773864746,18.784059524536133,1.1464354991912842,-0.6615048050880432,9.246525764465332,1,-0.115721546113491,0.0113509390503168,0.0559926629066467,0,-0.0400011502206325,0.0084046283736824,-0.0334755554795265,0,0.77850741147995,-0.6901546716690063,8.774418830871582,1,0.0039328769780695,0.0061673684976994,-0.0504461228847503,0,-0.0031061067711561,0.0031808053608983,-0.0059265224263072,0,0.0411031581461429,-0.2896734774112701,0.9466679096221924,1,0.0947408378124237,0.0265584178268909,-0.175805315375328,0,0.0422844141721725,0.0048587704077363,0.0261085499078035,0
-1.6298218965530396,-5.744598865509033,6.390182018280029,0.0195067580789327,-0.0106303850188851,-0.0197381041944026,0,0.7724955677986145,-0.989724576473236,2.3045239448547363,1,-0.7970795631408691,0.0889857038855552,0.973408043384552,1,0.0008312193676829,-0.0027257902547717,-0.015306637622416,0,0.5308983325958252,-1.120283603668213,-0.3106426894664764,0,-1.6589289903640747,-1.558979630470276,0.7456737160682678,1,0.0315664336085319,0.060291089117527,-0.1118850335478782,0,0.8242642879486084,-0.7405187487602234,0.9667184352874756,1,-1.3533759117126465,-1.4710124731063845,1.8574308156967163,1
0.208578959107399,-0.2907198965549469,10.34088897705078,0.0034652315080165,0.010824330151081,-0.0107279671356081,0,0.433635801076889,1.2430182695388794,1.7744497060775757,1,-0.0053629893809556,0.0007580138626508,-0.032684251666069,0,0.2758356630802154,0.4495262503623962,0.5574241280555725,1,-0.2787712514400482,-1.5026817321777344,4.785162925720215,1,0.0149051724001765,-0.0060237199068069,-0.0143049312755465,0,-0.2347424626350402,-0.4931520521640777,3.292825937271118,1,0.0003517498553264,0.0001898008631542,-0.0112999118864536,0,-0.000737975933589,0.0068209725432097,4.4176584196975455e-05,0
0.0295028034597635,-0.0918877124786377,6.025538921356201,0.1199672818183898,-0.2649730443954468,0.9961474537849426,1,-0.0022584369871765,-0.0078020598739385,0.0018683093367144,0,0.0011626156046986,0.0002743700752034,-0.0022521647624671,0,0.0046127806417644,0.0002582943707238,-0.0052880025468766,0,-0.3643398582935333,0.6296293139457703,2.919964075088501,1,-0.0038597658276557,-0.0024906019680202,-0.0055466368794441,0,-0.0024415689986199,0.0042607546783983,-0.0135305859148502,0,0.277543306350708,-0.4467014670372009,2.1207263469696045,1,-0.0008835693006403,-0.0043432414531707,0.0134501038119196,0
0.3487193584442138,1.0926553010940552,14.568713188171388,1.7414882183074951,-0.4597708582878113,3.9438767433166495,1,0.0036693117581307,-0.0130103696137666,0.0008386962581425,0,0.0045593110844492,0.0016480147605761,0.0174825806170701,0,0.7716982364654541,-0.4162264764308929,1.632138967514038,1,-0.5544511079788208,0.7773983478546143,1.1346601247787476,1,0.0028579824138432,-0.0016287044854834,-0.0305200833827257,0,-0.0103421993553638,0.0011944490252062,0.0079395724460482,0,-1.6096757650375366,1.2036693096160889,7.882767677307129,1,-0.0010844436474144,-0.0006183487130329,-0.0204706359654665,0
0.9746932983398438,0.8288707733154297,6.814487934112549,0.0042791469022631,-0.0089303674176335,-0.0596818663179874,0,0.8004146814346313,0.7529605627059937,4.120318412780762,1,0.0085320072248578,-0.0117941545322537,0.0248433072119951,0,0.0028236974030733,-0.0009143985807895,-0.0440079011023044,0,0.0043338458053767,-0.0950677618384361,1.5698471069335938,1,0.0096984365954995,0.00326659809798,-0.0030606237705796,0,0.1850940287113189,0.1490074396133422,1.2042787075042725,1,-0.0536176525056362,0.0075775841251015,0.0072242054156959,0,0.0131351565942168,0.032765295356512,-0.0052735093049705,0
-0.3015528321266174,0.3268168568611145,6.377337455749512,-0.0146134831011295,0.0081423567607998,0.0127948243170976,0,0.321360170841217,0.899388313293457,0.3227222263813019,0,-0.0040567750111222,-0.00282783806324,-0.0282701905816793,0,0.0006353720673359,-0.0003069537342526,-0.0060116099193692,0,-0.5815273523330688,-0.5890189409255981,6.094946384429932,1,-0.0213232487440109,-0.0030048319604247,-0.012528033927083,0,-0.0013006086228415,0.0032952993642538,-0.0007542491075582,0,0.0023730692919343,0.0024834976065903,-0.0221732426434755,0,-0.003099967027083,0.008665963076055,0.01661142334342,0
2.152191400527954,0.3633758425712585,11.857027053833008,0.0097654201090335,-0.0011380523210391,-0.0432446002960205,0,0.3292348682880401,0.1574304401874542,0.0612994208931922,0,-1.028334617614746,-0.4683452546596527,4.527619361877441,1,0.0036726950202137,0.0048075173981487,0.0210391916334629,0,1.661122441291809,0.7774495482444763,1.4315216541290283,1,-0.1161947250366211,-0.2088481336832046,2.653084278106689,1,-0.0010703924344852,0.0030924656894057,-0.0127510614693164,0,1.6337355375289917,0.1932810097932815,1.020464301109314,1,-0.3397397696971893,-0.0943537205457687,2.1979947090148926,1
-0.2204373776912689,-0.1986397206783294,14.58786964416504,0.0083710942417383,0.006474663503468,-0.0206691436469554,0,0.2018843591213226,0.4006343781948089,1.1704185009002686,1,0.0018377880332991,0.0071650776080787,-0.0367580205202102,0,0.0037586789112538,0.003834611037746,0.0297461990267038,0,0.1582797616720199,0.079133041203022,8.226875305175781,1,0.0120172053575515,-0.0031450802925974,-0.0196964628994464,0,-0.0082627600058913,0.0013224474387243,0.0132595542818307,0,-0.606841504573822,-0.6992868185043335,5.232758522033691,1,0.0085180029273033,0.0052279466763138,-0.0080655366182327,0
-2.113067150115967,-2.11792254447937,13.360064506530762,-0.0449819415807724,-0.0232253968715667,0.0294251814484596,0,2.3454582691192627,-1.9237152338027956,3.125640153884888,1,-0.4944124519824981,0.4089069068431854,1.0209804773330688,1,-0.0028599353972822,0.0028312671929597,0.0064060082659125,0,0.8032545447349548,-1.0763803720474243,1.4038658142089844,1,-0.7167202830314636,0.6375596523284912,2.647135734558105,1,0.0392214059829711,0.1166468858718872,-0.0657258406281471,0,0.1943471431732177,-0.3819080889225006,0.64149409532547,1,-4.236373901367188,0.1213616803288459,4.550843238830566,1
1.4589989185333252,-0.0097934603691101,11.116564750671388,0.0001759152073645,0.0045882924459874,0.0250580888241529,0,-0.0364849045872688,0.1349620670080185,-0.0091437241062521,0,0.0060789524577558,-0.0217723362147808,0.0032043526880443,0,-0.0012465940089896,-0.0017350015696138,0.0091692842543125,0,0.6917537450790405,0.8025462627410889,7.821678638458252,1,0.0099568711593747,-0.0109050665050745,0.0344088487327098,0,0.0004161985125392,0.1883260309696197,0.0067807775922119,0,0.7794535756111145,-1.153741717338562,3.2441565990448,1,0.0088951801881194,0.047938048839569,-0.0187480431050062,0
-1.153006911277771,-1.371376633644104,7.620498657226562,0.0498445108532905,-0.0045186020433902,-0.2291490584611892,0,0.8021795153617859,-0.9205325841903688,3.1743719577789307,1,-0.6125277280807495,0.1076831072568893,0.5598922371864319,1,-0.002444134093821,0.002376343589276,0.0012387039605528,0,0.1290028393268585,-0.1879783719778061,1.1269376277923584,1,-0.9242714047431946,-0.0242192447185516,1.4947729110717771,1,-0.013906336389482,0.0248739626258611,-0.0943500697612762,0,0.2128992676734924,-0.3741753101348877,0.8662927150726318,1,-0.79378342628479,0.005114072933793,0.7204912900924683,1
0.019443791359663,5.533960342407227,13.869593620300291,0.148496389389038,0.0236961767077446,0.5372872352600098,1,-0.8817655444145203,2.0929863452911377,0.46826833486557,0,0.5338708162307739,0.1429918855428695,-1.5128822326660156,0,1.1713755130767822,0.5005924701690674,2.531665802001953,1,0.1884601861238479,0.5703299641609192,4.897421836853027,1,0.0190165843814611,-0.0058954013511538,0.0092669446021318,0,0.6071399450302124,0.2977737486362457,1.4836156368255615,1,-1.783105492591858,1.9167537689208984,5.52393913269043,1,0.0159553699195384,-0.0052685528062283,-0.0689890310168266,0
1.0104262828826904,-2.715567350387573,14.137314796447754,0.0306311976164579,0.0113467881456017,0.0474717207252979,0,0.0001675786043051,0.0043531735427677,-0.0101127941161394,0,1.9710882902145384,0.7997583150863647,5.9057135581970215,1,0.0095827663317322,-0.0044928616844117,0.0268859453499317,0,0.0007560118683613,0.0600931532680988,0.047154814004898,0,-1.666243076324463,-3.204042196273804,5.039806365966797,1,-0.0107391299679875,0.0431666523218154,-0.0813390240073204,0,0.6524498462677002,-0.4811230003833771,3.214906692504883,1,0.0227327067404985,0.0553725361824035,-0.0531716607511043,0
0.6905941367149353,-0.1339304447174072,4.928853511810303,0.0128778591752052,0.0034083654172718,-0.0145415971055626,0,-0.8472416996955872,2.018829822540283,2.2791075706481934,1,0.0017127923201769,-0.0035320778843015,-0.0065062679350376,0,0.0088384943082928,-0.0053609362803399,-0.0106329657137393,0,0.0611496344208717,-0.4712114334106445,0.0817104056477546,0,0.0046659493818879,0.0001099350702133,0.086128681898117,0,0.0127598820254206,-0.0020687757059931,0.0952168330550193,0,0.0088264821097254,-0.03175975009799,0.0167168024927377,0,1.4270046949386597,-1.642345666885376,2.4016542434692383,1
1.346235990524292,-1.1131811141967771,6.866737365722656,0.1943521499633789,-0.0312073528766632,0.8096067905426025,1,-0.4864472448825836,-0.399049162864685,1.8302114009857176,1,0.0004701519792433,-0.0123824542388319,-0.0251798462122678,0,1.3640097379684448,-0.3970885872840881,1.5938831567764282,1,-0.231948584318161,-0.0961913913488388,0.9838791489601136,1,-0.0230684429407119,0.0013549210270866,-0.012093186378479,0,0.6116474270820618,-0.065354973077774,0.8757319450378418,1,-0.0869855731725692,-0.1102749556303024,0.8092819452285767,1,0.0042064529843628,-0.0029872104059904,0.0014162547886371,0
-0.9698899388313292,-3.28324818611145,16.374727249145508,-0.6911643743515015,-0.5776501893997192,5.567901611328125,1,0.0207351576536893,-0.111442819237709,-0.0304513480514287,0,0.0003523625200614,-0.0023655400145798,0.007910649292171,0,0.146209180355072,-2.010664224624634,8.666460037231445,1,0.0122193824499845,-0.0263020005077123,0.0989793315529823,0,0.0003935564600396,0.0097355712205171,0.0301146898418664,0,0.0807886347174644,-0.4375470280647278,0.784815788269043,1,-0.5405666828155518,-0.1241874024271965,1.257010579109192,1,0.0011428273282945,-0.0028244294226169,-0.0080144116654992,0
-1.622352123260498,-0.4671507775783539,14.207740783691406,0.0753155201673507,-0.0259578246623277,0.1943570375442505,0,0.7774362564086914,-1.0283961296081543,3.341279983520508,1,-2.713506937026977,2.923781633377075,5.116084575653076,1,0.0120927095413208,-0.0098739508539438,0.014058681204915,0,1.1006308794021606,-0.9558539986610411,1.838375449180603,1,-0.6017783284187317,-0.4561596810817718,2.14456844329834,1,-0.0016995205078274,-0.0304311122745275,0.0213335324078798,0,0.1574165374040603,-0.4895316064357757,0.5176984071731567,1,-0.4282591938972473,-0.3947280645370483,1.019984006881714,1
1.568046808242798,-0.5361610651016235,15.505192756652832,2.139799833297729,-1.6290684938430786,4.619152069091797,1,-0.0016155774937942,-0.0078731011599302,-0.0233889352530241,0,0.008817434310913,0.0008829976432025,-0.0513050109148025,0,0.1420912593603134,-0.1627934724092483,0.1541075408458709,0,-0.5277213454246521,1.6231106519699097,3.0709667205810547,1,0.0147103099152445,0.0091154910624027,-0.0173941235989332,0,0.0090864449739456,-0.005199187900871,-0.0105087319388985,0,-0.217573881149292,-0.3788354694843292,7.763148784637451,1,0.0004523231182247,0.014499538578093,0.0004137027135584,0
-1.3491030931472778,0.5844345688819885,5.716860294342041,0.7602309584617615,-0.3764181733131408,2.014425277709961,1,-0.0002364944521104,0.045179583132267,0.1525019258260727,0,0.0038813205901533,-0.01479725074023,-0.059266559779644,0,0.2789014279842376,-0.0874391421675682,0.2657533288002014,0,-0.307640790939331,0.2107156813144683,1.8308899402618408,1,0.0139361005276441,0.0237347651273012,0.1881716251373291,0,0.0060901045799255,0.0050146649591624,-0.0109050245955586,0,-2.103431224822998,0.7481948733329773,1.3634819984436035,1,-0.0008344244561158,0.0302495788782835,-0.028192151337862,0
1.224118709564209,-0.5657584071159363,14.57015609741211,-0.0013627463486045,0.0007822622428648,-0.0190369468182325,0,0.3914669156074524,0.2116181999444961,0.4181906878948211,0,-1.3582940101623535,-0.9399919509887696,4.189056396484375,1,0.0047437148168683,-0.001000213669613,-0.0127940103411674,0,2.266310930252075,0.6026709675788879,3.417344570159912,1,-0.3255959749221802,-0.1200617626309394,2.2716598510742188,1,0.0090885590761899,-0.0004250532656442,-0.0006582612404599,0,0.4482881426811218,-0.313485324382782,3.80112361907959,1,-0.2105268090963363,-0.0058655282482504,0.5052696466445923,1
0.8644809722900391,-0.7877132296562195,11.33034896850586,0.2076432406902313,-0.081119604408741,0.0825666263699531,0,-0.9259973168373108,-0.4594586491584778,2.834304094314575,1,0.0009716860367916,-0.0223396364599466,0.3557519614696502,0,0.8603662252426147,-0.1591068357229232,0.5814085602760315,1,-0.4425162971019745,0.1471622288227081,2.4260811805725098,1,-0.0230406783521175,0.1907705515623092,1.8325786590576167,1,1.2950631380081177,-0.3985106945037842,1.4037272930145264,1,-0.0904171019792556,0.010517400689423,1.421587586402893,1,-0.0175918843597173,-0.0156280361115932,0.3923425376415252,0
0.1366065740585327,0.381609708070755,11.042519569396973,0.184340089559555,0.006649297196418,0.44572913646698,0,-0.2014136910438537,0.0169103574007749,1.4485328197479248,1,-0.0123720914125442,0.0418751500546932,0.4150785803794861,0,0.7896364331245422,-0.0637418776750564,0.7281215786933899,1,-0.6106884479522705,0.2050939798355102,2.811048984527588,1,-0.0320332236588001,0.2118783146142959,1.9897199869155884,1,0.4634841680526733,-0.0485208705067634,0.4730154275894165,0,-0.4255400896072387,-0.0074596032500267,2.273754358291626,1,-0.0188065767288208,0.018924955278635,0.4575197696685791,0
2.800980806350708,3.163011312484741,16.094249725341797,0.0157045107334852,-0.0189920365810394,0.0152900470420718,0,2.628607988357544,4.17722749710083,8.20676326751709,1,-0.0024155697319656,-0.0092193139716982,-0.003799287835136,0,0.0005610923981294,-0.0026919406373053,0.0127093000337481,0,0.0880110934376716,-0.7897470593452454,6.05959939956665,1,0.0140531780198216,0.0022663976997137,0.0282426718622446,0,0.0797154754400253,-0.0336987003684043,0.1497690230607986,0,-0.0328549183905124,-0.1971333771944046,1.5770052671432495,1,0.0095985932275652,0.0349994637072086,0.0486696101725101,0
-0.406118631362915,1.9641656875610352,15.74448299407959,0.5573992729187012,0.0990907847881317,1.7423145771026611,1,-1.4812602996826172,1.564752221107483,2.466134548187256,1,0.3434875309467315,-0.087542600929737,-1.4098931550979614,0,1.1026455163955688,-0.1404540389776229,2.879517078399658,1,0.1798671185970306,0.3535927832126617,5.204821586608887,1,0.0068878680467605,0.0022505121305584,0.0291839074343442,0,0.1002314835786819,-0.0682935118675232,0.4785834848880768,0,-1.2019952535629272,0.1892469674348831,4.373788356781006,1,-0.0133818360045552,0.0515226162970066,-0.0199674814939498,0
0.0876057595014572,-0.0841774195432663,6.383037567138672,-0.0016693797660991,9.979095921153204e-05,-0.0089122764766216,0,0.2039589136838913,0.0684989392757415,0.5286850929260254,1,0.0010357095161452,-0.0019924417138099,-0.0557309240102767,0,0.0006828542682342,0.0022357839625328,-0.0008645278285257,0,0.2237090468406677,0.0365132950246334,2.967905282974243,1,-0.0009205443202517,-0.0081236502155661,-0.0083444323390722,0,-0.0021044835448265,0.0027888622134923,0.0007216684753075,0,-0.3377671241760254,-0.1810920238494873,2.9870667457580566,1,0.0021097701974213,-0.0040569407865405,-0.0229808595031499,0
0.608239471912384,-0.5154669284820557,8.224637031555176,0.0203014574944973,-0.1476660221815109,1.2772432565689087,1,-0.0003894354740623,-0.00240911799483,0.0206015203148126,0,0.0008743639918975,-0.0109271658584475,-0.0042905886657536,0,-0.0054538096301257,0.0079365503042936,-0.0054598473943769,0,0.1209045276045799,0.6521157622337341,3.5759167671203613,1,0.0032572974450886,-0.0033118505962193,-0.0018991841934621,0,0.0008134469971992,0.023332230746746,-0.0119934724643826,0,0.4828255176544189,-1.0318456888198853,3.3968958854675293,1,-0.0148938922211527,-0.002691603032872,-0.0223770011216402,0
0.1019745394587516,-0.5941720008850098,9.787948608398438,-0.0100442254915833,0.0268865525722503,0.0300163310021162,0,-2.8005475997924805,-1.1771680116653442,3.626023292541504,1,-0.0134606212377548,-0.0079197697341442,0.0315195545554161,0,0.9614019393920898,0.4408386945724487,2.2371535301208496,1,-0.3057395815849304,-0.2851059734821319,0.3901510834693908,0,-0.0081980898976325,0.0053833941929042,0.0049851732328534,0,2.2234082221984863,0.4170771241188049,3.53348159790039,1,0.0620790347456932,-0.0043913908302783,-0.0464424304664135,0,-0.0069244201295077,-0.00977264624089,-0.0189404264092445,0
1.3334952592849731,1.2834322452545166,14.049201011657717,0.0057679307647049,-0.012655759230256,-0.010653980076313,0,0.1907483488321304,2.681050062179565,1.3765051364898682,1,0.0036171355750411,-0.0007735869730822,-0.0130302794277668,0,0.0007851984701119,0.0031691920012235,0.0006132728885859,0,0.902228832244873,-1.061875343322754,11.74707317352295,1,0.016936233267188,0.0126609336584806,0.000600068247877,0,-0.0006487417849712,-0.0646031349897384,0.0092461071908473,0,0.5439068078994751,-0.7325915098190308,0.5031286478042603,1,-0.3298465013504028,0.4590512216091156,0.4357189834117889,0
1.9267770051956177,0.8366866111755371,16.838899612426758,0.0036994398105889,0.010456065647304,-0.0192731712013483,0,-0.0934139043092727,0.7025889754295349,0.928658127784729,1,0.0421313643455505,0.0387707911431789,-0.2780991196632385,0,-0.0070479796268045,0.0097448378801345,-0.0204810928553342,0,0.9914108514785768,1.1277341842651367,8.904974937438965,1,0.0124814342707395,0.0112011060118675,0.001180077320896,0,0.0015961296157911,0.0361084416508674,-0.0384299121797084,0,0.9839281439781188,-1.138302445411682,7.378607273101807,1,-0.0080084772780537,0.0383845828473567,-0.0182361453771591,0
-2.106862068176269,-3.584420680999756,15.023451805114746,1.1320278644561768,-0.7332799434661865,4.005941390991211,1,-1.4424210786819458,-0.4774616062641144,1.0504122972488403,1,0.0022402890026569,0.0028906688094139,-0.0178751889616251,0,0.1441294997930526,-1.0277537107467651,3.5178887844085693,1,-1.2442116737365725,-0.6759278774261475,4.365833282470703,1,0.0112856486812233,-0.0041628568433225,-0.0118500255048275,0,0.1040577664971351,-0.0523433610796928,1.0472625494003296,1,-0.8265202045440674,-0.6423088312149048,1.155216097831726,1,0.0125499833375215,0.0259266383945941,-0.0893762335181236,0
0.8316625952720642,1.4776040315628052,24.282697677612305,0.0107283052057027,-0.0207007173448801,0.0568542703986167,0,-0.1110879853367805,0.2743248343467712,-0.0854955092072486,0,0.0019821126479655,-0.0156968235969543,0.008952178992331,0,-0.0002035545767284,0.0059571205638349,0.0059046708047389,0,-1.9610342979431152,3.4380199909210205,18.833511352539062,1,0.01916872151196,-0.0135296313092112,0.0078890696167945,0,0.0034436376299709,-0.0881857424974441,-0.0627801120281219,0,2.882985830307007,-2.1718220710754395,5.564925193786621,1,-0.0143201844766736,0.0692371055483818,-0.0470631048083305,0
-1.6864837408065796,2.3681507110595703,17.607091903686523,0.0306204594671726,0.0144051713868975,-0.0289639718830585,0,0.1967200189828872,-0.1175049617886543,2.023183584213257,1,-2.912968397140503,2.541691780090332,4.480808258056641,1,0.0691040605306625,-0.0581298768520355,0.8212586641311646,1,0.9984729886054992,0.305986076593399,3.11359977722168,1,-2.1189756393432617,-0.1296506524085998,5.192097187042236,1,0.0038190169725567,0.0463270731270313,-0.0271220486611127,0,2.2500762939453125,-0.3007810413837433,1.058083176612854,1,-0.2033523172140121,0.0658068284392356,0.9741473197937012,1
-2.053294897079468,-1.4189355373382568,6.282247066497803,-0.0214160420000553,-0.0294218473136425,0.1248621270060539,0,-3.8636295795440674,-1.8131695985794067,2.637371778488159,1,-0.052405409514904,-0.010110237635672,-0.0479963645339012,0,1.0578908920288086,0.5609554648399353,1.492937445640564,1,0.1024121046066284,-0.1666123420000076,1.5054094791412354,1,0.0043346313759684,0.0069237151183187,0.0140208425000309,0,0.5837388634681702,0.1360605061054229,0.3436254262924194,0,0.0601790361106395,-0.0723282024264335,0.1355869621038437,0,0.0756004601716995,-0.0312330089509487,0.0764294490218162,0
0.984944760799408,0.0991316884756088,6.410466194152832,0.0577628538012504,0.111719973385334,0.6994389295578003,1,-0.932944357395172,-0.4676163494586944,1.5726197957992554,1,0.0027558295987546,-0.0028120400384068,-0.0304409563541412,0,1.2131613492965698,0.3856496512889862,2.490251302719116,1,-0.1998695433139801,-0.1589489877223968,0.4481150209903717,0,-0.0144810657948255,0.0061227395199239,-0.018991956487298,0,0.8636003732681274,0.2181133031845092,1.2078872919082642,1,-0.012046281248331,-0.0060659847222268,0.029268804937601,0,0.0070055937394499,0.0129693793132901,0.0123188346624374,0
1.0335450172424316,1.6239821910858154,16.98332977294922,-0.2561120986938476,0.8989599943161011,2.208826780319214,1,0.0004436895542312,-0.0042884116992354,-0.0201621428132057,0,-0.0012448169291019,-0.0019688250031322,0.001340085058473,0,0.6851307153701782,-0.7067140936851501,2.067505121231079,1,0.1995975524187088,0.7219201922416687,3.53968358039856,1,0.0135559905320405,0.0093936007469892,-0.046314600855112,0,0.0066114100627601,-0.0070738666690886,-0.0130297280848026,0,0.3135776817798614,-0.4121969938278198,1.125740885734558,1,0.0719848573207855,1.1259506940841677,8.119739532470703,1
0.1067537739872932,4.170330047607422,5.031505584716797,0.0111556174233555,0.0040379087440669,-0.0436576753854751,0,-0.7340855002403259,0.2336677461862564,4.11262845993042,1,-0.0113082649186253,-0.0380601659417152,-0.0271808039397001,0,0.2319477945566177,0.0523917824029922,0.1586512625217437,0,-0.1685192286968231,-0.0490086823701858,0.507562518119812,1,0.002960815327242,0.0102414907887578,-0.0102380672469735,0,0.7954703569412231,4.015557289123535,0.4236465692520141,0,-0.0274483114480972,-0.0781449377536773,-0.0289564821869134,0,0.0065805511549115,0.019647667184472,-0.0609504804015159,0
1.373508334159851,0.0580247864127159,8.652434349060059,0.0226416885852813,0.0026117356028407,-0.0113971102982759,0,0.8644328713417053,0.176622986793518,4.114800453186035,1,-0.0017422094242647,-0.0002139796415576,0.0139904208481311,0,0.0026137959212064,0.0036298350896686,0.0093351667746901,0,0.465433657169342,-0.1054359078407287,4.42631196975708,1,0.0123148392885923,-0.0040981657803058,0.0144911622628569,0,0.0132026756182312,-0.057404413819313,0.1238362714648246,0,0.0063977516256272,0.0383265800774097,-0.024143312126398,0,-0.0144088305532932,-0.0219121370464563,0.0044110175222158,0
0.8643003106117249,-0.8442301750183105,13.82524585723877,-0.0038964776322245,-0.0020121952984482,-0.0050783287733793,0,0.8842309713363647,-0.7446775436401367,3.277132749557495,1,0.0014495833311229,-0.0092979725450277,-0.0061784205026924,0,3.360586561029777e-05,-0.0021516755223274,0.0064305532723665,0,-0.0004859495384152,0.0009485209011472,-0.0578382574021816,0,-0.7851920127868652,0.5992715358734131,2.50098204612732,1,0.0027259294874966,-0.0045518926344811,-0.0213358215987682,0,0.0030645399820059,-0.0032358022872358,-0.0094793671742081,0,0.7623701095581055,-0.6785231828689575,8.140610694885254,1
0.0187586285173892,0.0038714986294507,5.808907985687256,-0.0041244104504585,-0.0032817081082612,0.002279951237142,0,0.0346639566123485,0.0224750377237796,1.1847578287124634,1,0.0003045780176762,0.0019204346463084,-0.0493826195597648,0,0.0013028009561821,-0.001191695453599,-0.0180746540427207,0,-0.0214334353804588,0.0126108154654502,3.3263096809387207,1,0.0133460070937871,0.0081142066046595,-0.0180120840668678,0,0.0022903787903487,0.0002886817092075,0.0014500215183943,0,-0.004972503054887,-0.0318981185555458,1.3718740940093994,1,-0.0026187438052147,-0.0051661562174558,0.0077052945271134,0
0.8953380584716797,-3.737437009811402,13.25493621826172,0.0168598424643278,-0.0089507913216948,-0.0095865586772561,0,-0.0066199051216244,-0.0135121513158082,-0.031775701791048,0,0.7156569957733154,-0.3612613081932068,4.088735580444336,1,0.0003887456841766,-0.0116149149835109,0.000320633262163,0,0.0148191452026367,-0.0188098084181547,-0.1107499375939369,0,-0.5153563022613525,-2.903324842453003,8.229905128479004,1,0.0019533736631274,-0.009244336746633,0.0008798172930255,0,0.6988481879234314,-0.1243696957826614,0.4541473388671875,0,-0.0312120113521814,-0.2863491177558899,0.6330599188804626,1
0.8747642636299133,1.6899161338806152,7.316864013671875,0.0016062033828347,0.007109482306987,0.0075462535023689,0,-0.0128324264660477,0.0087415352463722,-0.0331362932920455,0,0.2275894731283188,0.5406088829040527,2.674718141555786,1,0.0044924984686076,0.0017229616641998,-0.003044060897082,0,0.4699006080627441,0.9097049832344056,4.030440807342529,1,0.0019657500088214,-0.0017923660343512,-0.0237588845193386,0,0.1892701685428619,0.2226973474025726,0.6138530969619751,1,-0.0102185336872935,-0.00477249128744,0.0383079759776592,0,0.0029905843548476,0.0058957720175385,0.0119365686550736,0
1.1968692541122437,-1.4937883615493774,8.989856719970703,0.0547327250242233,0.0174789745360612,-0.0216907989233732,0,0.5621016621589661,-0.8786498308181763,2.873484373092652,1,-0.1600665003061294,0.0057353596203029,0.1598294377326965,0,0.0127807669341564,0.0018511648522689,-0.0071150311268866,0,0.8890951871871948,-0.2764149010181427,2.7609293460845947,1,-0.2321309596300125,0.011165234260261,0.5265697836875916,1,0.0120478644967079,0.0347780175507068,0.049779076129198,0,0.4620332419872284,-0.6463876962661743,1.8178898096084597,1,-0.4037247896194458,0.2366553395986557,0.8301814198493958,1
0.7976747751235962,-0.5187110304832458,4.391777038574219,0.0514940172433853,-0.0079857362434268,0.0064157592132687,0,-1.085371732711792,-0.5784399509429932,1.956701636314392,1,-0.0086859436705708,-0.0075922920368611,-0.0356497541069984,0,0.8262915015220642,0.0134714636951684,0.0045005735009908,0,-0.2365337014198303,0.0098291561007499,1.0549625158309937,1,0.0090908706188201,0.0625229254364967,0.4479408264160156,0,1.2535159587860107,-0.0272796340286731,0.7155711650848389,1,-0.0191192626953125,0.0174705330282449,0.2388165146112442,0,0.0069930627942085,-0.0007075587054714,0.0025171404704451,0
0.7307267785072327,-0.7561051845550537,5.273155689239502,0.0130871338769793,-0.0010045469971373,-0.0330654568970203,0,-0.4145503938198089,-0.4341829121112823,2.031543493270874,1,0.0031380744185298,0.0095760934054851,-0.0165281202644109,0,0.524352490901947,-0.1124138012528419,0.4312048256397247,0,-0.0622145719826221,0.0109438095241785,0.35565185546875,0,0.0010781452292576,0.0164403524249792,0.0238047335296869,0,0.6706550121307373,-0.2370903640985489,2.439622163772583,1,-0.0060838153585791,-0.0087277693673968,0.0427920892834663,0,0.001264693099074,0.000353972922312,-0.0018702407833188,0
1.2797455787658691,-0.3077819347381592,15.990689277648926,0.0115528162568807,0.0063501363620162,-0.0260488148778677,0,1.9782541990280151,0.3035923838615417,8.795957565307617,1,-0.0051740449853241,0.0085051394999027,0.0070790615864098,0,0.2986259162425995,-0.0571726858615875,0.3252591788768768,0,-0.7675732374191284,-0.2197073251008987,2.642539501190185,1,0.0041767596267163,-0.0047071576118469,-0.0062548955902457,0,-0.2236795574426651,-0.3189385533332824,4.236372470855713,1,-0.0155557505786418,-0.0099611347541213,0.0615004636347293,0,-0.0008815854671411,-0.0157427117228508,-0.0457161217927932,0
0.6492443084716797,0.0913236737251281,11.842076301574709,0.046278104186058,-0.0222356375306844,0.0821816623210907,0,0.0825382843613624,0.1334526091814041,-0.0380756147205829,0,-0.566207766532898,-0.2143339812755584,1.1650735139846802,1,0.0191191490739583,0.0013027267996221,0.0332917794585228,0,1.1037647724151611,1.057377815246582,7.908060550689697,1,0.0126953134313225,-0.0051430519670248,0.0473761670291423,0,-0.0078616198152303,-0.0614073053002357,-0.0627590790390968,0,-0.0649150013923645,-0.830253005027771,2.7257094383239746,1,0.0238331221044063,0.0325635112822055,-0.0187826063483953,0
1.2491774559020996,-1.277020812034607,11.443349838256836,0.0009254487231373,-0.000378252210794,6.824709271313623e-05,0,0.0739981830120086,0.0791154280304908,0.0368038862943649,0,0.1094760447740554,-0.3482574820518493,2.0450470447540283,1,-0.0021621347405016,-0.0012393965153023,-0.0207437276840209,0,0.5220180749893188,-1.300313115119934,7.879627227783203,1,-0.0066851023584604,-0.0070354877971112,0.0077194450423121,0,0.5552883148193359,0.3193942308425903,1.5071355104446411,1,-0.0014607341727241,-0.0074884709902107,0.0203782152384519,0,-0.0022206660360097,-0.0108182318508625,-0.0326854102313518,0
0.1332713663578033,-0.0498036891222,0.637083113193512,0.1881078034639358,-0.0705491751432418,0.1331014484167099,0,0.0109261013567447,-0.0226208623498678,0.0466430038213729,0,-0.0060007376596331,-0.0042511709034442,0.0270091015845537,0,0.1182982474565506,-0.0507086887955665,0.1095707342028617,0,-0.0625006929039955,0.0303316265344619,0.0535010173916816,0,-0.0128148877993226,0.0136125134304165,-0.0229111146181821,0,0.0480884611606597,0.0193613972514867,0.082083374261856,0,-0.1480387449264526,0.026080559939146,0.1920088976621627,0,-0.0027941835578531,0.0089401192963123,0.0160766318440437,0
-0.5923336744308472,3.9356491565704346,7.461863040924072,0.0074142627418041,0.0141609897837042,-0.0255947634577751,0,0.1392181515693664,1.5029025077819824,1.0782856941223145,1,0.02304576523602,-0.0115746986120939,0.0452457554638385,0,0.0430945679545402,0.0047981082461774,0.0982160568237304,0,0.0052563035860657,0.7253835201263428,5.798972606658936,1,0.0647944658994674,0.0578358247876167,0.9083191752433776,1,0.3480606973171234,1.1379865407943726,-0.9458336234092712,0,-1.2116944789886477,0.5052512884140015,0.5130423307418823,1,-0.0115234525874257,-0.0010950451251119,-0.0087898653000593,0
0.7581751942634583,-0.5698218941688538,20.15311813354492,0.0367567688226699,-0.3925461173057556,8.749176979064941,1,-0.0239150039851665,-0.0046116020530462,-0.0323696359992027,0,0.0012783195124939,-0.0101781925186514,-0.0036213768180459,0,1.842132329940796,-1.0969364643096924,5.833474159240723,1,-0.0289332382380962,0.0001679359265835,-0.0153849637135863,0,0.0199522655457258,0.020276129245758,-0.0457033142447471,0,0.4435630738735199,-0.105709321796894,0.3267238140106201,0,-1.54449200630188,1.0038509368896484,5.340170860290527,1,0.0118327587842941,0.0158647783100605,0.0006506190402433,0
0.4154339730739593,-0.0568586960434913,4.76776123046875,-0.0019366996129974,0.0059697972610592,0.0025515337474644,0,-0.0025461835321038,-0.0051987669430673,-0.0255257133394479,0,0.2129814624786377,0.0042225033976137,0.8154696226119995,1,-0.0028369359206408,0.0076180049218237,0.0066396328620612,0,-0.0083796791732311,0.0238356497138738,-0.0222489610314369,0,0.0484508834779262,-0.1385896503925323,1.790670394897461,1,0.0013560815714299,-0.0269817225635051,0.0232463851571083,0,-0.0025898453313857,-0.0141764841973781,-0.0243138689547777,0,0.1709349006414413,0.0864419713616371,2.2012722492218018,1
-1.041340708732605,-3.09891414642334,5.949973106384277,-0.0194560326635837,-0.0154885537922382,0.0061686169356107,0,0.1019994765520095,-1.798830509185791,2.056935310363769,1,0.0083722984418272,-0.0369461998343467,-0.0931953936815261,0,-0.0067645697854459,-0.0103331301361322,-0.0085273217409849,0,-0.0053011449053883,0.0193999726325273,0.0918240249156951,0,-1.232646107673645,-0.7863169312477112,3.734093427658081,1,-0.0238969568163156,0.0636024549603462,-0.1375885605812072,0,-0.0225212890654802,-0.0585017688572406,-0.0325116701424121,0,0.15887351334095,-0.47549968957901,0.3327747285366058,0
0.8634495735168457,1.5955930948257446,8.220585823059082,0.0021878979168832,0.0002172454260289,-0.0341411754488945,0,2.2376937866210938,0.9986804127693176,-0.175053060054779,0,-0.0394122973084449,0.0393309481441974,0.1317170113325119,0,-0.0002689430548343,0.000527455646079,-0.0095087895169854,0,2.5862631797790527,-0.4957941770553589,2.25771164894104,1,-1.3885071277618408,0.5873010158538818,2.6116273403167725,1,-0.0064282864332199,0.0008747563115321,-0.0074543100781738,0,0.6733827590942383,-0.3886036872863769,0.6603906750679016,1,-3.2014613151550293,0.8530590534210205,2.7852962017059326,1
-3.425905704498291,-2.126806735992432,17.202714920043945,-0.0339200310409069,0.0268076509237289,-0.0455088727176189,0,1.1760331392288208,-0.7491324543952942,3.613001823425293,1,-2.226599931716919,0.7483610510826111,2.4177749156951904,1,0.0020953726489096,0.0102793052792549,0.0067989574745297,0,1.328998565673828,-0.2647600173950195,3.783775329589844,1,-0.8429183959960938,0.0385998710989952,1.7371711730957031,1,-0.0337649099528789,0.1042240411043167,-0.0129777574911713,0,0.2585087716579437,-0.7431523203849792,1.7894283533096311,1,-3.054338216781616,-1.2980338335037231,3.9132509231567374,1
-0.1704822480678558,-0.3950556218624115,6.529882431030273,0.02844107337296,-0.0017952565103769,-0.0262480620294809,0,0.350268542766571,0.1893247663974762,0.5112842917442322,1,-0.7886874079704285,-0.2007921785116195,1.561699628829956,1,0.0022678787354379,0.0003118628810625,0.0012030877405777,0,0.9320715069770812,-0.0928582847118377,1.6514151096343994,1,-0.8135177493095398,-0.1450448632240295,1.852190613746643,1,0.0018375461222603,-0.0043354243971407,-0.0066408538259565,0,0.4055849611759186,-0.1309608370065689,0.7039207220077515,1,-0.2887486219406128,-0.0089053697884082,0.2810580432415008,0
2.2268216609954834,0.3952988386154175,16.121797561645508,0.015214598737657,-0.0294736977666616,0.1350332647562027,0,-0.0995516926050186,0.007790666539222,0.1430168151855468,0,-1.8009541034698486,0.1985540241003036,5.516980648040772,1,0.0041924463585019,0.0101756248623132,0.0103870276361703,0,0.548546552658081,0.9977096319198608,2.866501569747925,1,-0.8399605751037598,-1.7499287128448486,1.278340458869934,1,0.0537924394011497,0.0448215641081333,-0.1249633282423019,0,4.350250720977783,0.8930090069770813,6.36459493637085,1,-0.0047086933627724,0.0226407088339328,-0.068091444671154,0
-0.0237308721989393,-0.2570315599441528,6.317751407623291,-0.0208419039845466,0.0498190820217132,0.4939106702804565,0,-0.0594649538397789,-0.0465155467391014,0.2116274386644363,0,0.001615178072825,-0.000947578868363,0.0023849031422287,0,0.0979679301381111,-0.3498830497264862,3.773839235305786,1,-0.0010093685705214,-0.0005703539936803,-0.0054451092146337,0,0.0113356849178671,-0.0033148620277643,-0.0246553737670183,0,-0.0615867152810096,0.0935673266649246,1.8661288022994995,1,0.0019008300732821,-0.0083159133791923,0.0044309520162642,0,0.0063524455763399,0.0091293528676033,-0.0044701118022203,0
0.9306873083114624,0.2524641156196594,5.50886869430542,0.7464112043380737,-0.000827542040497,0.458587110042572,0,-0.0316107459366321,0.0245215501636266,0.3621550500392914,0,0.0023280922323465,-0.0040685082785785,-0.0122815491631627,0,0.7034538984298706,-0.0788652300834655,0.2565377354621887,0,-0.4195153415203094,0.1367958933115005,1.6126712560653689,1,-0.0236625168472528,0.0890703946352005,0.9264774918556212,1,0.7051345109939575,-0.0347131751477718,0.2005061209201812,0,-0.7447303533554077,0.1164384111762046,1.7018444538116455,1,-0.0071215857751667,0.0041123460978269,0.0023711977992206,0
0.4596323072910309,-0.4894614517688751,8.724824905395508,0.074901707470417,0.0034724636934697,0.1066869571805,0,-0.1044912859797477,0.15198515355587,-0.0402408204972744,0,0.0026200839783996,-0.0173331778496503,-0.0076203574426472,0,-0.0113181415945291,0.0102158514782786,-0.028203060850501,0,0.0526157170534133,0.1133734360337257,7.930373668670654,1,0.0102456752210855,0.014213009737432,-0.0133621655404567,0,-0.005894617177546,-0.0104845585301518,-0.0254981890320777,0,0.4284546375274658,-0.8217640519142151,0.7950325012207031,1,0.0124985165894031,0.0668604150414466,0.0076561388559639,0
-1.255730152130127,0.6676611304283142,18.36888694763184,0.2485922873020172,-0.3382808268070221,7.356039047241211,1,-0.0350614339113235,0.052302710711956,0.2296860516071319,0,-0.0018939884612336,-0.0123391626402735,0.2673041820526123,0,0.4685181379318237,-1.257549524307251,6.702425956726074,1,0.0267960913479328,-0.0076514417305588,0.0995195657014846,0,0.0007084103999659,-0.0025962889194488,0.0085627771914005,0,0.0050282403826713,-0.0188396554440259,0.0121893230825662,0,-1.9213300943374636,2.219085693359375,3.747028112411499,1,-0.0470879189670085,0.0335295870900154,-0.0538677275180816,0
0.0989594161510467,-2.367633581161499,16.06866455078125,0.0645308420062065,0.0232769809663295,-0.0084227379411458,0,0.0005908604362048,0.0249644070863723,-0.0123832430690526,0,-0.1363707184791565,0.1126719564199447,0.2347905039787292,0,0.0040879510343074,0.0042125582695007,-0.0022527808323502,0,0.0066273855045437,0.0318326540291309,-0.0634012296795845,0,-0.3339009284973144,0.0007443508948199,11.1178560256958,1,0.0042528910562396,-0.034770306199789,-0.0159080456942319,0,-0.0683771595358848,0.0458363369107246,-0.0799100548028945,0,0.5575183033943176,-2.576402425765991,4.898296356201172,1
0.1411475241184234,-0.2201705873012542,6.584661483764648,-8.523313590558246e-05,0.0029231901280581,0.0038195278029888,0,-0.0397796779870986,0.2221491336822509,-0.0242462940514087,0,0.2763928472995758,0.1658055782318115,3.6667115688323975,1,0.0069078290835022,0.0003461019950918,0.0110460678115487,0,0.0026976147200912,0.0279170628637075,0.1057429686188697,0,-0.3665465712547302,-0.4409675896167755,0.1027132868766784,0,-0.0184789951890707,0.0805595219135284,0.0658337324857711,0,0.2941979467868805,-0.2519946992397308,2.71368670463562,1,-0.0141582442447543,-0.0269088819622993,-0.0606460757553577,0
0.9960596561431884,-0.6287210583686829,21.91831970214844,0.9628562331199646,-0.8904580473899841,7.890724658966064,1,-0.0172161757946014,0.0173801351338624,-0.0394056364893913,0,-0.002723939018324,-0.003943283110857,-0.0368631780147552,0,0.0180906169116497,-0.0150217022746801,-0.0119270402938127,0,-0.8990975022315979,0.9798673391342164,1.3248246908187866,1,0.0005699828616343,0.0015648376429453,-0.0130653558298945,0,0.0061387005262076,0.0007480385829694,-0.0239979662001132,0,0.9355764985084534,-0.7315598130226135,12.809212684631348,1,-0.0081348353996872,0.0127014014869928,0.0188173856586217,0
-0.1393815875053405,-0.7098637819290161,9.868237495422363,-0.0105626555159688,0.0039604217745363,0.0030153412371873,0,0.0016163343098014,0.0036422768607735,-0.0142368599772453,0,0.3619627356529236,0.2538900375366211,2.8043863773345947,1,-0.0044523901306092,0.0011572510702535,-0.0470223054289817,0,0.002432910259813,0.0220907479524612,-0.1007730215787887,0,-0.8447021842002869,-1.2012466192245483,5.824169158935547,1,0.0019075989257544,-0.005653120111674,-0.0193405784666538,0,0.34807950258255,0.2031933963298797,1.4194095134735107,1,0.0043365713208913,0.0091018751263618,-0.0013704596785828,0
2.573354005813598,-3.6349945068359375,10.213499069213867,0.0400081053376197,-0.0241492222994565,0.0454455353319644,0,1.284171223640442,-1.519092321395874,5.537514686584473,1,0.0103246327489614,0.0137759977951645,-0.0421909429132938,0,0.3518014848232269,0.1537142097949981,0.6795992851257324,1,0.4239128530025482,-1.503288507461548,1.6796696186065674,1,-0.0149363297969102,0.0186346154659986,-0.0147314751520752,0,0.4759125113487243,-0.7174354791641235,2.2196476459503174,1,-0.0043684057891368,-0.0859212875366211,0.1082096621394157,0,0.0065278625115752,0.0287675466388463,0.0003361422859597,0
0.6393759846687317,0.3310606479644775,20.59287071228028,0.0237333178520202,0.0042849914170801,-0.0309402849525213,0,0.7918209433555603,3.639971256256104,2.288942575454712,1,0.0013947053812444,-0.007498562335968,-0.0118013890460133,0,0.2015193849802017,0.2871365249156952,-0.0680050924420356,0,-1.0722779035568235,-3.7082724571228023,8.912988662719727,1,0.0056070191785693,-0.0011256356956437,-0.0317908897995948,0,0.6866775751113892,0.1182044148445129,9.571605682373049,1,-0.0001837601594161,-0.0021486717741936,-0.0201021302491426,0,0.0010846973164007,0.0005085790762677,-0.0180280227214097,0
0.982408344745636,-0.6167322993278503,4.317227363586426,0.0102052325382828,-0.0015523885376751,0.0241595823317766,0,-0.3461634814739227,-0.2488103806972503,1.340512990951538,1,-0.0007739375578239,-0.0155245177447795,-0.0489231944084167,0,0.5790483355522156,-0.2093074470758438,0.2078307569026947,0,-0.1737029552459716,0.0593651011586189,0.9616720080375672,1,0.000870582240168,0.01775230653584,0.4333188831806183,0,0.9911123514175416,-0.2094640284776687,1.143913745880127,1,-0.0843147039413452,-0.0172106381505727,0.2462652027606964,0,0.0061269276775419,0.0080197481438517,0.0084773050621151,0
0.4263832867145538,-0.2537705898284912,8.861165046691895,0.0099251773208379,-0.0040503516793251,-0.0456810444593429,0,-0.0429098606109619,-0.5545447468757629,3.5346641540527344,1,0.0002659323217812,-0.0025469767861068,-0.0207350179553031,0,0.5337633490562439,0.3949222564697265,2.3705172538757324,1,-0.0054616248235106,0.0044605769217014,0.0042394804768264,0,0.0083082262426614,0.0144041739404201,-0.0294563919305801,0,-0.0784359723329544,-0.1219703331589698,3.056736469268799,1,-0.0005181797896511,0.003517662640661,-0.0231389664113521,0,0.0014461727114394,0.0120371617376804,0.0140186278149485,0
-5.041626930236816,-6.167436599731445,17.880577087402344,-0.0096849920228123,-0.0136017333716154,0.0277340617030859,0,0.955514669418335,-0.3467062413692474,2.3486483097076416,1,-1.2400140762329102,0.485361784696579,2.158136367797852,1,0.0462613888084888,0.0525165796279907,0.7159387469291687,1,0.807866096496582,0.2134813666343689,3.076274871826172,1,-1.2251198291778564,0.1904861479997635,4.855957508087158,1,-0.0122595960274338,-0.0207674466073513,-0.0936551317572593,0,0.6516396403312683,-0.605026364326477,1.3816859722137451,1,-5.015830039978027,-6.123180866241455,3.409855842590332,1
2.404836654663086,0.7572077512741089,20.61083221435547,0.0079459464177489,-0.026224723085761,0.0694798231124877,0,0.8465966582298279,0.3881125748157501,9.714077949523926,1,-0.0026353970170021,-0.0020076136570423,-0.0183554291725158,0,0.0107479123398661,0.0027757522184401,0.0233060903847217,0,0.5315801501274109,-0.7259000539779663,0.2867181599140167,0,-0.0580552853643894,0.4343193173408508,2.684922933578491,1,-0.005679007153958,0.0323970913887023,-0.0046625877730548,0,-0.0446534007787704,0.0278912372887134,-0.0112829711288213,0,1.118989109992981,0.6258441805839539,7.866627216339111,1
1.700243592262268,0.8168262839317322,21.76077651977539,1.94938325881958,-0.1669420152902603,3.6570804119110103,1,0.0166649911552667,0.085702858865261,0.0044149253517389,0,0.0033581948373466,0.0015204452211037,0.0070874104276299,0,0.6255106925964355,-0.321375161409378,0.9014567732810974,1,0.1136612519621849,1.145491600036621,8.776946067810059,1,0.0101964408531785,0.0012799244141206,0.0243055839091539,0,-0.008458468131721,-0.0542545616626739,-0.0948617383837699,0,-1.0273451805114746,0.0384634435176849,8.518896102905273,1,0.0172720942646265,0.0869396179914474,-0.0345505475997924,0
2.316100835800171,1.2445467710494995,15.100818634033203,-0.0104135256260633,-0.0031221497338265,-0.0397465825080871,0,0.8195300102233887,1.7975749969482422,5.038046360015869,1,0.0026927548460662,-0.0121305016800761,-0.0303422175347805,0,-0.0032565807923674,0.0035658665001392,-0.0293715894222259,0,0.7236050963401794,-0.1464409530162811,7.940032958984375,1,0.017472630366683,0.0080804787576198,-0.0007568424916826,0,-0.0031307903118431,0.0625400990247726,-0.0586398020386695,0,0.7554764151573181,-0.4430114328861236,2.360008001327514,1,0.0141248870640993,-0.0225096568465232,-0.0784113034605979,0
1.2246774435043335,-0.6909911632537842,14.549120903015137,0.0154384616762399,-0.0067938109859824,-0.0102155599743127,0,0.6845575571060181,0.2444488555192947,4.504875183105469,1,-0.001215127762407,-0.003233888419345,-0.0042088218033313,0,0.0067041777074337,-0.0054072858765721,0.0658310577273368,0,1.4461796283721924,-0.6548814177513123,4.9074296951293945,1,-0.152043879032135,-0.0817938968539238,0.5108126401901245,1,0.0078240633010864,-0.0073086135089397,0.0001790255628293,0,0.1347419768571853,-0.1494663208723068,0.2715819478034973,0,-0.9175094366073608,-0.0265547912567853,4.302836418151856,1
1.3351901769638062,-0.0319487527012825,4.727322578430176,0.6657549142837524,-0.0921115800738334,0.2253953367471695,0,-0.0890895426273346,-0.0286110304296016,0.6447247862815857,1,0.0007888851687312,0.0005372501327656,-0.0387962646782398,0,0.6733148097991943,-0.147267684340477,0.2907693684101105,0,-0.2804847061634063,0.1955080926418304,1.4692986011505127,1,0.0144165465608239,0.1022857353091239,0.843232274055481,1,0.5047131180763245,-0.1219275146722793,0.549501895904541,1,-0.155661404132843,0.0471950247883796,0.7117843627929688,1,0.0014372587902471,0.0124429548159241,0.0314121730625629,0
-0.9018718600273132,-3.154963493347168,11.995162963867188,-0.084149844944477,-0.0117979999631643,0.0590321347117424,0,0.2278961837291717,-1.1805481910705566,0.8567301034927368,1,-0.0017373573500663,-0.0071549103595316,-0.1201942935585975,0,0.0022400519810616,-0.0009910209337249,0.0147557761520147,0,-0.0001293420646106,0.0753403007984161,0.1065522357821464,0,-1.4467583894729614,-0.8074328303337097,10.336599349975586,1,-0.0004354030243121,0.1059804484248161,-0.0159076005220413,0,0.0437470860779285,-0.0170421451330184,-0.0228087287396192,0,0.3574550747871399,-1.3113168478012085,0.7804044485092163,1
1.2755377292633057,-0.6142917275428772,5.887576580047607,2.5494582587271e-06,0.000965773302596,-0.0106796091422438,0,0.3469133079051971,-0.1461999714374542,1.463867425918579,1,-0.0019105555256828,-0.0076020620763301,0.0457241684198379,0,0.0014992934884503,-0.0049558724276721,-0.0023912237957119,0,0.9429664611816406,-0.1175576448440551,2.2668917179107666,1,-0.1760834902524948,-0.0702205598354339,0.6957440972328186,1,0.0003200721112079,-0.0015091311652213,-0.0134315732866525,0,0.3247972428798675,-0.2163258045911789,0.7666995525360107,1,-0.1629671454429626,-0.0508864670991897,0.6751523613929749,1
1.266775131225586,0.1309219300746917,5.370518207550049,0.0296803563833236,-0.014930865727365,-0.0552804879844188,0,0.4344213008880615,0.2354134023189544,0.5453579425811768,1,-0.0071848281659185,0.0051157274283468,0.0093578333035111,0,0.00661605829373,0.0078212739899754,0.0143011780455708,0,0.8023894429206848,-0.0536369830369949,3.655761480331421,1,-0.0127856312319636,0.0183310378342866,-0.0252801999449729,0,0.0062571647576987,0.0063664237968623,-0.0065533928573131,0,0.012844449840486,-0.068644031882286,1.2364792823791504,1,-0.005463124718517,-0.0049140583723783,-0.0036258737090975,0
1.4245542287826538,0.1698814928531646,10.85881233215332,-0.1652501076459884,0.2285516709089279,-0.3229449987411499,0,1.0413625240325928,0.6161340475082397,4.772480487823486,1,-0.002013252582401,-0.0142750404775142,0.6541854739189148,1,-0.0054077729582786,0.0120497960597276,-0.0289166718721389,0,0.3425216972827911,-0.2854730486869812,4.348860740661621,1,0.0060898307710886,0.01482187025249,-0.0118020251393318,0,0.0004381455946713,-0.1280390471220016,-0.0230760257691144,0,0.2064438164234161,-0.3262333273887634,1.5166040658950806,1,0.0003694548213388,0.0523445308208465,-0.046578049659729,0
1.5119928121566772,-0.4618095457553863,15.170412063598633,0.0023678864818066,-0.0003429134376347,-0.0207645259797573,0,1.29944908618927,-0.237561360001564,8.85876750946045,1,-0.0003824557061307,0.0028751255013048,0.0252733584493398,0,-0.0005916777299717,0.0046488149091601,0.0077781802974641,0,0.0549476109445095,-0.1633596122264862,2.979825496673584,1,0.0190493781119585,-0.0016646638978272,-0.0295957028865814,0,0.473870038986206,0.0852338895201683,0.3640365600585937,0,-0.3456025123596191,-0.1606571227312088,2.9929590225219727,1,0.0088853584602475,0.009018282406032,-0.0078674862161278,0
0.7020314335823059,-0.2852150499820709,6.7080078125,-0.0018555230926722,0.0070013292133808,-0.0070984507910907,0,0.2138125300407409,0.0389421470463275,0.8226986527442932,1,-0.4969364106655121,-0.1776348948478698,1.0259521007537842,1,-0.0005873596528545,0.0041169975884258,-0.0278038065880537,0,1.060893416404724,0.0874739065766334,2.7058842182159424,1,-0.2702463567256927,-0.079880803823471,0.7320892810821533,1,0.0015499965520575,-0.0034427030477672,-0.0109671056270599,0,0.2133106291294098,-0.1611176431179046,1.4182937145233154,1,-0.0179094616323709,-0.0006733712507411,0.04895855858922,0
-0.1994533240795135,-0.9484255313873292,6.751407623291016,-0.1982691586017608,0.1920927464962005,-0.4506055414676666,0,-0.2459696382284164,-0.6602755784988403,5.035449981689453,1,0.0228589605540037,-0.0160681344568729,0.0163511335849761,0,0.0049158139154314,-0.0127440765500068,0.0131268166005611,0,0.0903612077236175,-0.4239494502544403,1.9795640707015991,1,0.0143919875845313,0.0012050030054524,0.0211501233279705,0,-0.0025271505583077,0.0803373232483863,-0.0099941277876496,0,0.0826831981539726,-0.1028463318943977,0.1256751120090484,0,0.0321014486253261,-0.006177123170346,0.0206893123686313,0
-0.2302288115024566,1.2366985082626345,15.323684692382812,-0.0336557738482952,0.0072740036994218,-0.0418670028448104,0,0.5372594594955444,2.576870441436768,9.215835571289062,1,-0.0009899070719256,-0.0684096366167068,1.1625510454177856,1,0.0056156162172555,0.0009253938333131,-0.0223514456301927,0,-0.6985457539558411,-1.6038137674331665,4.6407470703125,1,0.0178549028933048,0.009407659061253,0.0141415409743785,0,0.1167719066143035,0.3050925433635711,0.08379927277565,0,-0.1430520117282867,-0.0216290336102247,0.3482919931411743,0,-0.0314872339367866,0.0309811178594827,-0.0774628072977066,0
1.2992559671401978,4.413242340087891,22.189037322998047,0.0339474380016326,0.0201866589486598,-0.043151956051588,0,0.0042913514189422,0.1300296932458877,-0.1903066635131836,0,-0.6329686641693115,1.3088386058807373,4.08992338180542,1,-0.0107084466144442,0.0136611480265855,-0.0388660617172718,0,2.9040520191192627,4.960422992706299,13.182660102844238,1,0.025323063135147,0.0055126934312283,0.0042094318196177,0,-0.0078701330348849,0.0132948588579893,-0.0658045560121536,0,-1.0205202102661133,-2.066191434860229,5.353828430175781,1,0.0037096161395311,0.0274876784533262,-0.1034550815820694,0
-0.4568213820457458,-0.9842177033424376,14.258700370788574,0.0002941942948382,-0.0012065391056239,-0.0141910770907998,0,-0.0027953770477324,0.0100549552589654,-0.0335523784160614,0,-0.5970147848129272,-0.7825642824172974,7.876711845397949,1,-0.0014765666564926,0.006037984509021,-0.0149440662935376,0,0.8671314716339111,0.3899248540401459,1.8180323839187624,1,-0.4146510660648346,-0.2392747849225998,1.623024821281433,1,0.0007782813045196,-0.0003684570547193,-0.0164754539728164,0,-0.3146673440933227,-0.3688096404075622,3.0379767417907715,1,0.0055798306129872,0.0019881604239344,-0.0178827941417694,0
-2.27372145652771,-0.1609958857297897,7.106326103210449,0.0290959533303976,-0.0229395013302564,-0.0433819815516471,0,-1.6315488815307615,-0.0718952491879463,4.297644138336182,1,0.0024382066912949,-0.0209159590303897,-0.0675896927714347,0,0.0080650765448808,0.0015327975852414,-0.0050362991169095,0,-0.6882300972938538,-0.0233155153691768,2.792332887649536,1,-0.0069605885073542,0.012055704370141,-0.0249086245894432,0,0.021798949688673,-0.0037963781505823,-0.0163076613098382,0,-0.0065770242363214,-0.0275744087994098,0.1880571544170379,0,-0.001802954240702,-0.0041473787277936,-0.0144830849021673,0
2.9874684810638428,-3.824378252029419,17.825340270996094,0.0082025146111845,-0.008208978921175,0.0059820036403834,0,0.6853527426719666,0.360477477312088,8.570094108581543,1,-0.0041567618027329,-0.0247678291052579,-0.0212697051465511,0,0.8508453965187073,1.531211018562317,1.1072423458099363,1,0.0434003248810768,-5.555830001831055,2.5473790168762207,1,0.0201217979192733,0.0067834020592272,0.041070207953453,0,1.3680946826934814,-0.0294755529612302,5.46275520324707,1,-0.0017700738972052,-0.1445946395397186,0.0792190581560134,0,0.0173779353499412,0.0400267578661441,0.0328677780926227,0
0.7781307697296143,-0.6206467747688293,13.954087257385254,0.0040809698402881,-0.0057301232591271,-0.0411820709705352,0,-0.0094687258824706,0.0051536206156015,-0.0260407458990812,0,-0.5994545817375183,-1.046248435974121,8.523208618164062,1,0.003989381249994,0.0043540485203266,-0.0006155647570267,0,0.9263634085655212,0.5008689761161804,1.3888850212097168,1,-0.1322770565748214,-0.2538827955722809,2.320965528488159,1,0.0038949758745729,-0.0009543755440972,-0.0087984763085842,0,0.6968119144439697,0.2505396902561188,1.6590442657470703,1,-0.1158095300197601,-0.0747472494840622,0.1386206448078155,0
0.2126523554325103,-0.0032189835328608,0.8325227499008179,0.1080455854535102,-0.0284960474818944,0.1212188675999641,0,-0.0426683537662029,-0.0287291556596755,0.1378479748964309,0,-0.0074854586273431,-0.0007804025080986,-0.0048006675206124,0,0.1598392724990844,-0.0099232764914631,0.1677915900945663,0,-0.1021247878670692,0.0162065662443637,0.1208870559930801,0,-0.0019915462471544,-0.0125873498618602,0.0007348996005021,0,0.1569811403751373,0.0514453314244747,0.2538713216781616,0,-0.0494815111160278,0.0105347502976655,0.025203688070178,0,-0.0084619866684079,-0.0008893937338143,0.0097680184990167,0
-1.3318976163864136,1.86750602722168,28.53787612915039,-1.2290037870407104,-0.4818919599056244,6.335309982299805,1,-0.0163197368383407,0.1167593076825141,-0.1638027727603912,0,0.0061857081018388,-0.0238154381513595,-0.0221680104732513,0,-0.0194057654589414,0.0177611541002988,-0.0412474796175956,0,-0.5351999998092651,3.755612373352051,16.20368194580078,1,0.0176574122160673,-0.0011431612074375,0.0172509979456663,0,0.0029080149251967,0.0326130874454975,-0.0578143894672393,0,0.9076159000396729,-2.5643270015716557,4.874464988708496,1,-0.466335266828537,1.0159378051757812,1.392200946807861,1
-4.372292518615723,-7.765172958374023,15.910011291503906,-0.0088256662711501,0.0045119430869817,0.0068588871508836,0,1.8075106143951416,-1.0530855655670166,5.438074588775635,1,-0.5213750004768372,0.1434935182332992,0.5314246416091919,1,0.0005521798739209,-0.0007941058138385,-0.0001984605623874,0,0.9747102856636048,-1.0747959613800049,0.7726745009422302,1,-1.6416503190994265,-0.0259649660438299,3.4119296073913574,1,0.0018741565290838,0.0633422285318374,-0.0002913741045631,0,0.2757405936717987,-0.1666248589754104,0.3280748724937439,0,-5.260829448699951,-5.655255317687988,5.421464920043945,1
-0.8849943280220032,-1.4071964025497437,14.711990356445312,0.0656669735908508,0.0168871637433767,0.1600062251091003,0,-3.682065725326538,-2.661629676818848,4.354165554046631,1,-0.0544284135103225,-0.0346718318760395,-0.0686776340007782,0,1.5792720317840576,0.7874561548233032,3.129824161529541,1,0.2138939797878265,0.1200517416000366,5.6824727058410645,1,0.0057146237231791,0.0050438675098121,0.000803105533123,0,1.159416913986206,0.682541012763977,0.4016745686531067,0,-0.2287771701812744,-0.3256141245365143,0.9925220012664796,1,0.0563123561441898,0.0027391694020479,0.0591988898813724,0
0.7464514970779419,0.2230632007122039,5.674496650695801,0.0001179990067612,0.0052113248966634,0.0090736234560608,0,1.4192246198654177,-0.2048918604850769,3.250417947769165,1,-0.0083781154826283,-0.0199166666716337,-0.0450159795582294,0,-0.0023145077284425,0.0017366060055792,-0.0300442203879356,0,0.3650763928890228,-0.2172942757606506,1.1551038026809692,1,0.0075968415476381,-0.0022750238422304,-0.0051161451265215,0,-0.004257442895323,-0.0020949959289282,-0.0053247953765094,0,0.0211205948144197,0.0123041868209838,-0.0898469686508178,0,-1.0517349243164062,0.6502838730812073,1.4352492094039917,1
0.8368178606033325,-0.8576244711875916,20.16580390930176,-0.7903433442115784,-0.1002888977527618,13.571619033813477,1,0.0062539251521229,-0.0137721756473183,0.0125768259167671,0,0.0035446148831397,-0.0136379338800907,-0.0243710037320852,0,1.8205032348632808,-0.8007062077522278,5.941688060760498,1,-0.0123158181086182,0.0066757374443113,0.3053406178951263,0,-0.0194861609488725,0.0171917509287595,0.1260063201189041,0,0.0061559039168059,0.0011257199803367,-0.0004519805370364,0,-0.1772631108760833,0.0403092801570892,0.2403384149074554,0,-0.0002312748838448,0.0054783076047897,-0.0069435746408998,0
0.3265228867530823,-1.522995114326477,6.573239326477051,0.0539859682321548,0.0720515400171279,-0.070247434079647,0,0.90800803899765,-1.517063856124878,1.7942088842391968,1,0.0067446934990584,-0.0024154190905392,0.0154450898990035,0,0.0050649009644985,-0.0009897813433781,-0.0041544758714735,0,0.0052021322771906,-0.0041924435645341,-0.0385033749043941,0,-0.3718026578426361,0.2585914134979248,3.613345623016357,1,-0.0077334134839475,-0.0986408442258834,0.0310423411428928,0,-0.0364602804183959,-0.0146105345338583,-0.0392327569425106,0,-0.2364864349365234,-0.2157251536846161,1.271335244178772,1
-0.0347456336021423,0.7482889890670776,18.604576110839844,-0.0169402938336133,0.0208134315907955,-0.0112722441554069,0,-0.6102610230445862,-0.0570137426257133,13.050244331359863,1,0.003107326105237,-0.0080175222828984,-0.0480288080871105,0,0.3557728230953216,0.4948829114437103,0.65699702501297,1,-0.2980620861053467,-0.3620755970478058,2.6626317501068115,1,-0.0054060257971286,0.0026451456360518,-0.0099142231047153,0,0.5545721650123596,0.6661365628242493,2.2579290866851807,1,-0.0176259037107229,-0.0103852711617946,0.0364320091903209,0,9.737190703162923e-05,0.0013030999107286,0.0095577165484428,0
0.0877854079008102,-0.0819668620824813,1.2365795373916626,0.0027063984889537,-0.0132201137021183,0.0568446144461631,0,-0.0005826836568303,-0.0483730174601078,0.2136816084384918,0,-0.0025949322152882,-0.0335325933992862,0.5916813015937805,1,0.0276691168546676,0.0260565001517534,0.039862111210823,0,0.0243879184126853,-0.0353144891560077,0.1447019129991531,0,0.0017246953211724,0.0079128937795758,0.0213449839502573,0,0.0283658374100923,0.0674400404095649,0.0690941885113716,0,0.0018072100356221,-0.0668393447995185,0.0675151795148849,0,0.0043018488213419,0.0139032565057277,0.0318536832928657,0
1.022608995437622,-0.0032223127782344,8.253676414489746,0.0037460699677467,0.0030946840997785,-0.0097808893769979,0,0.8055738806724548,0.0945461466908454,2.4125115871429443,1,0.0014566474128514,-0.000471428851597,0.0175171718001365,0,-0.0013192531187087,-0.0034788073971867,-0.0148125877603888,0,1.1030423641204834,-0.0962011888623237,2.1748294830322266,1,-0.5972645282745361,-0.0082203894853591,1.2116180658340454,1,0.003415202954784,-0.0031688448507338,-0.012386480346322,0,0.5935881733894348,-0.0307928472757339,0.5089945793151855,1,-0.8896295428276062,0.0414703674614429,1.9651849269866943,1
2.193185567855835,0.3400502204895019,5.835090637207031,0.0257291439920663,-0.014507433399558,-0.044098537415266,0,0.4697334468364715,0.1270147114992141,0.6400564908981323,1,-0.1191162168979644,0.0390423834323883,0.307842880487442,0,0.0047701867297291,0.008284818381071,0.0125842206180095,0,1.3432610034942627,0.2618482112884521,3.4812259674072266,1,-0.0850316733121872,-0.0209422651678323,0.176160529255867,0,0.0056382133625447,0.0037779402919113,-0.0165044870227575,0,0.5544182062149048,-0.0608537755906581,1.2857706546783447,1,-0.0062166610732674,-0.0036144002806395,-0.0079471375793218,0
0.8287484049797058,-0.4445471167564392,8.03977108001709,0.0112527227029204,0.0025551952421665,-0.0194622855633497,0,0.0206472314894199,0.0055674486793577,-0.0221720915287733,0,-0.8793617486953735,-0.4949209094047546,2.8170766830444336,1,-0.0088497633114457,0.0021763909608125,-0.0746563300490379,0,0.9023095965385436,0.2325233668088913,1.6578044891357422,1,-0.4481235444545746,-0.1722313910722732,1.0194907188415527,1,-0.0013216983061283,-0.0007564116967841,-0.0086994059383869,0,1.2419425249099731,-0.0019132444867864,2.7250208854675293,1,-0.0097468830645084,-0.0175475683063268,-0.0546310320496559,0
0.7748211622238159,1.063895583152771,17.21599769592285,0.2709462940692901,1.3639179468154907,6.090562343597412,1,-0.0098625477403402,0.0251302178949117,-0.0260320492088794,0,0.0002016751677729,-0.0020679654553532,0.032976359128952,0,0.3032245337963104,-0.6074798107147217,9.30352020263672,1,-0.0138906203210353,0.0083236843347549,-0.0410549417138099,0,-0.0050504934042692,0.0015460398280993,-3.894336987286806e-05,0,0.2332771867513656,0.3557019531726837,1.846195697784424,1,-0.0010873986175283,-0.0747193321585655,0.0194842815399169,0,-0.0029375161975622,-0.0064571816474199,-0.0096140913665294,0
1.1392844915390017,-0.9547213315963744,11.347885131835938,0.222542718052864,0.2229996770620346,0.3888239860534668,0,-0.0984821021556854,-0.0837422162294387,0.1129900142550468,0,0.0339212268590927,0.0023227292113006,0.0412667989730834,0,0.9740243554115297,-0.6042794585227966,9.554827690124512,1,0.0027703871019184,-0.0154937589541077,0.0988114699721336,0,-0.0089545268565416,0.0099252266809344,-0.0042317565530538,0,-0.075144462287426,-0.5116337537765503,1.1645033359527588,1,0.0892270058393478,0.0175607744604349,-0.0387347750365734,0,-0.0006201221840456,0.0076194149442017,0.0296283308416605,0
-1.9228544235229488,-0.4387616515159607,13.625603675842283,0.0633248463273048,-0.0256391186267137,0.1989523917436599,0,0.9560515284538268,-1.4213323593139648,3.95201587677002,1,-2.7769811153411865,2.467514991760254,4.841183185577393,1,0.0100350826978683,-0.0101283965632319,0.0181245952844619,0,0.7383224368095398,-0.5585437417030334,1.3648862838745115,1,-0.7045576572418213,-0.3415437042713165,2.337000846862793,1,-0.0057374341413378,-0.0543517954647541,0.0090722292661666,0,0.074555866420269,-0.3357048034667969,0.3199249804019928,0,-0.2778679132461548,-0.1590326875448227,0.5844434499740601,1
0.2192970365285873,-0.1210203170776367,6.975491523742676,-0.0045371674932539,0.0001933000748977,-0.0073751891031861,0,0.0041841836646199,-0.0054160333238542,0.0063877650536596,0,-0.3103009462356567,-0.351430207490921,1.6123665571212769,1,0.0008924328139983,-0.0010261517018079,0.0007770446827635,0,0.3939480781555176,0.1816388964653015,2.837395429611206,1,0.0092504527419805,0.0082516260445117,-0.0462949648499488,0,-0.0015658471966162,0.0050375284627079,0.0022225365974009,0,0.1263292282819748,0.0318876467645168,2.570620536804199,1,0.0010966282570734,0.0098430784419178,-0.0006080775056034,0
-2.5607616901397705,-2.241098403930664,15.595829010009766,-0.002994408365339,0.0005179013242013,-0.0224876962602138,0,0.6607037782669067,-0.1033892780542373,1.9211400747299197,1,-0.5923873782157898,0.2976731061935425,1.1249934434890747,1,0.0559930577874183,0.0253684483468532,0.7779566049575806,1,0.7814128994941711,0.2128273993730545,3.4577057361602783,1,-1.16938054561615,0.1639187932014465,4.716800689697266,1,-0.0032793821301311,0.0198264364153146,0.0211750920861959,0,0.2725716531276703,-0.2180271595716476,1.1654545068740845,1,-2.563401460647583,-2.639814138412476,2.433090686798096,1
-0.0201142001897096,0.9700703620910645,16.93057632446289,0.2301243841648101,0.3119803667068481,0.4577468931674957,0,-1.16459059715271,0.3795088529586792,4.496256351470947,1,-0.002260151784867,0.0092266453430056,-0.0043691960163414,0,1.0021400451660156,0.1202461868524551,2.0672616958618164,1,0.3892592191696167,0.226269781589508,5.097977638244629,1,0.0096738934516906,0.01225162204355,-0.0075828586705029,0,0.3007949888706207,-0.1455710679292678,0.329557716846466,0,-0.8027933239936829,0.0361720398068428,4.555168628692627,1,0.017537398263812,0.0199859980493783,-0.0614408589899539,0
0.3576329052448272,0.1011180356144905,8.604392051696777,0.825699508190155,-0.2525789737701416,1.378551363945007,1,-0.0321069546043872,0.0484630949795246,0.5638259649276733,1,-0.0006368992035277,-0.0056941709481179,0.0178292393684387,0,0.6831984519958496,-0.0633398815989494,0.5806685090065002,1,-0.2998547255992889,0.1467823535203933,1.8257489204406736,1,-0.0025526559911668,0.1533354967832565,1.3007822036743164,1,0.3458019196987152,0.014933249913156,0.150597795844078,0,-1.149888277053833,0.0614305436611175,2.672762632369995,1,-0.0120274648070335,-0.0022136692423373,0.1136252284049987,0
0.9515686631202698,0.3279537558555603,15.268879890441896,0.0100655574351549,-0.0034542207140475,-0.0465686582028865,0,0.8087880611419678,0.5301794409751892,9.74195957183838,1,0.0003501073806546,0.004964389372617,-0.0006605796515941,0,0.2049413174390792,0.1607863903045654,0.1701516062021255,0,-0.5428799986839294,-0.6475234031677246,3.683051347732544,1,0.009632471948862,0.002590965013951,-0.0178887192159891,0,0.4539716839790344,0.2640245258808136,1.76759934425354,1,0.0006056651473045,0.0068845124915242,-0.0520928055047988,0,0.0060938713140785,0.0095011387020349,0.0233296621590852,0
-0.4467113018035888,-3.156972885131836,10.856683731079102,-0.0057921111583709,-0.0160487256944179,-0.0011761422501876,0,-0.4435294866561889,1.2888158559799194,5.070261478424072,1,0.0035721946042031,-0.0024662672076374,-0.0271910112351179,0,-0.0033671641722321,-0.004779509268701,-0.0160040408372879,0,1.041359543800354,-4.134124279022217,1.3020386695861816,1,0.0204877611249685,0.0075432187877595,-0.0004462780198082,0,0.0064204991795122,0.024364661425352,0.0061340928077697,0,-0.0371980555355548,-0.0188111178576946,0.0145437400788068,0,-1.028664469718933,-0.3014670610427856,4.508523941040039,1
-0.3138834238052368,-0.843994140625,12.480599403381348,0.0031253569759428,0.0015020472928881,-0.0094815185293555,0,-0.0027434080839157,0.0109612615779042,-0.0045659816823899,0,0.2551019191741943,0.3150171935558319,1.7627981901168823,1,0.0036665133666247,-0.0057167848572134,0.0283393394201993,0,0.0075879339128732,0.0073530096560716,-0.1265739202499389,0,-1.593899130821228,-2.073956251144409,8.061812400817871,1,0.013651861809194,-0.0083819106221199,-0.0193103179335594,0,1.0025724172592163,0.9208335280418396,2.824345111846924,1,-0.0029468680731952,-0.0116061614826321,-0.0367653593420982,0
3.079939842224121,0.3152336478233337,22.585105895996094,-0.0017651363741606,0.0121574522927403,-0.0152117814868688,0,0.0862610042095184,1.6814814805984497,1.5926449298858645,1,0.0035622757859528,-0.0122181363403797,-0.0146203376352787,0,0.0055483048781752,0.0093015003949403,-0.0190424993634223,0,1.3802448511123655,0.5934896469116211,11.98814868927002,1,0.0166459511965513,-0.0007891612476669,0.0081238914281129,0,0.0058430009521543,0.0580967366695404,-0.0289950780570507,0,1.5668036937713623,-2.042982578277588,9.123125076293944,1,0.0167959034442901,0.0166966263204813,-0.0490681193768978,0
0.2990249097347259,0.1913637518882751,7.799218654632568,0.0012189766857773,0.0089518036693334,-0.0434294342994689,0,0.0985938161611557,0.2690161764621734,1.9735360145568848,1,0.0016865181969478,0.0074241952970623,-0.0418858341872692,0,6.029904034221545e-05,0.0030088464263826,0.0201197508722543,0,0.2302290499210357,0.0406767800450325,4.201742172241211,1,-0.002082735300064,-0.0112677384167909,0.0101925479248166,0,-0.0228422861546278,0.005430897232145,0.0371598675847053,0,-0.0048436727374792,-0.1268495172262191,1.6555646657943726,1,-0.0029950563330203,-0.0050276895053684,-0.0137812113389372,0
-1.515503168106079,1.454239845275879,11.822370529174805,-0.014313343912363,0.005382705014199,-0.0012298445217311,0,0.080095924437046,-0.0164236407727003,-0.008717686869204,0,-3.718846082687378,2.0457587242126465,4.651126861572266,1,-0.0025676391087472,0.0068248775787651,-0.0058507407084107,0,0.8085029721260071,0.2966850697994232,1.806415557861328,1,-1.3659223318099976,-1.1007012128829956,2.477588415145874,1,0.0025407769717276,-0.0520499907433986,0.0079584848135709,0,2.7408761978149414,0.222314640879631,2.793581485748291,1,-0.0458695851266384,0.0464487560093402,0.1014974415302276,0
0.7135723233222961,-0.4238898158073425,22.190710067749023,0.0111545026302337,-0.0049135675653815,-0.022847743704915,0,0.8644869327545166,0.6548398733139038,8.196745872497559,1,-0.0039348499849438,-0.0014017961220815,-0.0444341823458671,0,0.0027941311709582,-0.0034966093953698,-0.0290584433823823,0,-1.141732931137085,-1.3429995775222778,11.659720420837402,1,-0.0100733404979109,-0.0079557355493307,0.0001071645092451,0,0.985845685005188,0.2766069769859314,2.4327778816223145,1,0.0016715027159079,-0.0015710798325017,-0.00656781764701,0,0.00336061604321,0.0070016756653785,0.0042689805850386,0
0.1172001212835311,-2.051024913787842,11.686180114746094,0.0883640050888061,-0.0469395630061626,0.3440274596214294,0,0.504705011844635,-0.8544417023658752,2.1067678928375244,1,-0.0009746215073391,-0.0029818306211382,-0.0730499550700187,0,0.0007946622790768,-0.0040861596353352,-0.0015340850222855,0,-0.0087204193696379,0.0407439991831779,-0.0773211866617202,0,-0.8366018533706665,0.4626985192298889,6.500438690185547,1,0.0127964140847325,-0.0519266165792942,0.0776225626468658,0,0.011539134196937,-0.0534742102026939,-0.040651686489582,0,0.3452977538108825,-1.5406173467636108,2.8498804569244385,1
1.7320820093154907,-5.096435546875,7.292433738708496,0.4105614423751831,-1.104858636856079,1.93244731426239,1,-0.1224284917116165,0.6224548816680908,0.4402391314506531,0,-0.0060732420533895,-0.0268142186105251,-0.0010930988937616,0,-0.0060710650868713,0.0102200098335742,-0.0386125296354293,0,0.8961446285247803,-2.711313009262085,0.8990757465362549,1,0.0469294302165508,0.0027703510131686,0.0273376554250717,0,-0.0009765040595084,-0.174929529428482,0.0046667591668665,0,0.008929026313126,-0.0394550003111362,0.022803857922554,0,0.5050667524337769,-1.6745102405548096,4.0055694580078125,1
1.409225583076477,-0.0575252398848533,6.427255630493164,0.0030043465085327,-0.0015634878072887,-0.0171986632049083,0,0.3785112202167511,0.0629988461732864,0.5535970330238342,1,-0.4162796437740326,-0.0268725808709859,0.5496383309364319,1,0.0064720166847109,-0.014500992372632,0.3052439987659454,0,0.9187086820602416,0.0609957501292228,2.3499748706817627,1,-0.4066563546657562,0.1139567121863365,1.4476834535598757,1,0.0008360620704479,0.001288074417971,-0.0060582128353416,0,0.9300445914268494,-0.2530327141284942,1.2593541145324707,1,-0.0054153688251972,-0.0007948350394144,-0.0149795329198241,0
2.021211862564087,-0.6745051741600037,13.343441009521484,0.7480096220970154,-0.3012233376502991,2.8839988708496094,1,-0.0145833725109696,-0.0456412993371486,0.1496642827987671,0,-0.0054654013365507,-0.0091669624671339,0.0697308555245399,0,1.7107577323913574,-0.3300196528434753,2.097743511199951,1,-0.3498995900154114,0.0937797427177429,1.4364084005355835,1,-0.005721990019083,-0.0095161823555827,-0.0039157071150839,0,0.7657660245895386,-0.1858688443899154,1.2609423398971558,1,-0.8346585631370544,0.1094755306839943,5.43954610824585,1,0.0070074489340186,0.0036758233327418,0.0093224365264177,0
0.5760366916656494,-0.5218563079833984,8.747403144836426,-0.015654819086194,0.0119853680953383,-0.0355750061571598,0,0.0028039175085723,0.0008038283558562,-0.0285380352288484,0,0.1489015519618988,0.0279939919710159,3.443082571029663,1,0.0051677213050425,-0.006920208223164,0.0222100764513015,0,0.1612947732210159,0.1710513234138488,0.5351868271827698,1,-0.0758801400661468,-0.1714314073324203,0.1552927196025848,0,-0.0030012300703674,0.0173514932394027,-0.0580942071974277,0,0.3308883607387543,-0.5799643993377686,4.726982116699219,1,0.0215165894478559,0.0072736553847789,-0.0131444064900279,0
1.422953486442566,0.2952506840229034,7.381137371063232,-0.0132032688707113,0.0002672777336556,-0.0325523801147937,0,0.0444616749882698,0.603233814239502,0.8457654714584351,1,0.000395689276047,0.014162347652018,-0.0149300284683704,0,-0.0079666851088404,0.003956516738981,-0.0237104408442974,0,0.5251738429069519,0.1313728988170623,2.86201810836792,1,0.0045400504022836,0.0019586104899644,-0.0194348040968179,0,0.0002536435204092,0.000921702303458,-0.0632464736700058,0,0.8631187677383423,-0.4692589342594147,3.887058734893799,1,0.0061798673123121,0.0086364261806011,-0.0598311237990856,0
-2.311727523803711,-1.30709969997406,10.12321662902832,0.0149215357378125,-0.0002257381129311,-0.002044141292572,0,0.0019938298501074,0.0152718629688024,-3.302789991721511e-05,0,-0.0393771938979625,0.1293710172176361,0.400507390499115,0,-0.0114105204120278,-0.0037698647938668,0.007233879994601,0,-0.0122594451531767,0.0001655463856877,-0.0582007355988025,0,-2.698085308074951,-1.899820566177368,9.005976676940918,1,-0.0038679591380059,0.005353873129934,0.0246807765215635,0,0.4401170909404754,0.4569038152694702,0.7644457221031189,1,-0.0037595191970467,-0.0103498036041855,-0.0193504355847835,0
-0.3305959105491638,-0.7371010780334473,1.5497485399246216,0.0432740300893783,0.006833208259195,-0.0071436036378145,0,0.7336135506629944,-0.6096482872962952,0.1098208874464035,0,-0.0052786716260015,0.0180289428681135,0.0665285587310791,0,0.0003267725696787,0.0023178763221949,0.0277967602014541,0,0.1390629559755325,-0.0541213527321815,0.4504277110099792,0,-0.1726745665073394,0.0296457167714834,0.3433703184127807,0,0.0018011325737461,-0.0028538662008941,0.0198612697422504,0,0.0044016013853251,-0.0560811981558799,0.0970868095755577,0,-1.0751227140426636,-0.0712221339344978,0.4419998824596405,0
-0.1063679456710815,-0.0917681753635406,6.351839065551758,0.0089789219200611,-0.0088894367218017,-0.0083487704396247,0,0.4549673497676849,-0.1880290359258651,2.597694396972656,1,-0.0032235763501375,0.0013926544925197,-0.0557723529636859,0,-0.0022737302351742,0.0014188197674229,-0.0745255798101425,0,0.4462900161743164,-0.1587588936090469,1.0701024532318115,1,-0.1405451148748397,0.0350047051906585,0.1793218851089477,0,0.0014968363102525,0.0002317834732821,0.0046304930001497,0,-0.0620404817163944,-0.0050640134140849,0.102275051176548,0,-0.8100181818008423,0.2309252619743347,2.536460876464844,1
2.5789740085601807,0.2223465740680694,10.521119117736816,0.0119702266529202,-0.006290363613516,-0.0492154881358146,0,0.1189135089516639,0.2408318221569061,0.5262414813041687,1,-1.113986253738403,-0.4466695189476013,1.4294891357421875,1,0.0028178193606436,0.0090612722560763,-0.0099791511893272,0,2.1106767654418945,0.7025589346885681,3.2614564895629883,1,-0.2823827862739563,-0.2737892568111419,0.7135064601898193,1,0.0104085011407732,0.0061966241337358,-0.0034619215875864,0,1.8656328916549685,0.0549979917705059,4.4077019691467285,1,-0.1450766772031784,-0.0645509287714958,0.2453791946172714,0
-0.2190427780151367,0.2028965204954147,3.970456123352051,-0.0038609935436397,-0.0058276979252696,-0.016800757497549,0,1.0140193700790403,0.192259669303894,0.5699829459190369,1,-0.0031089761760085,-0.0011082858545705,-0.0257898122072219,0,0.0030227268580347,-0.0044813216663897,0.0033546674530953,0,0.7845092415809631,-0.0735761672258377,1.2189286947250366,1,-0.3360532820224762,-0.084849789738655,0.4490543305873871,0,0.0038535962812602,-0.0041234735399484,-0.019264630973339,0,0.1763583868741989,-0.0433203689754009,-0.015673479065299,0,-1.85778284072876,0.2279239445924759,1.8066641092300413,1
-0.8054859042167664,-1.5723437070846558,26.442750930786133,1.2860199213027954,1.1555919647216797,13.169133186340332,1,-0.0049515580758452,-0.0104672955349087,-0.000688386731781,0,-0.0072672604583203,-0.0004827859811484,0.0260421298444271,0,-2.053893804550171,-2.7255237102508545,13.157676696777344,1,-0.0101287020370364,-0.0046987757086753,0.064001627266407,0,-0.0110943280160427,0.0002737793838605,-0.0098787425085902,0,-0.0025614933110773,0.0034282114356756,-0.0104883033782243,0,-0.0002494460495654,-0.0017413534224033,0.0231105200946331,0,-0.0013592307223007,0.0112762488424777,0.0238425303250551,0
0.9005375504493713,-1.6432461738586426,7.357043266296387,0.0157284457236528,-0.0370727367699146,0.0365364588797092,0,0.722919762134552,0.4882104396820068,1.947110056877136,1,-0.0162568595260381,-0.006377306766808,-0.0273475665599107,0,0.0044837030582129,-0.0034241564571857,0.0048048812896013,0,0.2298224419355392,-2.11779260635376,5.286105632781982,1,0.0085816755890846,0.0104007730260491,0.037473376840353,0,0.0093563571572303,0.0235284101217985,0.1195163652300834,0,-0.0474066585302352,-0.030278468504548,-0.0566499941051006,0,-0.026691386476159,0.0295594353228807,0.0094940681010484,0
-1.5322327613830566,0.1662422716617584,7.891112327575684,0.0338483043015003,-0.0095319626852869,0.0695529729127883,0,0.2583901584148407,0.0126623017713427,0.695768415927887,1,-2.296001434326172,0.6941019296646118,3.426712989807129,1,0.0056817978620529,-0.0053077586926519,-0.0101756639778614,0,0.2725829184055328,0.0859709158539772,0.1930896192789077,0,-0.2133398801088333,-0.4901671707630157,1.7629631757736206,1,-0.0016098826890811,-0.0861774757504463,-0.0415354892611503,0,0.0027197154704481,0.0098365815356373,0.0248625855892896,0,0.4054956138134002,-0.0451451279222965,1.7698736190795898,1
-4.330324172973633,-2.240585803985596,18.134990692138672,-0.0447028651833534,-0.0391347855329513,0.0273804254829883,0,1.7124024629592896,-1.2547612190246582,2.7221195697784424,1,-0.4433152377605438,0.181621715426445,1.1140421628952026,1,0.0569015964865684,0.0143076488748192,0.8078359365463257,1,0.8502246141433716,0.098954252898693,3.22312331199646,1,-1.8324735164642332,0.3291561007499695,5.304293632507324,1,0.0314958207309246,-0.1033649519085884,0.0310094393789768,0,0.222359761595726,-0.4539369642734527,1.5795462131500244,1,-4.883216857910156,-1.0134276151657104,3.3256397247314453,1
-1.2253623008728027,-1.141419768333435,14.295522689819336,0.0266420729458332,-0.0377659276127815,0.1254323571920395,0,-0.0012307297438383,-0.0624010786414146,0.1964498460292816,0,-2.0702619552612305,0.5229931473731995,5.232092380523682,1,-0.0062503567896783,0.002453411463648,0.0037529501132667,0,0.1882550567388534,0.4780734181404114,1.2983888387680054,1,-1.6660007238388062,-2.1973657608032227,3.208462238311768,1,-0.0098263183608651,-0.0106347184628248,-0.0613614991307258,0,2.308894157409668,0.1288063377141952,4.365452766418457,1,0.0044166450388729,0.0344213023781776,-0.0731478035449981,0
1.244336485862732,2.0576164722442627,14.540539741516112,1.0755226612091064,0.0061497809365391,1.269827127456665,1,-0.2748640179634094,1.9675902128219604,1.713961124420166,1,0.0064778076484799,0.0163436159491539,0.1095030531287193,0,0.997989535331726,-0.1961272209882736,1.3282499313354492,1,-0.1653271168470382,0.4461539387702942,7.154681205749512,1,0.0131718628108501,0.0072310022078454,-0.0084340972825884,0,0.4736988246440887,0.1786074638366699,0.3923304677009582,0,-0.8987686038017273,-0.3911016285419464,2.624031782150269,1,0.0164354983717203,0.0227691978216171,-0.0436104536056518,0
-0.8996469378471375,1.3705124855041504,18.588563919067383,1.425857663154602,-0.5724358558654785,3.226963758468628,1,-0.0005827326094731,0.0234345253556966,0.9882718920707704,1,-0.0061628511175513,0.0068051582202315,0.638412594795227,1,1.0578426122665403,-0.3297333717346191,0.6037886738777161,1,-0.4541841149330139,0.2084093987941742,2.4154863357543945,1,-0.0095615005120635,0.2001631408929824,2.2210395336151123,1,0.029128884896636,0.0022580476943403,-0.0190042797476053,0,-2.91489839553833,1.8529083728790283,7.850371360778809,1,-0.0270864572376012,-0.0212969966232776,0.6632328629493713,1
0.0005002534016966,-0.3923380970954895,13.48444366455078,-0.0125099811702966,0.016889289021492,0.0159087069332599,0,-0.4372317194938659,-0.1786490082740783,5.640091896057129,1,-0.0056039616465568,0.0055175428278744,0.0114923026412725,0,0.0124585637822747,-0.0050974176265299,0.0835778340697288,0,0.1775518953800201,0.006585581228137,6.7200608253479,1,0.0078946556895971,0.0109273577108979,-0.0349066779017448,0,-0.0032281195744872,0.0008965827873907,-0.0038428569678217,0,0.2658003270626068,-0.2493063062429428,1.0749363899230957,1,-0.0046314084902405,-0.0001017582253552,-0.0228748731315135,0
0.4757876396179199,-0.6619266867637634,9.00919246673584,0.1021938025951385,-0.1292784512042999,0.2944596111774444,0,-0.0023700133897364,0.006490082014352,0.0079969502985477,0,-9.61992482189089e-05,0.0068934806622564,0.0211792886257171,0,0.0048391432501375,-0.0020946708973497,0.0253342296928167,0,-0.5092511177062988,0.5689854621887207,1.9026271104812624,1,0.0225193612277507,0.0090054972097277,-0.0223833471536636,0,0.0091572040691971,-0.0062270038761198,-0.0123893031850457,0,0.8487960696220398,-1.1134872436523438,6.787377834320068,1,-5.952563810751599e-07,-0.0022137782070785,0.0049907243810594,0
0.0295090563595294,-1.1097818613052368,26.621782302856445,0.9953036904335022,0.5742495656013489,20.228796005249023,1,-0.0081736501306295,-0.0078132227063179,-0.0042134257964789,0,-0.0009214250021614,0.0071950978599488,0.0471969433128833,0,-0.941985249519348,-1.6814111471176147,6.303542613983154,1,-0.0088019650429487,-0.0167654864490032,0.0702072009444236,0,0.0056869154796004,0.0013332571834325,-0.0160537417978048,0,-0.0144545044749975,0.0060522849671542,0.0119525147601962,0,0.0083300182595849,-0.0013037422904744,-0.0232057459652423,0,-0.0054747750982642,0.0086816037073731,0.0035581036936491,0
1.254665732383728,0.8023025393486023,14.866422653198242,0.4731473326683044,-0.1098593175411224,1.6831011772155762,1,-0.025602014735341,0.1923708021640777,0.0294569209218025,0,0.0032791411504149,-0.0034782637376338,0.0140384202823042,0,-0.0015359689714387,-0.00089638447389,0.0094058541581034,0,0.595397412776947,1.40519118309021,10.10595703125,1,0.0113637084141373,-0.0062023396603763,0.011177166365087,0,0.0058488114736974,-0.0711501166224479,0.0623781234025955,0,0.2427317202091217,-0.692405641078949,2.9520881175994877,1,-0.0499642714858055,0.0887326225638389,-0.0011795227183029,0
0.1034441143274307,-0.1332285404205322,3.1344618797302246,-0.015834093093872,0.0075277206487953,0.0332912541925907,0,0.0887341126799583,-0.140146255493164,1.126736402511597,1,0.0002291824348503,0.0145603818818926,0.0414180010557174,0,0.0054033198393881,-0.0021875558886677,0.0391213372349739,0,0.0053534647449851,-0.0096992785111069,0.0079827327281236,0,-0.1629861444234848,0.1628393530845642,0.8988990783691406,1,-0.0028778766281902,0.0036489304620772,-0.0004722607263829,0,0.0149986278265714,0.005768300499767,-0.0648290961980819,0,0.1704235225915908,-0.1755401343107223,1.0523144006729126,1
1.5291539430618286,0.9538085460662842,13.342638969421388,-0.0001516525808256,0.0104605015367269,0.0112060019746422,0,-0.0165230389684438,0.1005114540457725,-0.0184806641191244,0,-0.938340187072754,-0.7145932912826538,2.20965838432312,1,0.0014592020306736,9.961910836864264e-05,-0.0187713894993066,0,1.6387991905212402,1.0718741416931152,7.062763690948486,1,0.0018685734830796,0.0111396871507167,-0.0219614673405885,0,0.0032463304232805,-0.0030539457220584,-0.0156527236104011,0,0.8372201919555664,0.4713816344738006,4.151815414428711,1,0.0015752933686599,0.0059887706302106,-0.017938433215022,0
1.1892606019973757,-2.6509652137756348,15.002238273620604,1.3047335147857666,-0.758840024471283,1.2812591791152954,1,-0.2101481109857559,-0.433772325515747,1.5398179292678833,1,0.0014844518154859,-0.015369682572782,-0.0259716305881738,0,1.652209997177124,-0.7548249363899231,0.8950695991516113,1,-0.268346220254898,-0.1127254590392112,2.2962629795074463,1,0.0047802659682929,-0.0054933647625148,0.0049421973526477,0,0.5273240208625793,-0.3024386465549469,0.4480848610401153,0,-1.8192156553268437,-0.2720800340175628,8.54685115814209,1,-0.0035614785738289,0.0045794113539159,0.0159218460321426,0
-9.671154022216797,-2.9591689109802246,9.235607147216797,-0.0263549499213695,0.0077321059070527,0.0034246016293764,0,0.0870979279279708,-0.1172920763492584,0.2645528614521026,0,-3.899537086486816,1.4324653148651123,3.02968168258667,1,-0.0069350968115031,-0.0040304875001311,0.0014408018905669,0,0.4338187575340271,-0.2559712529182434,0.6154336333274841,1,-2.140608549118042,-0.4072271287441253,1.764629602432251,1,-0.0786028131842613,-0.0116187445819377,-0.1337098479270935,0,0.4182650744915008,-0.5539110898971558,1.066003918647766,1,-4.458297252655029,-3.0493156909942627,2.624150037765503,1
1.88886308670044,1.108030080795288,19.60601043701172,0.2550530135631561,0.1487668603658676,0.6487518548965454,1,-0.294426292181015,-0.0932751074433326,4.270256996154785,1,0.0135626792907714,-0.0145987989380955,0.0137089611962437,0,1.497411012649536,1.8415946960449217,6.7550153732299805,1,-0.0069070202298462,0.0477081499993801,0.0714737325906753,0,-0.0048124040476977,0.0048191579990088,0.013385135680437,0,0.3896044492721557,-0.9013255834579468,7.925780296325684,1,0.0571958348155021,0.0392311587929725,-0.0310503561049699,0,-0.0178182162344455,0.0351095795631408,-0.0613125711679458,0
-4.176311492919922,-6.503216743469238,10.98785400390625,0.0609255135059356,0.0080808624625206,-0.0072664748877286,0,1.636720061302185,-1.5313482284545898,1.6540980339050293,1,-0.108094997704029,0.0782213509082794,0.2483187913894653,0,0.0010375219862908,0.0262620635330677,0.2343868762254715,0,0.5860821604728699,-0.0564329288899898,2.2194201946258545,1,-0.8177466988563538,0.2352178692817688,2.982543468475342,1,-0.0033330407459288,-0.0136504741385579,-0.0090277204290032,0,-0.0149450590834021,-0.104804553091526,0.4775131344795227,0,-5.516956806182861,-5.1447625160217285,3.187868356704712,1
2.784440994262696,3.773264408111572,17.209312438964844,1.6898657083511353,0.212063655257225,2.2259371280670166,1,-0.0983932539820671,0.1873820275068283,0.2763265073299408,0,0.00941445492208,0.0075631332583725,-0.0259823873639106,0,0.3478178381919861,0.0543544888496398,0.361117273569107,0,-0.8872395753860474,1.8469183444976809,4.044921875,1,-0.0063111847266554,0.0071533559821546,-0.0235622078180313,0,0.0031367512419819,0.0006877378327772,-0.0166878495365381,0,1.7235232591629028,1.4471111297607422,10.361772537231444,1,0.0026268977671861,0.0100305788218975,0.0054711373522877,0
-3.3291077613830566,-5.846875190734863,5.682353019714356,-0.0311515945941209,0.0021330318413674,0.0063488939777016,0,1.128140926361084,-1.210114359855652,1.194002628326416,1,-0.7163256406784058,0.1576320528984069,0.2988393604755401,0,0.0008733387221582,0.0012912412639707,-0.0073818680830299,0,0.4595567584037781,-0.0972077324986457,0.9049644470214844,1,-0.75721675157547,-0.3160208165645599,0.9828490614891052,1,0.0031289141625165,-0.0008017172222025,0.0088036153465509,0,0.0449861176311969,0.0004428514221217,0.038953773677349,0,-3.461099863052368,-4.38422966003418,2.2549729347229004,1
-0.0182540751993656,0.2285338342189788,12.58193016052246,0.0109958313405513,-0.0063378503546118,-0.008470113389194,0,0.0352969728410244,0.1901527941226959,0.1898804754018783,0,-0.2856887876987457,-0.1616420298814773,0.5287308096885681,1,-0.0017607958288863,0.0038534863851964,-0.0582574009895324,0,0.1338082551956176,-0.6267715096473694,5.678171157836914,1,0.0090097831562161,0.006767850369215,-0.0624891892075538,0,0.0055634728632867,-0.0042580375447869,-0.0075896685011684,0,0.0759226530790329,0.833236575126648,6.358097076416016,1,-0.0014014731859788,-0.0064674955792725,-0.0361426174640655,0
1.368832230567932,0.1078293025493621,16.86416244506836,1.2624346017837524,-0.138213574886322,2.7167444229125977,1,-0.0282862689346075,-0.02132149040699,-0.2064013928174972,0,0.0014434830518439,0.0153915379196405,-0.0350230112671852,0,0.6933040022850037,-0.1730575114488601,0.7500057220458984,1,0.1090360432863235,0.777191698551178,7.440889835357666,1,0.009201749227941,0.0063096843659877,-0.0021485721226781,0,-0.0058891139924526,-0.0126034477725625,-0.0891100764274597,0,-0.6736240386962891,-0.3998629748821258,6.379276752471924,1,0.0012118011945858,0.0539953745901584,-0.0900701656937599,0
-0.166672021150589,-0.4988643229007721,8.073519706726074,-0.0172915644943714,0.0192768964916467,0.0177637096494436,0,-0.0050363177433609,0.0103723593056201,-0.0041702087037265,0,0.1147963255643844,-0.0418627858161926,2.83310604095459,1,0.0024864953011274,-0.0008243967313319,0.0277664214372634,0,-0.0100128343328833,0.0055474303662776,-0.0053531331941485,0,-0.0994134619832038,-0.4373007118701935,4.588192462921143,1,-0.0082302829250693,-0.0062096985056996,0.0098580503836274,0,-0.0200464557856321,-0.0045645497739315,0.0362095348536968,0,-0.1239239275455474,-0.0432988740503788,0.5701466798782349,1
0.1402250975370407,-0.4141647219657898,13.085975646972656,-0.007733138743788,0.001976444851607,-0.0019450226100161,0,-0.0110224680975079,0.0103108463808894,-0.0533970110118389,0,0.0922779217362403,-0.4609797894954681,6.805255889892578,1,0.0008458596421405,-0.0010565439006313,0.0016808959189802,0,0.1060193628072738,0.075801283121109,0.0307656712830066,0,-0.0529178380966186,-0.0591807104647159,0.0851512104272842,0,0.0010502246441319,0.0031320853158831,-0.0044026272371411,0,0.0119788795709609,0.0178183317184448,6.250254154205322,1,-0.0002736937312874,-0.0019866472575813,-0.0273874849081039,0
0.9979119896888732,-2.62634801864624,21.96578598022461,0.0246992222964763,-0.0278935134410858,0.0172615554183721,0,1.3008452653884888,-1.1886026859283447,9.258206367492676,1,-0.0053943381644785,-0.0138817159458994,-0.0334480814635753,0,0.0053109638392925,-0.0074456511065363,0.0081648305058479,0,0.0747080594301223,-0.1642378568649292,-0.3575463593006134,0,-0.2977813184261322,0.4258805811405182,2.384819984436035,1,-0.0075953528285026,-0.0210218466818332,-0.0222176518291234,0,0.0328386537730693,-0.0492270626127719,0.0246451627463102,0,-0.1297193169593811,-1.5799180269241333,10.685901641845703,1
1.134682059288025,0.2502234578132629,18.952844619750977,-0.0111535098403692,0.0045972070656716,-0.0037157032638788,0,0.0045051835477352,0.002147268038243,-0.0254859719425439,0,0.3191288113594055,0.0311146937310695,6.907568454742432,1,0.0061261309310793,-0.000148262217408,0.0402320511639118,0,1.344577431678772,1.650802731513977,5.13413667678833,1,-0.0046323491260409,-0.0019250595942139,-0.0419637225568294,0,0.0009385855519212,0.0007455045706592,-0.0044427444227039,0,-0.5233029127120972,-1.4448949098587036,6.953543663024902,1,-0.0015052629169076,0.0077843181788921,-0.007027939427644,0
0.7549254298210144,0.2022953480482101,5.188104152679443,1.0847634077072144,-0.2203413993120193,2.2051656246185303,1,0.0069756330922245,-0.006592015735805,0.0208853166550397,0,-0.0023928706068545,-0.003671841463074,-0.0318390168249607,0,0.6337093710899353,-0.2314407229423523,1.7697453498840332,1,-0.0649887397885322,0.0854517072439193,-0.0143925817683339,0,-0.012791302986443,-0.009266753681004,0.0141424955800175,0,0.1078572943806648,-0.0004670061753131,0.2903802394866943,0,-0.996990442276001,0.5942990779876709,0.9561868906021118,1,-0.0012170377885922,-0.0056757209822535,-0.0221699122339487,0
-0.2282699942588806,-2.285792589187622,24.08979606628418,1.6177971363067627,1.7683531045913696,9.394523620605469,1,-0.2442345023155212,-0.6973395347595215,1.0640578269958496,1,-0.0040332251228392,0.004273843485862,0.0470952875912189,0,-1.596687912940979,-3.399862051010132,13.649470329284668,1,-0.003454843070358,0.027180541306734,-0.0722763240337371,0,0.010318431071937,-0.0004451922723092,-0.0084110694006085,0,-0.0098185520619153,0.0034627795685082,0.0045460858382284,0,-0.0008111002971418,-0.0010814847191795,0.0048704305663704,0,0.0026546244043856,0.0096652768552303,0.0059211594052612,0
1.7333087921142578,1.6067816019058228,9.210018157958984,-0.0061615393497049,0.0462163873016834,-0.0008308687247335,0,-0.9636926054954528,-0.2174143344163894,1.2743335962295532,1,-0.0024937205016613,-0.0105408979579806,-0.0160676259547472,0,1.3584651947021484,1.1041836738586426,4.216450214385986,1,-0.3845964968204498,-0.1008341684937477,1.2666229009628296,1,-0.0144492788240313,-0.0030204816721379,0.0078188357874751,0,1.791775107383728,0.8208606243133545,2.1100378036499023,1,-0.0434326268732547,-0.0426505357027053,0.3323979675769806,0,-0.0021052500233054,0.009981395676732,0.0192543864250183,0
0.5643448233604431,0.4798984229564667,16.335933685302734,1.1792471408843994,-0.2546668350696563,1.4170074462890625,1,-0.2555119097232818,0.4441744387149811,1.954173922538757,1,0.0449632182717323,-0.0132555598393082,0.337551474571228,0,0.3994090259075165,-0.0193918794393539,0.928276002407074,1,0.0143267577514052,0.286051481962204,6.174149036407471,1,0.1739729642868042,0.1443220525979995,2.5005853176116943,1,0.0328892730176448,0.0067830388434231,0.0635726377367973,0,-1.0898406505584717,-0.2330429255962371,2.747603416442871,1,0.0648888945579528,0.1189246103167533,0.2130118161439895,0
1.5261640548706057,-0.1656495779752731,6.645054817199707,-0.0055181547068059,0.0062824208289384,0.0116372741758823,0,0.1502692103385925,0.0084742438048124,0.4280626475811004,0,-0.9141523241996764,-0.2864822149276733,1.228479027748108,1,0.0113470964133739,-0.0422528497874736,0.2460175603628158,0,1.1740868091583252,0.2438745349645614,2.102325201034546,1,-0.4856448471546173,-0.0256284046918153,1.6858770847320557,1,0.0165786705911159,-0.0033248148392885,-0.020132590085268,0,1.588443636894226,-0.056224551051855,0.969212532043457,1,-0.0092461528256535,-0.0103679783642292,-0.0064233620651066,0
0.0776404440402984,-0.2574153840541839,13.182342529296877,-0.1692064851522445,0.1754845082759857,4.122748374938965,1,0.0030841240659356,-0.004502551164478,-0.0205497741699218,0,0.0008513966458849,0.0004077955090906,0.0031063593924045,0,0.999002993106842,-0.9050377011299132,2.0864031314849854,1,-0.013765325769782,0.0070065129548311,0.0009461504523642,0,-0.0074725369922816,-0.0038493198808282,0.00957344006747,0,-0.0001365393836749,0.0030987861100584,-0.0107884118333458,0,-0.7285338640213013,0.468277633190155,7.00092077255249,1,-0.0061833001673221,0.0016989475116133,-0.0100171351805329,0
0.3212736248970032,-0.5619068145751953,7.189611434936523,0.005260897334665,-0.0008872729958966,-0.0278550814837217,0,0.0076381773687899,-0.0302526485174894,0.0131617179140448,0,-0.0011470190947875,-0.2465666532516479,3.379890918731689,1,-0.0009591485722921,0.0035913619212806,-0.0270781721919775,0,0.0772491991519928,0.0360132679343223,0.0236404947936534,0,-0.0116614513099193,0.0046165902167558,-0.0228183958679437,0,-0.0026491642929613,-0.0029041508678346,-0.0167278833687305,0,0.2453340291976928,-0.3383039236068725,3.866527318954468,1,0.0022081090137362,0.0127866035327315,0.0008706512162461,0
1.866797685623169,-1.23134183883667,5.294529914855957,0.4242953062057495,-0.2830518186092376,1.0046194791793823,1,-0.0069998437538743,-0.0066817472688853,0.0120257697999477,0,0.0053016450256109,-0.0032352090347558,-0.0744062960147857,0,0.1108657196164131,-0.0713644847273826,0.1583050191402435,0,0.0166403707116842,0.0314582958817482,-0.0295127294957637,0,-0.0055425027385354,0.0004325625486671,0.028910269960761,0,0.0038804139476269,-0.0041579487733542,-0.0101293297484517,0,1.3196711540222168,-0.8903234601020813,4.208927154541016,1,-0.0013145856792107,-0.0044180313125252,-0.0042094839736819,0
0.0751346200704574,-0.2086559832096099,9.396445274353027,0.006576879415661,0.0021756514906883,0.0033738969359546,0,-0.1075892820954322,-0.1018360555171966,2.5916218757629395,1,5.8856530813500285e-05,-0.0026263203471899,-0.0564790852367877,0,0.0013916892930865,0.0011119238333776,-0.0232612378895282,0,0.0606116503477096,-0.0360871627926826,3.748422145843506,1,-0.0038848454132676,-0.0097879460081458,0.0156062087044119,0,0.0135609479621052,-0.0026086259167641,-0.0094286501407623,0,0.102349005639553,-0.0490337759256362,3.1506497859954834,1,0.002059714635834,-0.0099636819213628,-0.0240605361759662,0
1.7403833866119385,-2.389747381210327,21.27188491821289,0.0095645720139145,-0.0005720679764635,-0.0269165933132171,0,0.0030105905607342,0.0007098984788171,0.0022069585975259,0,0.383340060710907,-0.3895566165447235,6.320418834686279,1,0.0002989282365888,0.0110334530472755,-0.0083658499643206,0,1.5158286094665527,1.6097431182861328,1.2850792407989502,1,-0.605811595916748,-1.310466766357422,2.491569757461548,1,-0.0114612821489572,-0.0028935899026691,0.019924096763134,0,0.4449070692062378,-2.304415702819824,11.2050142288208,1,0.000706469756551,-0.0033290886785835,-0.0170455556362867,0
1.3509459495544434,-0.0223604440689086,17.103675842285156,0.0030512111261487,0.0153490724042057,-0.0055624330416321,0,0.5588876008987427,0.7185210585594177,9.992399215698242,1,-0.0032895491458475,-0.0249366536736488,-0.0662541016936302,0,-0.0034952065907418,0.0020855898037552,0.0100351963192224,0,1.037966251373291,-1.6471468210220337,5.03025484085083,1,0.0251258369535207,0.0152871431782841,0.0284871254116296,0,-0.0020717694424092,-0.0405222885310649,-0.0119684487581253,0,0.0425793826580047,-0.0775841549038887,0.2397061437368393,0,-0.307807981967926,1.0165866613388062,1.88657808303833,1
1.078988552093506,-0.4583414793014526,10.756957054138184,0.2356229722499847,-0.0250565931200981,0.0241599474102258,0,-0.9257112741470336,-0.405123770236969,2.8523690700531006,1,0.0108663588762283,-0.0033907631877809,0.2706364095211029,0,0.9552345871925354,-0.1176284924149513,0.453372448682785,0,-0.4610234200954437,0.1443335860967636,2.512468099594116,1,-0.0161361284554004,0.1688452512025833,1.8281413316726685,1,1.3838821649551392,-0.218826338648796,1.0795843601226809,1,-0.081601083278656,0.0147966034710407,1.3745622634887695,1,-0.0221457798033952,-0.0162909794598817,0.3616641759872436,0
0.3849903643131256,4.524835109710693,8.135122299194336,-0.0285368245095014,-0.0005419406224973,0.0126441083848476,0,-0.0553073771297931,2.2540416717529297,3.4390103816986084,1,0.0067561389878392,0.022221103310585,0.0003010450163856,0,0.2433565706014633,0.1409094780683517,0.5940367579460144,1,0.0525763109326362,0.0543619655072689,0.4445019960403442,0,0.011986618861556,0.007187598850578,0.0441466718912124,0,0.2707390785217285,1.776616096496582,3.7233669757843018,1,-0.1137934178113937,0.2367936074733734,-0.0717500150203704,0,-0.0027867190074175,0.0332457907497882,-0.0511361360549926,0
-0.4254365265369415,-1.008626937866211,4.62551212310791,0.6921295523643494,-0.0286830011755228,0.2498823404312133,0,-1.9522175788879397,-1.4039613008499146,3.122328042984009,1,0.0007230773917399,-0.0094342771917581,-0.0426226295530796,0,0.5209270119667053,0.0380990728735923,0.1240143030881881,0,-0.143693059682846,0.1740882694721222,0.7129111289978027,1,-0.0005181146552786,0.0710744187235832,0.2602941989898681,0,0.4567288756370544,0.0931929871439933,0.2030552327632904,0,0.0017227689968422,0.0576210469007492,-0.0136697748675942,0,-0.001239166711457,-0.0006241049850359,0.0093191647902131,0
-0.2131747007369995,-0.9048582911491394,7.471197605133057,0.0014374611200764,-0.0311412289738655,0.0454154573380947,0,-0.2184839099645614,-0.7429028153419495,5.949131488800049,1,-0.0021498978603631,-4.104071558685973e-05,-0.0229625776410102,0,-0.0030387565493583,0.0097093107178807,-0.0054763322696089,0,0.2207338213920593,-0.4329891800880432,-0.3333055675029754,0,0.0055746925063431,0.0122410906478762,-0.0051950477063655,0,0.0062906257808208,-0.0462508127093315,0.0427116565406322,0,-0.0367350354790687,-0.0395656377077102,0.0593312978744506,0,-0.1868036985397339,0.3660821318626404,1.7415469884872437,1
-1.1405978202819824,2.4211134910583496,11.152421951293944,0.2592065930366516,0.3862999677658081,0.8835071921348572,1,-0.7118414640426636,1.0389301776885986,0.3979434072971344,0,-0.0008898223168216,-0.0191436205059289,0.0103661436587572,0,0.4344980120658874,-0.1230893954634666,2.765547037124634,1,-0.643699586391449,0.6367038488388062,5.194437503814697,1,0.0050137243233621,0.0109819946810603,0.006296653766185,0,0.2597179114818573,0.6157636046409607,0.6891849637031555,1,-0.7491145730018616,-0.1181755736470222,1.1954835653305054,1,0.0065114325843751,-0.0071575655601918,0.0096550155431032,0
-0.0537266731262207,-0.8409681916236877,7.521907329559326,-0.9360826015472412,-0.3911366760730743,5.093389511108398,1,0.1078290119767189,-0.0662091299891471,-0.0765435099601745,0,-0.0326705016195774,-0.0238197017461061,-0.0635780543088913,0,0.8286453485488892,-0.4693724811077118,2.654592752456665,1,0.0170312132686376,0.0053060892969369,-0.0463092438876628,0,-0.006346542853862,-0.0037005462218075,-0.0181948486715555,0,-0.0006086700013838,0.0079855872318148,0.0318748839199543,0,-0.0108537916094064,0.0439815372228622,-0.0166872479021549,0,-0.0206701699644327,0.0559972003102302,-0.0366362296044826,0
-0.6885367035865784,-2.9504599571228027,18.419189453125,-0.0417578816413879,0.0154220378026366,0.010024550370872,0,0.2138168066740036,-0.3413417339324951,8.444488525390625,1,0.0015768301673233,-0.0357687920331954,-0.0579586029052734,0,0.0126905078068375,-0.0323752760887146,0.0179408397525548,0,0.1290719658136367,-1.124334454536438,-1.8369394540786743,0,-0.0418790392577648,0.0791968032717704,0.4439473152160644,0,-0.0314815379679203,0.0533033795654773,-0.345738798379898,0,-0.0040492587722837,-0.0104340482503175,0.0165218822658061,0,-0.9265251159667968,-1.554127812385559,11.726902961730955,1
1.3257144689559937,0.8482616543769836,17.82672119140625,-0.0054046004079282,0.0090543646365404,-0.0269581507891416,0,0.589406430721283,-0.7645787000656128,0.4854055643081665,0,-0.7393353581428528,0.8983437418937683,4.199221134185791,1,-0.0030530150979757,-0.0028989221900701,-0.0182560849934816,0,0.0126921832561492,0.0385297983884811,-0.0637045204639434,0,0.1074362844228744,-0.2458492815494537,5.64397668838501,1,-0.0021141390316188,0.1114499792456626,0.0071147289127111,0,0.0061032581143081,-0.0114060128107666,-0.0268521755933761,0,1.3599834442138672,0.8156166672706604,7.626774787902832,1
-3.793423175811768,-1.1442935466766355,15.96314525604248,0.0373164750635623,0.0094899386167526,-0.0024305183906108,0,0.5399529337882996,0.0521862618625164,0.9903036952018738,1,-4.467264652252197,3.0959725379943848,4.345023155212402,1,0.0061753527261316,0.002330050105229,-0.0087603693827986,0,1.2356090545654297,0.2803820967674255,2.346512794494629,1,-1.9296096563339236,-0.9706165194511414,3.7265706062316895,1,-0.0006418289849534,-0.0187936183065176,-0.067837156355381,0,3.1931374073028564,0.0314278937876224,2.1522040367126465,1,-2.4080984592437744,-3.6266722679138175,2.481558561325073,1
0.8546833992004395,2.37247371673584,23.333559036254883,0.0247906167060136,-0.0024500684812664,0.0308115240186452,0,1.1603409051895142,1.0019912719726562,5.622939586639404,1,0.0055835344828665,-0.0064986390061676,-0.0110755581408739,0,0.0018111207755282,0.0044284015893936,-0.0022373367100954,0,0.0236668810248374,1.597883701324463,16.329343795776367,1,0.0231297798454761,0.00908715557307,0.0205275099724531,0,-0.0036510417703539,-0.1637244373559951,-0.077233150601387,0,-0.3912818729877472,-0.1208590567111969,1.4602876901626587,1,0.0102933524176478,0.052615687251091,-0.0398050770163536,0
-3.874291658401489,-5.411495685577393,12.90921688079834,0.0211133118718862,0.0052111581899225,-0.0028792892117053,0,1.8659930229187007,-1.699310064315796,1.9078378677368164,1,-0.1426169723272323,0.0918648838996887,0.3103717863559723,0,0.0225115809589624,0.0226114243268966,0.3811362385749817,0,0.6858859658241272,-0.0061843125149607,2.415631055831909,1,-0.9448887705802916,0.3770380914211273,3.779775381088257,1,-0.0031123179942369,0.0270796604454517,-0.0090839620679616,0,0.0236303526908159,-0.1915191709995269,0.7164351940155029,1,-5.402807712554932,-4.038287162780762,3.409992456436157,1
0.7223647236824036,-2.181947708129883,13.198847770690918,0.554085910320282,0.0408991947770118,1.7050267457962036,1,-0.7638351917266846,-0.8873490691184998,1.5703297853469849,1,0.0099472189322113,0.0160213615745306,0.0290978942066431,0,0.6387062668800354,-1.3628379106521606,6.888294219970703,1,0.0248580630868673,-0.01817537099123,0.0721788927912712,0,0.0123605113476514,0.0022781793959438,0.0216486360877752,0,0.1659664362668991,0.1209497675299644,2.8642616271972656,1,0.0840959474444389,-0.0371161922812461,0.0448611117899417,0,-0.0038204495795071,-0.0566175356507301,0.0031493552960455,0
0.3753255605697632,-0.0566394887864589,5.644112586975098,0.047250673174858,0.0173631962388753,-0.00458216201514,0,0.000201805771212,-0.0165524408221244,0.0143465679138898,0,0.1557399183511734,-0.0804681330919265,1.328234314918518,1,-0.0056562344543635,0.0041386382654309,0.0042042122222483,0,-0.0004780291928909,0.023140424862504,0.0258924327790737,0,0.1048706546425819,0.0281588807702064,2.878829002380371,1,-0.0145186344161629,0.0092079704627394,-0.1016667783260345,0,0.0100218122825026,-0.0338196344673633,-0.0194134134799242,0,0.0778936073184013,-0.0078083933331072,1.518268585205078,1
2.101292610168457,-3.932678699493408,19.95441436767578,-0.1010827496647834,-0.015122415497899,0.0439367517828941,0,0.2994683086872101,-0.6332874298095703,2.511223554611206,1,-0.1524161398410797,0.0396114401519298,0.0806712657213211,0,-0.0067429994232952,-0.0034945940133184,0.0210497546941041,0,-0.0389946065843105,-0.0166903510689735,0.1501052677631378,0,-2.293384790420532,-0.2973765134811401,8.926103591918945,1,-0.018087413161993,0.0590498708188533,-0.0912940725684166,0,0.0388319231569767,-0.1466835290193557,0.0897535905241966,0,4.373701095581055,-2.918684959411621,8.222865104675293,1
0.4039148092269897,-0.2779020965099334,11.016282081604004,-0.040777500718832,0.0666132271289825,0.4544649124145508,0,0.0660763904452323,-0.0533392541110515,-0.0008341673528775,0,0.0009345529833808,-0.0012903170427307,-0.0181619189679622,0,0.2989831268787384,-0.1336571872234344,8.714717864990234,1,-0.0156509857624769,0.011570593342185,0.0059684882871806,0,-0.0161767471581697,-0.0010823203483596,-0.0106179919093847,0,0.2166438102722168,-0.2565313577651977,1.496709227561951,1,-0.1422308683395385,0.0572923608124256,0.3515329957008362,0,0.0361130163073539,0.032522153109312,0.0225033983588218,0
-0.0314545556902885,-0.266362577676773,6.077754974365234,0.0101038599386811,-0.0034342058934271,-0.0031061363406479,0,-0.0036106565967202,0.003598233917728,-0.0149029558524489,0,-0.1035377755761146,-0.0959342792630195,1.3251054286956787,1,0.001082862727344,0.0040530720725655,0.001699938904494,0,0.0066422629170119,0.0085684675723314,-0.0548942200839519,0,0.0140897026285529,-0.0690158009529113,2.9877407550811768,1,0.0015364733990281,-0.0013592247851192,-0.0033149267546832,0,-0.0002168568025808,-0.0029674214310944,0.0315594747662544,0,0.0424555763602256,-0.1098714172840118,1.8078676462173464,1
1.2496296167373655,1.0408110618591309,9.786949157714844,0.3267456293106079,0.1275644898414611,0.1844120472669601,0,-0.1153045818209648,0.0895538404583931,1.1323802471160889,1,-0.0096149109303951,0.0276222620159387,0.2863837480545044,0,1.105737805366516,0.0235760081559419,0.6426842212677002,1,-0.5797311067581177,0.3524176776409149,2.636775493621826,1,-0.0069278394803404,0.2814854681491852,1.7874919176101685,1,1.1055477857589722,-0.0266610793769359,0.3549580872058868,0,-0.5705273151397705,0.1342471241950988,2.375441789627075,1,-0.0062958085909485,0.031005235388875,0.3864217698574066,0
-1.243262767791748,2.677284479141236,16.676088333129883,-0.0053878673352301,0.0093517238274216,-0.0165772717446088,0,-0.910905659198761,0.8417943120002747,10.828660011291504,1,-0.0019776828121393,0.0059048440307378,0.025311192497611,0,0.540885329246521,0.8806577920913696,1.472680926322937,1,-0.636513888835907,0.1137254238128662,1.836752653121948,1,0.00639567989856,0.0154272122308611,-0.0353819020092487,0,-0.2154543846845626,0.8170804977416992,2.52358341217041,1,-0.0142495399340987,-0.0018671225989237,0.0655607357621193,0,-0.0060547264292836,-0.0047903871163725,-0.0245023258030414,0
-0.6045275330543518,0.772253692150116,8.55392074584961,-0.0300766956061124,0.0158555302768945,-0.032120943069458,0,-0.7663159370422363,0.2929830551147461,0.7657331824302673,1,0.0147707303985953,0.0166094079613685,0.0298801641911268,0,0.7702333927154541,0.6928764581680298,2.501260042190552,1,0.0247708410024642,-0.0183672606945037,0.0673881024122238,0,0.0023042156826704,0.0023765005171298,0.001064175274223,0,-0.6340184807777405,-0.3830473721027374,5.325429439544678,1,0.0181197859346866,0.1508098244667053,-0.0906220749020576,0,-0.0043154545128345,0.0021575675345957,-0.0140915345400571,0
-0.5855269432067871,1.0488348007202148,7.012185096740723,0.0077159921638667,0.0080085573717951,-0.011008882895112,0,0.0404356569051742,-0.0712198689579963,0.1748526394367218,0,0.0028205979615449,0.005552411545068,-0.0025528948754072,0,-0.7229201197624207,1.4572523832321167,4.184370517730713,1,-0.0007457649335265,-0.0009028407512232,-0.037821888923645,0,0.0017016291385516,-0.0061266771517694,-0.0047744279727339,0,0.1019734367728233,-0.3095139265060425,2.68894624710083,1,-0.0055108140222728,-0.0489312559366226,0.0120184114202857,0,-0.0109975524246692,0.014716038480401,0.0081557463854551,0
-0.6203872561454773,-0.751589298248291,17.622655868530273,0.4920158088207245,-0.3026905357837677,0.4820486903190613,0,-0.6988219022750854,0.1051388382911682,2.820895195007324,1,0.0388640277087688,0.0106178456917405,0.5778012871742249,1,0.5750664472579956,-0.215721309185028,1.161862015724182,1,-0.3136723935604095,-0.0227705985307693,6.316973686218262,1,0.2021948099136352,0.1720667481422424,3.0161662101745605,1,0.1895935535430908,-0.1155667677521705,0.0881440937519073,0,-1.1650266647338867,-0.487230896949768,2.725196599960327,1,0.0593990422785282,0.1045674011111259,0.4335673451423645,0
0.6969507336616516,-0.2685564756393432,9.31239128112793,-1.7944039427675307e-05,0.0065817786380648,0.0046827588230371,0,0.0764064341783523,-0.1480432301759719,6.272261619567871,1,-0.0011030692839995,0.0016185670392587,-0.0073102265596389,0,-0.0028592059388756,0.0013627535663545,-0.0191664695739746,0,-0.4131114184856415,-0.6059890985488892,1.9536681175231931,1,0.0091813392937183,-0.0012223710073158,-0.0236912090331316,0,1.0297068357467651,0.4637761116027832,1.146916389465332,1,0.001371880993247,-2.0571700588334352e-05,-0.0189714394509792,0,-0.0026241021696478,0.0133795887231826,0.0040013189427554,0
0.3212236166000366,0.0744633600115776,8.083078384399414,-0.0005457506049424,0.0028666243888437,-0.0066525689326226,0,0.3007138967514038,0.3560221493244171,0.5280497074127197,1,-2.0696542263031006,-0.6536304950714111,2.0386905670166016,1,-0.0039921486750245,0.002513371175155,-0.0649492219090461,0,1.253398895263672,0.5717503428459167,2.171653985977173,1,-1.0231870412826538,-0.4669550955295563,2.2044262886047363,1,0.0072725242935121,-0.0056298351846635,-0.0347833111882209,0,1.9037785530090328,0.3131669461727142,1.1484609842300415,1,-0.046560987830162,-0.045640654861927,0.098181813955307,0
0.1503591537475586,-0.5224920511245728,8.45553207397461,0.0027257020119577,-0.0045870668254792,-0.0018765564309433,0,0.1370809674263,0.0333954691886901,0.0758827850222587,0,-0.4927181899547577,-0.2307378500699997,2.7281064987182617,1,-0.0013472086284309,0.0032999468967318,-0.0027382469270378,0,0.8893154263496399,0.0014310114784166,0.6020110845565796,1,-0.9325790405273438,-0.2604477107524872,3.3135480880737305,1,-0.0043753096833825,-0.0016124915564432,-0.0072103301063179,0,1.0885858535766602,-0.0993492901325225,0.4020247161388397,0,-0.5363290309906006,0.0361158773303031,1.345783233642578,1
-0.0463488474488258,0.7046199440956116,6.8487725257873535,0.0409685298800468,-0.0160586591809988,1.168567180633545,1,-0.0082151526585221,0.0104227913543581,-0.0278510693460702,0,0.0008292833226732,-0.0090410616248846,-0.0553550831973552,0,-0.0053888419643044,0.0026503554545342,-0.0409636795520782,0,-0.2390344142913818,0.7849218249320984,3.6674959659576416,1,-0.0082740588113665,-0.0139419632032513,0.024004166945815,0,0.0025652199983596,-0.0042608510702848,-0.0120061868801712,0,0.2931858599185943,-0.4427434802055359,0.6459915637969971,1,-0.122985266149044,0.3926709294319153,1.4788899421691897,1
0.4579594135284424,-1.125908136367798,15.155165672302246,0.006106502842158,-0.0064050001092255,-0.0327806361019611,0,-0.0085604079067707,-0.0014242604374885,-0.0335796363651752,0,-0.9375596046447754,-0.8032236099243164,7.291020393371582,1,0.0004086265980731,0.0012337962398305,-0.0155791817232966,0,0.8474103808403015,0.1775041222572326,1.1377005577087402,1,-1.5440455675125122,-0.8267511129379272,4.4159770011901855,1,0.0065498859621584,-0.0055487784557044,-0.0090201767161488,0,2.087357521057129,0.342162549495697,2.4307026863098145,1,0.000292069511488,-0.0034559043124318,-0.0292750727385282,0
0.623226523399353,-0.5676704049110413,8.23129653930664,-0.0190074760466814,0.0138901099562644,-0.003156216116622,0,-0.0634826347231864,-1.0828953981399536,3.720750331878662,1,-0.0021301459055393,-0.0013982318341732,-0.0339150205254554,0,0.9739825129508972,0.7725263237953186,2.5587081909179688,1,0.0081010144203901,-0.0185812450945377,0.0057073286734521,0,0.0039871865883469,-0.0076605570502579,0.0020578573457896,0,-0.2871448695659637,-0.257429301738739,1.9627374410629272,1,0.0030850593466311,-0.0050657019019126,-0.0015371115878224,0,0.0058358563110232,0.0189434625208377,0.0199445392936468,0
0.6842949390411377,-0.7885961532592773,10.135968208312988,0.003402171190828,-0.0038366562221199,0.0059102145023643,0,0.2981855571269989,-0.1357914209365844,2.976466417312622,1,0.0011974130757153,-0.0113134756684303,-0.011912016198039,0,0.0082758460193872,-0.0001347744982922,0.0016362610040232,0,0.3029710352420807,-0.3675791621208191,3.7061734199523926,1,0.0082012834027409,0.0018751815659925,0.0071521899662911,0,-0.0022517673205584,0.2123864144086837,-0.0343095250427722,0,0.0168256293982267,-0.5313124656677246,3.49691104888916,1,0.0474877208471298,0.0471102260053157,-0.0120587963610887,0
1.526700139045715,0.6379224061965942,7.986242294311523,0.0259915981441736,-0.0127536281943321,-0.0384573824703693,0,1.542738676071167,0.4503219127655029,0.3490192890167236,0,0.0402716882526874,-0.0093511343002319,0.1744740456342697,0,0.003814507741481,0.0088340137153863,0.5156641602516174,1,1.2072962522506714,0.0573968216776847,2.7214808464050293,1,-0.4015845060348511,0.1498198062181472,1.973690390586853,1,0.0109376590698957,-0.0015925596235319,-0.0074843629263341,0,0.369866669178009,-0.1030561923980712,1.298303246498108,1,-1.2726322412490845,0.0983033627271652,0.9995524883270264,1
0.7637200951576233,2.51867151260376,18.40577507019043,0.0170715041458606,0.0089063439518213,0.0271512251347303,0,-0.0499475412070751,0.1494428217411041,0.0073556709103286,0,0.2654044032096863,1.5071024894714355,6.743709564208984,1,-0.0038682483136653,0.0007696641259826,0.0110494950786232,0,0.5940205454826355,0.8764052987098694,2.881002187728882,1,0.0199047569185495,0.0021809379104524,0.0191415064036846,0,-0.0102123655378818,0.0678861290216445,0.2139909267425537,0,-0.0858154222369194,-0.0908450111746788,8.49342155456543,1,0.017162499949336,-0.0031770817004144,0.0089539177715778,0
1.5115100145339966,-1.9585909843444824,17.189985275268555,-0.040015161037445,0.016282070428133,-0.0830157548189163,0,0.7550098299980164,0.7756825089454651,6.558409214019775,1,-0.0029253573156893,-0.0234639216214418,-0.0163272079080343,0,-0.0040974374860525,0.0046321833506226,-0.0175714883953332,0,0.4865477085113525,-1.7570990324020386,8.076077461242676,1,0.0212743189185857,0.000841831380967,0.0418142825365066,0,-0.0081613035872578,0.0529396794736385,-0.0260228924453258,0,0.2968517541885376,-1.0889955759048462,2.725302219390869,1,0.0070257280021905,0.0605892986059188,-0.0686793476343154,0
0.3071229457855224,4.841639995574951,14.095645904541016,0.1827036589384079,0.215545505285263,0.6253061890602112,1,-0.9181411862373352,1.962602972984314,0.1287043690681457,0,0.532457709312439,0.1490599960088729,-1.5051865577697754,0,1.5186374187469482,1.0117472410202026,3.689922332763672,1,0.05081782117486,0.8147416114807129,4.998844623565674,1,0.0172994919121265,-0.0094353333115577,0.0132249696180224,0,0.4140770435333252,0.232768565416336,1.5375770330429075,1,-1.487244725227356,0.4616438746452331,4.652462482452393,1,-0.0034843771718442,0.0029656726401299,-0.0452095530927181,0
-0.211880937218666,3.750746726989746,15.13555145263672,0.0147839831188321,0.0168778467923402,0.0066048954613506,0,-2.302551746368408,0.5135682821273804,3.7977099418640137,1,0.0840302854776382,-0.0635836869478225,0.5286234021186829,1,0.8704668879508972,0.1436679661273956,1.0360348224639893,1,-0.1491226702928543,0.3775510191917419,6.056058406829834,1,0.204766497015953,0.1290076822042465,2.9774489402771,1,1.0143879652023315,2.8481478691101074,-1.0552417039871216,0,-0.0179277397692203,-0.3111020624637604,1.426085114479065,1,0.0692853480577468,0.0966120660305023,0.3622266054153442,0
0.3091917037963867,0.846402108669281,15.538771629333496,-0.9405488967895508,0.4251856207847595,0.899582028388977,1,0.0002875541104003,-0.0169575419276952,-0.001928812242113,0,0.0002480246184859,-0.0024292303714901,-0.0239228755235672,0,-1.2114475965499878,0.8644976615905762,10.355963706970217,1,-0.0033315892796963,0.0100422548130154,-0.0259337164461612,0,-0.0094598159193992,0.0022721043787896,-0.0119820535182952,0,2.46767520904541,-0.4332134425640106,4.42138671875,1,0.0025190885644406,0.0052777221426367,-0.044403214007616,0,0.0032496880739927,-0.008273109793663,-0.0299914460629224,0
0.7451006770133972,0.1195354759693145,16.586063385009766,0.0459254868328571,-0.0064640799537301,0.0181153267621994,0,0.0663446933031082,3.827333688735962,1.733728051185608,1,-0.0001854970614658,-0.0377777330577373,-0.008443284779787,0,-0.0038550868630409,0.015925895422697,-0.0202986542135477,0,1.1124448776245115,-3.7081046104431152,13.069228172302246,1,0.0310440678149461,0.0041827936656773,0.0185665190219879,0,-0.0288795381784439,0.1789177507162094,-0.052312221378088,0,0.3856227695941925,-0.6618760228157043,0.4550885558128357,0,-0.8633611798286438,0.5073976516723633,1.372390627861023,1
0.3418034315109253,0.4001994729042053,13.12047004699707,0.4858568906784057,-0.5063894391059875,0.4821410477161407,0,0.2412970215082168,0.3385649919509887,2.416292667388916,1,-1.4939363609300926e-05,0.0093533610925078,-0.0153240878134965,0,0.0020684730261564,-0.0007382787298411,-0.0008204114856198,0,0.8212217688560486,-0.0259672850370407,8.152924537658691,1,0.0098090479150414,0.0130407847464084,-0.0526987090706825,0,-0.0046165529638528,-0.0042347526177763,0.0011231142561882,0,0.1326223313808441,-0.3284249901771545,1.043323636054993,1,-1.3464405536651611,0.9049950838088988,1.0935088396072388,1
0.1353695541620254,2.0218610763549805,12.114595413208008,-0.0928443297743797,0.0277224518358707,-0.0142320049926638,0,0.0602418668568134,0.0401204675436019,0.2418929934501648,0,0.0004087251727469,-0.0043880245648324,-0.0379017293453216,0,-0.7639253735542297,3.256894826889038,6.52401876449585,1,0.1644141525030136,0.1552229970693588,1.5515797138214111,1,0.0563576482236385,0.0419924780726432,0.7091343998908997,1,0.8737571835517883,-1.6775156259536743,2.744793176651001,1,-0.1804230809211731,0.1826967000961303,0.3908020853996277,0,0.017382750287652,-0.0008849170990288,0.0045075616799294,0
0.2333396971225738,-0.7861360907554626,10.679306983947754,0.0049350056797266,-0.0001507437118561,-0.0162887945771217,0,0.3180278539657593,1.048319935798645,0.6803710460662842,1,-0.0017603391315788,-0.0061597675085067,0.0089224660769104,0,0.0006989287212491,6.343372660921887e-05,-0.0034428308717906,0,-0.3447556793689728,-1.6853121519088743,5.895788669586182,1,0.0039613880217075,0.0012116447323933,-0.0286231711506843,0,0.2624033093452453,-0.1148794442415237,4.150890350341797,1,-0.0087200803682208,-0.014446404762566,0.0275292992591857,0,-0.0014506778679788,-0.0147825507447123,-0.0358412787318229,0
-0.2783245146274566,-0.4547476172447204,14.739280700683594,0.0036628020461648,-0.0002628380898386,-0.0136415958404541,0,0.3487997651100158,0.5110993385314941,3.800035953521729,1,-0.0012254591565579,0.003260473255068,0.0559871084988117,0,0.0031314741354435,0.0009474236285313,0.0115400580689311,0,-0.4697212874889374,-0.9709560871124268,6.6032538414001465,1,0.0206328183412551,0.0049561341293156,-0.0421670638024807,0,-0.0002328126138309,-0.0037277117371559,-0.0085985902696847,0,-0.1750288754701614,0.0048746182583272,4.346618175506592,1,-0.0083429161459207,-0.0049389563500881,-0.0137484474107623,0
1.6396782398223877,3.242014646530152,7.6142659187316895,0.0020326641388237,0.0082194237038493,-0.0179277379065752,0,0.6667445302009583,0.7933757901191711,0.5042486786842346,1,-0.3320904970169067,0.1772001981735229,0.338663637638092,0,0.0082558533176779,0.0649390220642089,0.4523359537124634,0,1.1876696348190308,0.9951502680778505,2.474579334259033,1,-0.5564183592796326,0.470889151096344,2.0241692066192627,1,-0.0042631048709154,0.0094534624367952,-0.0009074908448383,0,1.1103379726409912,0.4089551866054535,1.340638518333435,1,-0.4425905346870422,0.3138322532176971,0.4984662234783172,0
1.4299319982528689,-0.2223065495491027,13.229202270507812,1.0836416482925415,0.402042955160141,2.080851554870605,1,-0.3566998541355133,-0.2223192900419235,0.862502932548523,1,0.0005726050003431,-0.0007358967559412,-0.055091381072998,0,1.7388643026351929,0.0648073330521583,0.9966564774513244,1,-1.1499661207199097,-0.0418090224266052,2.834385633468628,1,-0.0039175292477011,-0.0141468290239572,0.0232543107122182,0,1.8506823778152464,0.0181466378271579,0.6278694868087769,1,-1.7358185052871704,-0.4184437990188598,5.885793685913086,1,0.0025729881599545,-0.0098486309871077,-0.0270204320549964,0
-0.0544460825622081,1.4276729822158811,7.344257354736328,0.0084319673478603,-0.0013954000314697,-0.027226909995079,0,0.0092016933485865,-0.0071602761745452,0.0217368938028812,0,0.0022304221056401,-0.0124335587024688,-0.0277249664068222,0,-0.0055762170813977,0.0076376628130674,-0.0771492719650268,0,0.0782632753252983,0.9449228048324584,4.560332298278809,1,-0.0073316576890647,0.0028441408649086,-0.0135253444314002,0,-0.0024455750826746,0.0051074256189167,0.0034209957811981,0,-0.1353080719709396,0.4849929511547088,2.922660112380981,1,-0.0019119203789159,0.0031572002917528,-0.0182657483965158,0
-0.6887323260307312,2.0334737300872803,8.444228172302246,-0.2229251265525818,0.0758486464619636,-0.2617373168468475,0,-0.3368308842182159,1.631679654121399,1.8588542938232424,1,0.0039835814386606,-0.0096150757744908,-5.978855915600434e-05,0,0.1973231136798858,-0.0325932055711746,0.2559709548950195,0,-0.1884346008300781,0.2488048523664474,5.203010559082031,1,0.0756592825055122,0.0267969109117984,0.9345990419387816,1,0.2245757430791854,0.0243413560092449,0.0693614929914474,0,-0.4695224463939667,0.0247505530714988,0.3391008675098419,0,0.0274390652775764,0.043459977954626,0.0451280362904071,0
0.1677048504352569,2.592177629470825,11.371872901916504,0.0007323485915549,0.0023972627241164,-0.0125415995717048,0,-0.0096516292542219,0.0146178789436817,-0.0276998952031135,0,-0.7585482001304626,0.7468925714492798,7.038388729095459,1,0.0137394554913043,-0.0108670089393854,0.0287187416106462,0,0.740063488483429,1.0543830394744873,0.9754902720451356,1,-0.2617152035236358,0.2414573282003402,2.109532356262207,1,-3.797024646701175e-06,0.0004324920300859,-0.0015036300756037,0,0.4810190796852112,0.5109831690788269,1.1505190134048462,1,-0.0379307009279727,0.0318809375166893,0.1109686940908432,0
0.3526375889778137,-0.4671083986759186,9.098189353942873,-0.0723058357834816,0.0032311726827174,0.0527331531047821,0,0.0037266639992594,-0.0056393556296825,0.0213353149592876,0,-7.511766307288781e-05,0.0030750795267522,0.0029260353185236,0,0.6985170841217041,-0.5608255863189697,8.873990058898926,1,0.0017665256746113,0.0037513643037527,0.0039160782471299,0,0.0002464052522554,0.0001282153098145,-0.0024696800392121,0,0.0020372187718749,0.0590883195400238,-0.0035443701781332,0,-0.2621634900569916,0.0783582255244255,0.1305540353059768,0,-0.019111830741167,-0.0482758246362209,0.0187493097037076,0
2.461695671081543,-2.4769861698150635,15.61740779876709,-0.0153229162096977,0.0043005398474633,0.030684245750308,0,2.0611820220947266,2.0517842769622803,6.660656452178955,1,-0.0611798875033855,-0.0395645573735237,0.0802409350872039,0,-0.0035702167078852,0.0047120372764766,-0.0176614895462989,0,0.4628220200538635,-4.22926664352417,6.06486701965332,1,0.0146878995001316,0.0181253254413604,0.0033334658946841,0,0.0080876033753156,0.0358099304139614,0.0028209595475345,0,-0.0553763359785079,-0.3439089655876159,2.783944606781006,1,0.0503650940954685,0.0210218802094459,0.0085225831717252,0
-0.7155307531356812,0.3276304602622986,22.08837127685547,0.0029140885453671,-0.0059151379391551,0.0041896691545844,0,0.9147324562072754,1.1543914079666138,1.8360874652862549,1,-0.8196305632591248,0.3441963493824005,1.7309635877609253,1,-0.0124701606109738,0.0071578253991901,-0.0144579987972974,0,-0.8947053551673889,-1.1880484819412231,18.27290916442871,1,0.0284229554235935,0.0226916447281837,0.0610826946794986,0,0.1110464632511138,0.1166598349809646,0.1292853504419326,0,-0.0683998838067054,-0.1952687352895736,0.1760685890913009,0,0.0225592590868473,0.0717658251523971,-0.1077592968940734,0
0.3439464271068573,-0.2093843072652816,7.847507476806641,-0.2461263239383697,0.1217367351055145,2.208808422088623,1,0.0041191591881215,0.0010542434174567,0.0127211846411228,0,-0.0024435867089778,-0.0105537334457039,-0.0561006590723991,0,0.6706815958023071,-0.5387581586837769,1.6763101816177368,1,0.0122675104066729,-0.0195457655936479,0.0246085226535797,0,0.0084032854065299,-0.0009423646260984,-0.0103465309366583,0,0.001644660718739,-0.0001954100735019,-0.0111529435962438,0,-0.097163587808609,0.2437307089567184,3.986356258392334,1,-0.0074362643063068,-0.0059105525724589,0.0163030680269002,0
0.3101179003715515,-1.4228304624557495,6.310454368591309,-0.0280013661831617,0.0059862537309527,-0.0132948122918605,0,0.1169309914112091,-0.2931191623210907,1.954789638519287,1,-1.940181573445443e-05,-0.0045622568577528,0.0378028266131877,0,-0.0040251431055366,-0.0011273896088823,-0.0111031951382756,0,0.1429674327373504,-0.3253297209739685,2.483062267303467,1,0.0060408120043575,0.0076700416393578,0.0300742667168378,0,-0.0101616391912102,-0.1010869368910789,-0.0772417411208152,0,0.0725198090076446,-0.7406705021858215,1.9414933919906616,1,0.0138664161786437,0.0294091384857893,-0.0351281836628913,0
1.9142215251922607,0.4090356528759002,8.888498306274414,0.0018805678701028,0.0062287203036248,0.0014985067537054,0,0.6149777173995972,0.3060632348060608,0.8842716217041016,1,-0.3455634117126465,-0.0415511466562747,0.6093016862869263,1,-0.0041823489591479,0.0248586572706699,0.4803338646888733,0,1.059496521949768,0.1620663851499557,2.870179414749145,1,-0.3609746992588043,0.0819787457585334,2.1419341564178467,1,0.0064187319949269,-0.0070032440125942,-0.013676531612873,0,1.0608621835708618,-0.1356760114431381,1.6321592330932615,1,-0.1186938807368278,0.0120703419670462,0.282496303319931,0
-2.088820457458496,0.389135479927063,14.960097312927246,0.0227808021008968,-0.0037784297019243,0.0084845069795846,0,0.9289620518684388,0.1349794864654541,1.7517526149749756,1,-1.1867173910140991,0.5812888145446777,1.7531893253326416,1,0.0612437203526496,-0.0275585316121578,0.49702188372612,0,0.8877118229866028,0.7626811861991882,3.4673726558685303,1,-0.9362191557884216,0.6891617178916931,4.497046947479248,1,0.0013519616331905,-0.0144573785364627,-0.1009266823530197,0,0.4468804895877838,0.0004780369345098,0.9102394580841064,1,-2.314814805984497,-1.7336593866348269,2.175917625427246,1
0.0181607007980346,-1.5330114364624023,4.676695346832275,-0.0087138330563902,0.0082355272024869,-0.0237268544733524,0,1.4029192924499512,-1.702048897743225,1.538760781288147,1,-0.0722384005784988,0.1288928389549255,0.312862753868103,0,0.0011601644800975,-0.0148464441299438,-0.0008006026619113,0,0.3418212831020355,-0.9356673359870912,-0.4690723121166229,0,-0.3602612614631653,0.1666534692049026,1.5062490701675415,1,-0.0112693477421998,-0.0037052263505756,0.0016066260868683,0,0.0809020176529884,-0.0689828917384147,0.0553761385381221,0,-1.356159210205078,0.8884575366973877,1.7554396390914917,1
-0.2798895239830017,-0.679731547832489,11.4192476272583,0.0021785188000649,-0.0027035274542868,-0.0201360397040843,0,-0.0854160338640213,-0.5820674896240234,2.5231854915618896,1,0.0010262941941618,-0.0007484420784749,-0.017718881368637,0,0.2115580290555954,0.0628976374864578,2.067481756210327,1,-0.0017253988189622,-0.0165646094828844,-0.0022711700294166,0,-0.0097253452986478,-0.0051643205806612,0.0077972915023565,0,-0.3991522789001465,-0.1407341510057449,6.898364543914795,1,-0.0002840895904228,0.0018951265374198,-0.0270830132067203,0,0.0016507458640262,0.0034582891967147,-0.0103724468499422,0
1.0160465240478516,-3.0579307079315186,9.140283584594728,-0.0208774302154779,0.0006834378582425,-0.013447817414999,0,4.261159896850586,-3.741069793701172,1.8283228874206543,1,0.0259779710322618,-0.0023988131433725,-0.0119042946025729,0,-0.0048107425682246,0.0063404645770788,-0.0056775780394673,0,0.1205980852246284,-0.7172198295593262,-1.1793076992034912,0,-0.7275862693786621,0.950398564338684,3.0591557025909424,1,-0.0047363699413836,0.049195434898138,-0.0045673358254134,0,-0.0047652348875999,-0.0498394332826137,0.0214187894016504,0,-2.628913640975952,0.4459791481494903,5.446290969848633,1
-0.1953594535589218,1.076301336288452,5.766327857971191,0.6669580936431885,0.039934828877449,0.7685992121696472,1,-0.4111723303794861,0.6846734285354614,0.4985648989677429,0,0.0030982994940131,0.0062444740906357,0.0053421226330101,0,0.5870335102081299,-0.0652809366583824,1.171411395072937,1,-0.4311709105968475,0.2792697250843048,2.7621560096740723,1,0.0062155448831617,0.0039580552838742,-0.0271339584141969,0,0.0865464285016059,0.0464074686169624,0.1630737781524658,0,-0.7083070278167725,0.0602647811174392,0.4743324816226959,0,0.0054389457218348,0.0208295211195945,-0.0500177145004272,0
-0.9039483666419984,0.9832720160484314,13.896766662597656,0.4838486015796661,-0.5115664005279541,6.198884963989258,1,-0.0060646622441709,0.018417851999402,-0.0335688851773738,0,0.0046283085830509,-0.0003087829099968,-0.0315486714243888,0,0.6206534504890442,-0.7539274096488953,3.203261137008667,1,-0.0757750794291496,0.2977348566055298,0.8241183757781982,1,0.0078385071828961,0.0007806504727341,-0.0218067783862352,0,-0.0073692421428859,0.0537403188645839,-0.0378287695348262,0,-1.9603806734085083,1.8446394205093384,3.840898752212525,1,0.0286724139004945,0.0337615720927715,-0.0456434674561023,0
-0.3204670548439026,-2.698399782180786,22.04122543334961,-0.0402544774115085,0.0132266506552696,-0.0534141324460506,0,1.522863268852234,-1.827600359916687,2.732999563217163,1,0.0008429891313426,-0.0142505429685115,-0.0658089742064476,0,0.00312618794851,-0.0049468181096017,0.0069154943339526,0,0.0302569344639778,0.0275720972567796,0.1971224397420883,0,-2.643526792526245,-1.2056045532226562,7.153188228607178,1,0.0139479953795671,0.0811941400170326,0.0225984249264001,0,0.1037972271442413,-0.0387097038328647,-0.0520735718309879,0,0.6884796023368835,0.2707189619541168,12.099698066711426,1
1.911535382270813,0.4235491752624511,17.950565338134766,-0.0232623592019081,0.0452097915112972,-0.0684100911021232,0,1.5977202653884888,-1.7834445238113403,11.774354934692385,1,-0.0061935922130942,0.0060638687573373,0.1180107668042182,0,0.0013843566412106,0.0177887212485075,-0.021733671426773,0,-0.5579875707626343,-1.6202932596206665,1.2501565217971802,1,0.0200187750160694,0.0132293701171875,0.0027510675135999,0,0.8494828343391418,3.772629737854004,5.0203633308410645,1,0.0169025752693414,-0.0559377074241638,-0.0641512647271156,0,0.0134702231734991,0.0283030867576599,-0.0607766658067703,0
-0.6037840843200684,-0.5326524376869202,15.379095077514648,0.0687649771571159,-0.8766529560089111,5.395382881164551,1,0.066277340054512,-0.006540507543832,0.6584123373031616,1,-0.0013046383392065,-0.0099479332566261,-0.0133114485070109,0,0.71466463804245,-0.1635203212499618,1.4883795976638794,1,-0.1037441566586494,0.3469685018062591,3.4858498573303223,1,0.1180078908801078,0.082281969487667,1.607475519180298,1,0.0020912315230816,-0.072773590683937,0.0110572045668959,0,-1.501339077949524,0.1058236807584762,2.806260824203491,1,0.0327977053821086,0.0617086626589298,-0.0604116097092628,0
0.685437798500061,1.099724054336548,12.96775722503662,0.7857605814933777,0.1684849858283996,1.0237280130386353,1,-0.2868149876594543,0.9965047836303712,1.4380112886428833,1,0.001461612409912,-0.0130211040377616,-0.0582504197955131,0,0.7465265393257141,-0.0528616160154342,0.8364986777305603,1,-0.0245318375527858,0.2813481986522674,6.60251522064209,1,0.0131518468260765,-0.0026495072524994,-0.0068564140237867,0,0.0639062598347663,0.0550374835729599,-0.006902624387294,0,-0.6248143315315247,-0.3576041460037231,3.1852378845214844,1,0.0107920737937092,0.0244849547743797,-0.0462248735129833,0
0.4826876521110534,2.9801363945007324,16.29399871826172,0.0042124399915337,0.0089361565187573,-0.022088062018156,0,-0.0857798084616661,0.052471499890089,-0.0343984328210353,0,0.3187558948993683,3.841606140136719,9.839109420776367,1,0.0146824847906827,-0.0034943893551826,0.0140599282458424,0,0.1379468590021133,0.1115139424800872,0.6957529187202454,1,-0.7610024213790894,-0.6990395784378052,5.04647970199585,1,-0.0199170764535665,-0.1480950564146042,0.0341465510427951,0,0.874544084072113,-0.2263926416635513,0.7954726815223694,1,-0.0007547758286818,0.0426306910812854,-0.0745360925793647,0
0.0914638489484787,-0.4749457836151123,8.952841758728027,-0.0002990241337101,-0.0028387845959514,-0.0177767742425203,0,-0.321520984172821,0.0645350441336631,3.1921944618225098,1,0.0028457122389227,0.0003321016265545,0.0001469176349928,0,0.0064531536772847,-0.0066419728100299,0.0484071001410484,0,0.3665007054805755,-0.5213920474052429,5.782305717468262,1,0.0112158907577395,-0.0055265990085899,-0.0089312009513378,0,0.0048062275163829,-0.0028599149081856,-0.0211255345493555,0,0.0222998019307851,-0.0004704688617493,-0.0294956099241971,0,-0.0008376194746233,-8.314984734170139e-05,0.0071166004054248,0
1.519828200340271,0.095423087477684,4.16037130355835,0.3384474217891693,-0.0236024614423513,0.4775308072566986,0,-0.0511665940284729,-8.040435204748064e-05,0.3769073188304901,0,0.0044759344309568,-0.0097228270024061,-0.055683109909296,0,0.6790291666984558,-0.0927820429205894,0.3532846868038177,0,-0.209728330373764,0.12561696767807,1.3608893156051636,1,0.0161788612604141,0.1082233786582946,0.7284101247787476,1,0.7324548363685608,-0.0439516082406044,0.4908851087093353,0,0.0100600784644484,0.0273125991225242,0.4452857375144958,0,7.69471371313557e-05,0.004409494344145,-0.0171386860311031,0
0.0745924264192581,-0.2251089662313461,10.67363739013672,-0.0115361846983432,0.0075829895213246,0.0155329499393701,0,0.2842203378677368,0.4928152859210968,1.0508580207824707,1,0.0039156186394393,-0.0030276929028332,0.0072275958955287,0,-0.0022885985672473,9.160959598375484e-05,-0.0470051951706409,0,-0.0026875264011323,-0.3659725785255432,8.344005584716797,1,0.0163733251392841,0.0088400449603796,-0.0338736288249492,0,0.031664278358221,0.0014961725100874,0.0163391213864088,0,-0.2498842924833297,-0.3723049461841583,1.316157579421997,1,0.0048154573887586,0.0053701642900705,0.0043953726999461,0
-0.5744438767433167,-3.249819278717041,8.947427749633789,0.0243721231818199,0.0075412075966596,0.0019797594286501,0,0.4631255269050598,-1.4067351818084717,4.504647254943848,1,-0.003217656398192,0.0081647867336869,-0.0231456067413091,0,-0.005472186487168,-0.0007087070844136,-0.0209034029394388,0,-0.0026023818645626,0.0105264978483319,-0.0646735429763794,0,0.0108367996290326,0.0099556241184473,0.019013499841094,0,0.0084158461540937,0.015652872622013,0.0096265021711587,0,0.0010368493385612,0.0058747241273522,-0.0344244204461574,0,-1.0709388256072998,-1.900091290473938,4.555307865142822,1
1.0299673080444336,-1.0479071140289309,11.054123878479004,0.5183507204055786,-0.3993737697601318,2.47778844833374,1,0.001031087944284,0.0090595614165067,0.0106295580044388,0,0.0026964866556227,0.0067099197767674,-0.0001757544669089,0,0.0035200230777263,-0.0155652444809675,0.0083005251362919,0,0.2093226015567779,0.5221190452575684,3.2449049949646,1,0.0072525539435446,-0.0045103644952178,-0.0041415248997509,0,0.0028920781332999,0.1264621913433075,0.059872593730688,0,0.287826269865036,-1.283239722251892,5.274292945861816,1,-0.0029245158657431,-0.0095687210559844,-0.0173484478145837,0
0.6593929529190063,-2.708736181259156,11.690576553344728,0.0426911525428295,-0.1493726223707199,0.2664162814617157,0,-0.0129826609045267,2.108818531036377,1.7981165647506714,1,0.0035349938552826,-0.0007569420849904,-0.0295905731618404,0,0.0030576228164136,0.0020990518387407,-0.0075961844995617,0,0.7786566019058228,-2.7409863471984863,1.2565869092941284,1,-0.0491650439798831,0.1235151439905166,1.143320918083191,1,0.0142802549526095,-0.1864645481109619,0.1023899689316749,0,0.0718740597367286,-0.0879339724779129,-0.0012340389657765,0,-0.1925540715456009,-1.7776544094085691,7.162167549133301,1
0.1295779347419738,0.0646400526165962,6.608554840087891,-0.0085814790800213,0.0018667139811441,-0.015076789073646,0,0.0095185544341802,0.0055987727828323,-0.0086970282718539,0,-2.184185743331909,-0.8877214789390564,3.080118179321289,1,-0.0036703236401081,0.0023397677578032,-0.009104685857892,0,0.591183066368103,0.5281311869621277,0.97779780626297,1,-0.4230554699897766,-0.2593173384666443,0.680219292640686,1,-0.0062477672472596,-0.0006085924105718,-0.0099839763715863,0,2.1664528846740723,0.6849128007888794,1.922979593276977,1,-0.0118357520550489,-0.0105618136003613,-0.0096968663856387,0
-5.248710632324219,-7.906486511230469,9.99607276916504,-0.0287282019853591,-0.0005982315051369,-0.0129691092297434,0,1.053000807762146,-1.026437520980835,1.70592200756073,1,-1.554722547531128,0.2861540019512176,0.8982975482940674,1,0.0100652808323502,0.0080167036503553,0.2541078925132751,0,0.6219486594200134,0.0649256184697151,1.7079075574874878,1,-1.004560112953186,-0.3264996707439422,2.029975414276123,1,0.008346538990736,0.0061144763603806,0.0649936273694038,0,0.3623970746994018,-0.1965838074684143,0.6451197266578674,1,-4.716457843780518,-6.721578121185303,2.7027180194854736,1
0.9750152826309204,-3.9209046363830566,7.1437201499938965,0.0316421799361705,-0.0259179081767797,-0.0357472039759159,0,0.4552134871482849,-0.1668414026498794,0.4742597639560699,0,-1.3364474773406982,-0.9031623005867004,2.129058837890625,1,0.0163891389966011,-0.0233931150287389,0.007408226840198,0,1.448609471321106,-0.6713573336601257,1.5776128768920898,1,-1.0373597145080566,-0.7998784184455872,2.0934128761291504,1,0.0133705362677574,-0.0135372085496783,-0.020656457170844,0,1.6836735010147097,-0.97782701253891,0.5169751048088074,1,-0.3000757992267608,-0.3389900922775268,0.4013962745666504,0
2.3743629455566406,-3.2384142875671387,8.67459487915039,0.6164476871490479,-0.4139419794082641,1.1445119380950928,1,-0.8620285391807556,-0.8499518036842346,3.0261332988739014,1,0.0041376422159373,-0.0190679356455802,-0.0855692923069,0,1.337221622467041,-0.5137958526611328,0.7955921292304993,1,-0.876529335975647,-0.5118501782417297,1.8526856899261477,1,0.0041646533645689,0.0107369655743241,-0.0400772280991077,0,2.3520102500915527,-0.841203510761261,1.5515402555465698,1,-0.2012027204036712,-0.1008023843169212,0.4210922122001648,0,0.0001416568120475,0.0014623790048062,0.0086860917508602,0
0.7356824278831482,-0.5086863040924072,10.01054859161377,0.0566808767616748,0.0032883265521377,-0.0291432254016399,0,-0.0432415828108787,0.0451633408665657,0.0266229305416345,0,0.5608351826667786,-0.0605887882411479,5.44106912612915,1,0.0025312898214906,-0.0011706893565133,0.0133146233856678,0,0.0053986548446118,0.0230094622820615,0.0590216964483261,0,0.1075897514820098,-0.2261019051074981,2.181220531463623,1,0.0081882169470191,-0.1776316612958908,0.0768589004874229,0,0.0394469425082206,-0.0398442968726158,0.0753204673528671,0,-0.0017468906007707,-0.0748100727796554,2.1662633419036865,1
0.586109459400177,-0.1716342568397522,6.938603401184082,-0.128567174077034,0.0724483802914619,0.5455374121665955,1,0.0152235487475991,0.0071531860157847,0.022235820069909,0,0.000628043024335,-0.0202199649065732,-0.0830323547124862,0,0.994410753250122,-0.8345994353294373,4.633575439453125,1,0.0020056094508618,0.0112387463450431,-0.0454254299402236,0,-0.0089093502610921,0.0095988158136606,-0.0365106239914894,0,0.0033964940812438,-0.0043017668649554,-0.0206569842994213,0,-0.2848357260227203,0.5873555541038513,1.92313289642334,1,-0.007242711726576,-0.0003077331057284,-0.0002528457553125,0
0.5854140520095825,0.598112165927887,17.9360294342041,-0.0080593405291438,0.011805267073214,0.0040861302986741,0,-0.3796049952507019,0.682455837726593,6.536643505096436,1,-0.0045833350159227,0.0115735074505209,-0.0218090582638978,0,0.0009425493772141,-0.0030104266479611,0.0025418286677449,0,1.064547419548035,-0.7997218370437622,5.491837024688721,1,-0.1079388931393623,0.1368596255779266,0.2387689054012298,0,0.000201400660444,6.561052578035742e-05,-0.0013422444462776,0,0.0042401873506605,0.0091798529028892,-0.0144303580746054,0,0.0156689658761024,0.5489047169685364,5.699733257293701,1
2.2643344402313232,0.6838622093200684,11.23556900024414,1.7108392715454102,-0.0444261133670806,3.3377602100372314,1,-0.0035406053066253,-0.0226827394217252,-0.0085576185956597,0,0.0104277888312935,-0.0134992012754082,-0.0186488647013902,0,1.7589932680130005,-0.2701250910758972,3.515011787414551,1,-0.3304212689399719,0.288068950176239,0.3511761724948883,0,-0.0008805337711237,-0.0005408080178312,0.0081104021519422,0,0.5467780828475952,-0.1596965342760086,1.322726488113403,1,-1.4258301258087158,0.9027603268623352,2.735832691192627,1,-0.0020318732131272,0.0040034200064837,-0.0078429244458675,0
0.1151621341705322,-0.277251124382019,7.142289638519287,0.0031567504629492,-0.0068139713257551,-0.0384867005050182,0,-0.0084762219339609,0.0069823563098907,-0.0063251447863876,0,-0.1322249323129654,-0.2699988186359405,1.1673365831375122,1,9.154425788437948e-05,0.0030914575327187,-0.0334338471293449,0,0.6098504662513733,0.4797795414924621,0.9063687324523926,1,-0.0003547396918293,0.0074568963609635,-0.0138847241178154,0,0.0004603194829542,-0.0035200326237827,0.0057640168815851,0,-0.3530832529067993,-0.4679103791713714,5.232385158538818,1,-0.0042578014545142,-0.0263182055205106,-0.0774346739053726,0
0.5813462734222412,-1.7509946823120115,11.456327438354492,-0.2202485650777816,-0.4037525653839111,4.278139114379883,1,-0.0045505445450544,0.1450321227312088,0.1573152244091034,0,0.0031744826119393,-0.0134390881285071,0.0213455632328987,0,0.7983764410018921,-0.7897207736968994,5.4542555809021,1,0.025435447692871,-0.0241888593882322,0.024574689567089,0,0.0031087887473404,-0.0115240830928087,0.0047748684883117,0,0.1831425726413726,-0.3319184780120849,0.9125420451164246,1,-0.1923432350158691,-0.2824745178222656,0.6342962980270386,1,-0.0147491740062832,-0.0390084274113178,-0.0309161469340324,0
2.882900714874268,0.991226613521576,15.745125770568848,0.1609740406274795,1.22307550907135,3.5421013832092285,1,0.0065394532866775,0.0028390856459736,-0.00096530810697,0,0.0047527030110359,0.0011509865289554,-0.0200067348778247,0,1.1839603185653689,-0.6159901022911072,2.444302558898926,1,-0.1534598469734192,1.065284252166748,1.425759196281433,1,0.0078743482008576,0.0207531824707984,-0.0527409836649894,0,0.0033760885708034,-0.0003964741772506,-0.0227670241147279,0,1.6956257820129397,-1.1798882484436035,7.7412333488464355,1,-0.0267422962933778,0.4743985533714294,0.6882089972496033,1
-0.1605329811573028,-1.725017547607422,17.6272029876709,0.0497696995735168,0.0203493814915418,0.020329313352704,0,-0.0791626200079917,0.0623385459184646,-0.0311804581433534,0,-0.0042133382521569,0.0189744234085083,-0.13270103931427,0,-0.0065629677847027,0.0175753440707921,-0.0053647933527827,0,-0.0032724633347243,0.0861817523837089,-0.042743120342493,0,-0.1665738821029663,-0.3284127414226532,10.872756958007812,1,-0.0090883653610944,-0.0387735739350318,-0.1177217438817024,0,0.0368393957614898,-1.671338438987732,7.185896396636963,1,0.0217315610498189,0.10808777064085,-0.1220690086483955,0
0.6429639458656311,-0.8170312643051147,13.038686752319336,-0.0281146969646215,-0.023317027837038,0.052705455571413,0,0.8187242746353149,3.083173513412476,6.627686023712158,1,-0.0006647921982221,-0.0213162433356046,-0.0640375688672065,0,0.0007305922335945,0.0129719115793704,-0.0132505604997277,0,-0.521809458732605,-4.558116912841797,5.046491146087647,1,0.0257815923541784,0.0127229169011116,0.0224329158663749,0,0.3474819660186767,0.661710262298584,1.4287559986114502,1,0.0008493180503137,-0.0182380136102437,-0.0824186280369758,0,-1.491305374656804e-05,0.0333784259855747,0.0203215647488832,0
-1.7298729419708252,-3.7903568744659424,15.87960433959961,0.8664163947105408,-0.4399403631687164,2.2017745971679688,1,-2.3076655864715576,-1.56173837184906,2.399091482162476,1,-0.0001855831214925,0.00202083052136,-0.0295304097235202,0,0.8496836423873901,-0.8196185827255249,3.0730865001678467,1,-0.2340577840805053,-0.1594940572977066,4.579029560089111,1,0.0149821145460009,0.0028986332472413,-0.0151095287874341,0,0.1399718970060348,-0.079089768230915,0.4244767129421234,0,-1.0613350868225098,-0.7881298661231995,3.3177828788757324,1,0.0023169578053057,0.0527346618473529,-0.0709974095225334,0
-0.7755827307701111,2.089484691619873,11.516483306884766,0.0237995740026235,0.0049601648934185,0.0065409201197326,0,-0.8542113304138184,1.7192262411117554,2.267606019973755,1,-0.0068396213464438,-0.0160933546721935,0.0287899672985076,0,0.3103633821010589,0.0042173988185822,0.4614350497722626,0,-0.0965822413563728,0.399080753326416,5.994880676269531,1,0.1170648485422134,0.1050162613391876,1.649718999862671,1,0.0884414911270141,0.0834271758794784,-0.041649792343378,0,-0.3715129196643829,-0.188748300075531,1.1509979963302612,1,0.0138941621407866,-0.0216015093028545,-0.0018367508891969,0
0.8041364550590515,-0.0090391365811228,19.92114448547364,-0.0361582413315773,-0.3486338853836059,5.932480812072754,1,-0.0074306046590209,0.0242383889853954,-0.0303191971033811,0,0.0066545573063194,-0.0239801779389381,-0.0660056620836258,0,0.0016575820045545,-0.0059703500010073,-0.0136797511950135,0,-1.489879131317139,2.132944107055664,7.625350952148437,1,0.0083594350144267,-0.0056631965562701,-0.0197770502418279,0,0.0039658974856138,-0.0072848079726099,-0.015507741831243,0,2.321598768234253,-1.7756803035736084,6.51793384552002,1,-0.004631798248738,0.0009910135995596,-0.0093304803594946,0
0.5900910496711731,-0.2211079001426696,5.73588228225708,0.0121286856010556,-0.0033001322299242,-0.022285932675004,0,-1.0252013206481934,-0.6540327668190002,2.282466411590576,1,0.0067312219180166,0.004614561330527,0.0093203745782375,0,0.5205791592597961,0.2175194025039672,0.2451754063367843,0,-0.0011122367577627,-0.0029881673399358,-0.0093353074043989,0,-0.0060191401280462,-0.007144630420953,-0.0025939226616173,0,1.0742782354354858,0.218908354640007,3.271827220916748,1,0.0092000113800168,0.0026485186535865,-0.0427565984427928,0,-0.0004936201148666,0.0026669797953218,0.0040643424727022,0
0.5857689380645752,-0.4581987857818603,17.14166831970215,0.0007610138854943,9.66483712545596e-05,-0.0184479374438524,0,0.0041995239444077,0.0063736140727996,-0.0134145431220531,0,-0.9044685363769532,-0.7943376302719116,8.876285552978516,1,0.0015307253925129,-0.0009765718132257,0.0006513178814202,0,0.853547215461731,0.6643271446228027,0.9312989115715028,1,-0.1005948856472969,-0.2904990613460541,3.3345718383789062,1,0.0035591174382716,0.0090415570884943,0.0022523424122482,0,1.1120240688323977,0.2030292302370071,1.6843196153640747,1,-0.3847892880439758,-0.2552537322044372,2.344151258468628,1
0.194904088973999,1.3827102184295654,13.42755126953125,0.0048838900402188,-0.0047952397726476,0.0353332981467247,0,0.0639008432626724,0.0464742593467235,-0.0849251374602317,0,-2.3984549045562744,0.9622904658317566,3.934087038040161,1,-0.0034412979148328,0.0056206211447715,-0.0153677575290203,0,0.91178697347641,0.4956123232841491,2.257020950317383,1,-0.526613175868988,-0.3939591646194458,0.5763726234436035,1,0.0328829064965248,0.2100284248590469,-0.2740033864974975,0,2.1098804473876958,-0.0233380682766437,7.073679924011231,1,7.844478386687115e-05,0.0847767740488052,-0.0746460855007171,0
-0.4286005198955536,4.895276069641113,17.426132202148438,3.213968515396118,0.7330390214920044,2.428784847259521,1,-0.2279378771781921,0.6904377341270447,0.3759763836860657,0,0.0123305153101682,-0.0193792134523391,0.0113054160028696,0,1.656912088394165,-0.9095308780670166,2.5011277198791504,1,-0.7564337849617004,1.1937496662139893,8.842824935913086,1,0.0198813155293464,0.0051971445791423,0.0022489973343908,0,0.0256429407745599,0.1011825278401374,0.0869529917836189,0,-4.396178722381592,3.089703321456909,3.2118136882781982,1,0.0232143718749284,0.0108765102922916,-0.034902948886156,0
1.974207758903504,0.4216760993003845,14.042449951171877,0.2168845683336258,-0.2062359154224395,1.0405529737472534,1,-0.0173982791602611,0.0930123329162597,-0.0316336043179035,0,0.0014509523753076,-0.0015358125092461,-0.03742216527462,0,0.0006881353328935,0.0014283453347161,-0.0190635900944471,0,0.8887739181518555,0.9561754465103148,7.087344646453857,1,0.009564833715558,0.00018375639047,0.0001342128962278,0,-0.0006377607933245,-0.032959409058094,-0.0600099191069603,0,0.8907843828201294,-0.459817111492157,6.070483684539795,1,-0.0159030109643936,0.0714244917035102,-0.0079367691650986,0
0.6799331903457642,1.5305144786834717,21.03611946105957,0.5216955542564392,-0.0331744514405727,0.8414974808692932,1,-0.2959083616733551,0.6203522682189941,2.918019771575928,1,0.0607117228209972,0.0261832643300294,0.6049075126647949,1,0.365068644285202,-0.0016889871330931,0.990565061569214,1,0.2970642745494842,0.8098682761192322,8.786842346191406,1,0.2190594375133514,0.127346470952034,3.119734525680542,1,0.0023760988842695,-0.0158918406814336,-0.0648844242095947,0,-0.5639007091522217,-0.0543031767010688,3.338059425354004,1,0.0737664699554443,0.0518226400017738,0.5013794302940369,1
-0.3819065690040588,-0.1058607622981071,2.8226897716522217,-0.0532801300287246,-0.0542791113257408,0.0322276353836059,0,-0.1065856367349624,0.1752083748579025,0.0426462367177009,0,-1.5348633527755735,0.6973658204078674,2.6137092113494877,1,0.0087976166978478,-0.0033773009199649,0.0125176468864083,0,0.1053235828876495,-0.0446550771594047,0.1801603585481643,0,-0.7738903760910034,-0.7134366631507874,0.532075047492981,1,0.0376465171575546,-0.1172034963965416,-0.0865833684802055,0,1.9360218048095703,-0.0453925505280494,-0.5032652616500854,0,-0.0010765086626634,-9.07124631339684e-05,-0.0007980080554261,0
0.4593749642372131,-0.203721135854721,6.209338188171387,-0.0019844395574182,-0.0003823720326181,0.0065686181187629,0,0.6156212091445923,-0.3514760136604309,3.435051202774048,1,-0.0003455241385381,-0.010144080966711,-0.035383190959692,0,0.0052732382901012,-0.0020396725740283,0.0274022705852985,0,-0.0166688971221447,0.0208465233445167,0.0196153502911329,0,-0.0376365967094898,0.0085807545110583,0.0398337952792644,0,0.0049758618697524,-0.0010767221683636,-0.0063568134792149,0,-0.0167637523263692,-0.0119271408766508,0.060280617326498,0,-0.0930961221456527,0.1438975930213928,2.6623260974884038,1
0.3948911726474762,-0.1902468204498291,10.34163761138916,0.0927484184503555,0.0693119317293167,3.270605087280273,1,0.005292996764183,-0.0708219334483146,0.0459451228380203,0,0.0026433672755956,-0.0139867262914776,-0.0137567408382892,0,0.5388473868370056,-0.6386600136756897,2.390480756759644,1,-0.001513960538432,0.0251320991665124,-0.0244077909737825,0,0.0064423400908708,-0.0063160173594951,-0.0048462697304785,0,0.0045762816444039,0.2212664037942886,-0.0084836622700095,0,-0.2519737184047699,0.2363596856594085,4.734519481658936,1,-0.0021719408687204,-0.012532259337604,-0.0484189167618751,0
-0.6046398878097534,2.2653255462646484,10.610921859741213,0.0666643306612968,-0.0089411931112408,0.1867879927158355,0,0.1806555986404419,-0.3419206142425537,0.6018127202987671,1,-0.4735136032104492,0.1982111632823944,1.450323462486267,1,0.0108047006651759,-0.0053267674520611,0.0200665611773729,0,0.2269427180290222,-0.1066481918096542,0.3363862335681915,0,-0.0458888858556747,0.1095791235566139,1.440021514892578,1,-0.0027625823859125,-0.1383665204048156,0.0423607639968395,0,0.3069202601909637,-0.2691331207752228,0.5639276504516602,1,-0.8744624257087708,2.827871561050415,5.969234943389893,1
1.363593339920044,0.1802885979413986,11.9295654296875,0.3333325088024139,-0.0360330715775489,0.294912189245224,0,-0.599608302116394,-0.228327676653862,2.370924949645996,1,-0.0066619259305298,0.0151082882657647,0.5584360957145691,1,1.0530927181243896,0.0353480018675327,0.5292353630065918,1,-0.5040582418441772,0.1719460189342498,2.9569334983825684,1,-0.029279937967658,0.3034242391586303,2.1433019638061523,1,1.2380925416946411,-0.1088408902287483,0.6424512267112732,1,-0.0956206619739532,0.0261483993381261,1.7794160842895508,1,-0.02569548971951,0.001515292096883,0.6539537310600281,1
-2.1773345470428467,-2.7429211139678955,13.790616989135742,0.2698449194431305,0.984790563583374,3.741772413253784,1,-0.5223715305328369,-0.7878419160842896,1.5619689226150513,1,0.0026186588220298,0.0087073668837547,-0.0286099445074796,0,-1.9184917211532595,-2.940943956375122,8.614015579223633,1,-0.0065443264320492,0.0080574713647365,-0.026361184194684,0,-0.0064337728545069,-0.0015959878219291,-0.0076052257791161,0,0.0043322481215,-0.0016906989039853,-0.0159724280238151,0,0.0034353511873632,0.0003092362894676,-0.0318458639085292,0,-0.0037245606072247,-0.0127131538465619,-0.0167442932724952,0
-1.95976996421814,0.6512255072593689,15.499364852905272,0.7012496590614319,-0.168503388762474,2.2692248821258545,1,-2.210188865661621,-0.2127176970243454,2.7256884574890137,1,0.003695759922266,-0.0256481934338808,-0.0106019722297787,0,1.1568262577056885,-0.1252088248729705,3.2659692764282227,1,-0.0872610211372375,0.2512979805469513,2.8771371841430664,1,0.0063740015029907,0.0117895426228642,-0.0185285657644271,0,0.1015365049242973,0.149611622095108,0.8829593062400818,1,-1.632947325706482,0.7368248105049133,3.546910524368286,1,0.0009451452642679,0.0337797030806541,-0.0393934398889541,0
0.8262643814086914,-0.602863073348999,18.070453643798828,0.0087260007858276,0.0052978135645389,0.0018189828842878,0,0.1183462515473365,0.2344162762165069,0.1472484469413757,0,0.007275503128767,-0.347643494606018,3.262533903121948,1,-0.0015587047673761,0.0011916091898456,-0.0481648743152618,0,0.7268711924552917,-0.2622992992401123,13.17201328277588,1,-0.0010904785012826,-0.0030464397277683,-0.0192216839641332,0,0.0756629854440689,0.0327014401555061,0.2725352346897125,0,-0.1035723984241485,-0.2667054831981659,1.311544418334961,1,-0.0043959799222648,0.003224492073059,-0.0298532899469137,0
2.1753666400909424,1.2731409072875977,21.91492462158203,0.006517469882965,0.0540879033505916,-0.045578870922327,0,0.0525420717895031,-0.0394064635038375,-0.0055704182013869,0,-0.0007901646313257,-0.0098175900056958,-0.0132102137431502,0,-0.7745311856269836,1.7950001955032349,3.158200740814209,1,0.000550840573851,0.0159493964165449,-0.0108632966876029,0,0.0035849011037498,-0.0062439711764454,0.0164936520159244,0,2.861835479736328,-0.5912246108055115,18.938739776611328,1,0.0212049297988414,0.0404152013361454,-0.0722021758556366,0,0.0044521600939333,0.0143807753920555,-0.0510846264660358,0
1.010787010192871,0.862430989742279,7.19020414352417,-0.0010531605221331,-0.0034168763086199,-0.027619119733572,0,1.9982855319976809,0.5115177631378174,0.3154772520065307,0,-0.0409784652292728,-0.0074377688579261,0.0388594679534435,0,0.0028260194230824,-0.0036906353197991,0.0038840717170387,0,1.9928748607635496,-0.4871354401111603,2.2255802154541016,1,-0.9673339128494264,0.4525249004364013,1.949229717254639,1,0.0009194095619022,-0.0038416790775954,-0.0101686008274555,0,0.5225895643234253,-0.2432329356670379,0.634541392326355,1,-2.497343063354492,0.6471436619758606,2.06041955947876,1
0.404549777507782,3.602776288986206,21.06084632873535,0.1423119902610778,0.0121103283017873,0.138858214020729,0,-0.2736771702766418,2.534876585006714,3.662539482116699,1,0.0824027732014656,0.0538513846695423,0.8028596043586731,1,0.3930432498455047,0.0705559700727462,1.3578886985778809,1,0.1166377961635589,0.7170462012290955,8.230247497558594,1,0.2447984516620636,0.1449081897735595,3.5125842094421387,1,0.1670986860990524,0.1408979743719101,0.0118183968588709,0,-0.5910448431968689,-0.1875634044408798,2.675239324569702,1,0.1229788810014724,0.1160930916666984,0.6688096523284912,1
-2.6681158542633057,0.1013456583023071,9.786441802978516,-0.0386877320706844,-0.0122945317998528,-0.0012622450012713,0,0.3940106332302093,0.0351315848529338,0.9370918869972228,1,-1.1976516246795654,0.6275289058685303,1.524512767791748,1,0.0235702097415924,-0.0137266358360648,0.1149816811084747,0,0.6595320105552673,0.4811904430389404,2.420088291168213,1,-0.8003458976745605,0.5740025043487549,2.9814696311950684,1,0.0432899966835975,0.0039485916495323,-0.0351871140301227,0,0.4774519801139831,-0.0330106727778911,0.3009675741195678,0,-2.229285478591919,-1.5614244937896729,1.5437791347503662,1
-1.2046823501586914,-0.2356119751930236,7.556103706359863,0.0425761006772518,-0.0049548675306141,-0.0062247277237474,0,0.0826751813292503,0.0880499556660652,0.4847791492938995,0,-1.1246998310089111,0.4115357995033264,1.7467178106307983,1,0.0080210482701659,0.0196401923894882,0.0954506248235702,0,0.5208432078361511,0.0758156776428222,2.1237592697143555,1,-0.6665946841239929,0.0186515003442764,2.083739280700684,1,0.0257642362266778,-0.0803244933485984,-0.0525405630469322,0,0.7235621213912964,-0.2814260423183441,0.3212684392929077,0,-0.8168298006057739,-0.4825997054576874,0.7591550350189209,1
-0.2260896116495132,1.7663817405700684,12.365155220031738,0.8809673190116882,0.3664082884788513,2.277545928955078,1,-0.9974892735481262,1.311098337173462,0.9930016994476318,1,0.0008550128550268,-0.0281683448702096,-0.0273333471268415,0,1.1780264377593994,-0.2763563692569732,2.411857843399048,1,-0.6532714366912842,0.2222071588039398,4.751475811004639,1,0.0037477235309779,0.0061478996649384,-0.0018052279483526,0,0.2534819841384887,0.1461406946182251,0.253180593252182,0,-0.9010865092277528,-0.010642665438354,1.6943880319595337,1,0.0086791953071951,0.0295465644448995,0.0128442961722612,0
0.0618395507335662,4.477625370025635,6.886942386627197,-0.0096115097403526,-0.0155327320098876,0.0052147516980767,0,-1.4989917278289795,-0.0740494653582573,0.5197456479072571,1,-0.0111952386796474,-0.0227469578385353,0.0081102773547172,0,1.1341712474822998,0.2942111790180206,3.2254345417022705,1,0.0338614583015441,-0.0220700018107891,0.1273981183767318,0,0.0054890760220587,-0.0023828835692256,0.0131558934226632,0,0.3564683198928833,4.144850730895996,3.056440591812134,1,0.0433147400617599,0.1622529923915863,-0.0492599681019783,0,0.0083331000059843,0.0130924778059124,-0.0192969609051942,0
0.4492510855197906,0.7945616245269775,7.05168342590332,1.6217001676559448,-0.5765613913536072,2.4263250827789307,1,-0.0042284941300749,0.0090633640065789,-0.0239200703799724,0,0.002245569601655,0.0088142910972237,-0.0006590274861082,0,0.9601587653160096,-0.4322439134120941,0.9362582564353944,1,-0.1309364289045334,0.1999394744634628,-0.0033186972141265,0,-0.0119998902082443,-0.007516661658883,0.0039570494554936,0,-0.0062708589248359,6.568576645804569e-05,-0.016856724396348,0,-1.9840353727340696,1.5830926895141602,3.716505289077759,1,0.0026176127139478,0.0099081676453351,0.0133924046531319,0
-0.7727023363113403,0.2167689502239227,8.32995319366455,-0.0181334428489208,0.0277565829455852,0.0369629934430122,0,-0.3994712233543396,0.1118108108639717,1.1070512533187866,1,0.0023220039438456,-0.0193961132317781,-0.0121804242953658,0,0.0076205772347748,-0.0003136409213766,0.067724272608757,0,-0.6702110767364502,0.3345242738723755,4.1563873291015625,1,-0.0193211529403924,-0.0144886178895831,0.0161627456545829,0,0.0079654557630419,-0.0007850560359656,-0.0048662382178008,0,0.3080981969833374,-0.2305106818675995,2.950381278991699,1,0.0084283202886581,0.0081713777035474,0.0123301381245255,0
0.8070889711380005,-0.4546200335025787,5.926458835601807,0.020703887566924,-0.0115973548963665,0.0374425388872623,0,-0.9765086770057678,-0.4120203554630279,2.1348910331726074,1,-0.0030086059123277,0.0005854332121089,-0.0811268016695976,0,0.8050750494003296,-0.2048085033893585,0.2461134195327758,0,-0.3522664904594421,0.06777373701334,1.4850488901138306,1,-0.0007932413718663,0.0976113826036453,0.7913504242897034,1,1.343204140663147,-0.0210408121347427,0.8045548796653748,1,-0.0273166317492723,0.0202567018568515,0.4912104904651642,0,-0.0020004976540803,0.0086196875199675,0.0169740244746208,0
0.437349796295166,0.7518049478530884,7.9653120040893555,-0.0031150088179856,0.0035582415293902,0.0044641150161623,0,1.6955723762512207,0.1677225828170776,1.9928786754608157,1,-0.0023591998033225,-0.0172330681234598,-0.0364062041044235,0,-0.0054422752000391,0.0062794755212962,-0.0376685597002506,0,1.3358734846115112,-0.2634903192520141,2.4524974822998047,1,-0.6281912922859192,0.3919933140277862,1.1231931447982788,1,-0.0035689359065145,-0.0055512157268822,-0.0053465287201106,0,0.2883086204528808,-0.1268307119607925,0.4793673455715179,0,-2.2397279739379883,0.5953566431999207,1.992331862449646,1
0.1857485771179199,-0.8465193510055542,10.19143009185791,0.0077914367429912,-0.0082203680649399,-0.0143824806436896,0,-0.2433371990919113,-0.1393083184957504,4.130138397216797,1,0.0064171035774052,-0.0090697817504405,-0.0619990304112434,0,0.0066735446453094,-0.013457940891385,0.0553581230342388,0,0.022461749613285,-0.0355181358754634,0.2741642594337463,0,-0.2497192770242691,0.1065690442919731,1.2530286312103271,1,-0.0040075141005218,0.0022260576952248,-0.0072639253921806,0,-0.0130137829110026,0.0060734557919204,0.0021420416887849,0,0.6524825096130371,-0.7558133602142334,4.560244560241699,1
-0.3535244166851043,3.714612483978272,21.626924514770508,0.5556790232658386,0.0914387479424476,0.4401289522647857,0,-0.7630491852760315,2.943176031112671,3.877659559249878,1,0.1050539836287498,-0.0415748320519924,0.8903788328170776,1,0.6598191857337952,-0.1115630641579628,1.405157208442688,1,-0.583571195602417,0.7189702987670898,8.143089294433594,1,0.2528214156627655,0.0911941081285476,3.720564842224121,1,0.2252611219882965,0.0933117493987083,-0.0424831099808216,0,-0.9127553105354308,-0.0913233309984207,2.4353415966033936,1,0.1072165593504905,0.0209824759513139,0.7570875883102417,1
1.0299201011657717,-0.6656654477119446,9.949861526489258,-0.4725029766559601,0.3466880023479461,1.886693835258484,1,-0.007880100980401,0.0297013372182846,-0.0554909110069274,0,0.0004085195541847,0.005927771795541,0.0036555062979459,0,-0.0059287431649863,0.019715579226613,-0.0384110510349273,0,0.2646684348583221,0.6099286079406738,4.005256175994873,1,0.0038441775832325,-0.0045206053182482,0.0014665209455415,0,-0.0063019129447638,0.099176786839962,-0.0480414927005767,0,1.2365015745162964,-1.8179445266723635,4.221088409423828,1,0.0171110723167657,0.045661773532629,-0.0263557881116867,0
1.2407169342041016,0.6639814972877502,14.10941219329834,0.000106409395812,0.0037893645931035,-0.0104330591857433,0,0.1268294602632522,0.2031716555356979,0.279700368642807,0,-0.5866805911064148,-0.3054975569248199,2.520620346069336,1,0.0057621961459517,0.0001003250872599,0.0143706314265728,0,1.7043726444244385,0.5248397588729858,6.422215461730957,1,-0.0014771921560168,-0.0082217240706086,-0.0213770493865013,0,0.0078621357679367,0.0044972114264965,0.0025799858849495,0,-0.0202497672289609,0.2229687869548797,4.887417793273926,1,0.0041917585767805,0.0183336995542049,0.0143179837614297,0
2.3300530910491943,-4.099533081054688,12.038418769836426,1.485904335975647,-0.7886976599693298,1.0244735479354858,1,-0.9379004836082458,-0.9518691897392272,3.581284761428833,1,-0.0051496322266757,-0.0107478499412536,-0.0687189027667045,0,1.828424453735352,-0.5561863780021667,0.1415350586175918,0,-1.462943196296692,-0.621227502822876,3.768893241882324,1,-0.0098095554858446,-0.0066770892590284,0.0006348380702547,0,2.410090208053589,-0.5744273066520691,0.4871642291545868,0,-0.9764428734779358,-0.591457724571228,3.11979603767395,1,-0.002120308112353,0.0017578285187482,-0.0166448354721069,0
1.3269716501235962,0.3354009687900543,13.41405963897705,0.730983316898346,0.0017038075020536,0.2192960977554321,0,-0.9300912022590636,-0.2847918570041656,3.503748893737793,1,-0.0123290931805968,0.06712606549263,0.5951889157295227,1,1.3778703212738037,-0.0113860173150897,0.3120508193969726,0,-0.8450003862380981,0.2998653352260589,3.203380584716797,1,-0.0158601142466068,0.249546006321907,2.258136510848999,1,1.285763144493103,-0.0940614193677902,0.500415027141571,1,-0.2479763776063919,0.0636325702071189,2.125059127807617,1,-0.0163879189640283,0.0437664873898029,0.6967841982841492,1
1.206532597541809,-0.1124259904026985,8.268453598022461,0.0157250650227069,0.0001426376402378,0.0209071896970272,0,0.3323818147182464,0.067878633737564,0.6781313419342041,1,-0.9276190996170044,-0.1869965493679046,0.9654022455215454,1,0.0143084079027175,-0.017136663198471,0.4648665189743042,0,1.0364469289779663,0.1228821203112602,2.4819576740264893,1,-0.6510443091392517,0.0376268811523914,2.2594637870788574,1,0.0111195035278797,-0.0024524221662431,-0.0121797611936926,0,1.400657057762146,-0.1308662295341491,1.303803324699402,1,-0.0254427213221788,-0.0035043933894485,0.1061007380485534,0
1.6323703527450562,-0.3194948434829712,10.46829891204834,0.3283574879169464,0.1407322883605957,0.7653310298919678,1,-1.3609209060668943,-0.5777481198310852,3.7066402435302734,1,-0.0052424715831875,-0.0069621121510863,-0.0293232761323452,0,1.353842854499817,0.0777916014194488,1.479384183883667,1,-0.9244405627250672,-0.1321383267641067,1.8650972843170168,1,-0.0078055951744318,0.0038635651580989,-0.0164882503449916,0,2.3514442443847656,0.196275994181633,2.561753034591675,1,-0.0948879942297935,-0.0216963924467563,0.1497091501951217,0,-0.007976678200066,0.0003866687184199,-0.013804723508656,0
0.7142248153686523,0.9944893717765808,6.902190208435059,0.0101034324616193,-0.0015867095207795,-0.0302466135472059,0,1.592451810836792,-0.0981372222304344,0.8748575448989868,1,0.0015560295432806,0.0051416959613561,-0.0210104808211326,0,0.006701951380819,-0.0094313062727451,0.0024409778416156,0,1.3606407642364502,-0.3602811396121979,2.5832645893096924,1,-0.3640391230583191,0.3643485307693481,0.696865439414978,1,-0.0022883657366037,-0.002635283395648,-0.0117568727582693,0,0.1073337569832801,-0.1182048320770263,0.4212191700935364,0,-1.9982354640960691,1.2152756452560425,2.386556386947632,1
0.2206596583127975,0.0773984417319297,7.052145957946777,-0.0019973239395767,0.0105660799890756,-0.0165853668004274,0,1.101487159729004,0.815288245677948,3.497086763381958,1,0.0011188675416633,-0.0007692652288824,0.0075365919619798,0,0.0439408384263515,0.0024746169801801,0.0701890662312507,0,-0.1514498442411422,-0.2140963226556778,0.998673677444458,1,-0.0132133848965168,-0.0025359124410897,0.0266772657632827,0,-0.7581250667572021,-0.5388413071632385,2.458651542663574,1,-0.0013601491227746,0.0015445497119799,-0.0156507212668657,0,0.0002586456539575,0.003767795395106,0.0255670342594385,0
0.645586371421814,0.2755516171455383,13.40984058380127,0.0035186009481549,0.0055951927788555,-0.0159249342978,0,-0.6319400072097778,0.5407069325447083,5.182541847229004,1,-0.0034928270615637,-0.0005300508928485,-0.0264807641506195,0,-0.0042173312976956,0.001270884880796,-0.0344241634011268,0,0.6993029713630676,0.0074615506455302,7.124206066131592,1,0.0097205666825175,-0.0126028284430503,0.0228166375309228,0,-0.0020670781377702,0.0028659310191869,0.0039257491007447,0,0.5856124758720398,-0.2321670949459076,1.0857113599777222,1,-0.0108509762212634,-0.0370489060878753,0.067469298839569,0
0.2328582853078842,2.0592072010040283,18.340499877929688,-0.03157339990139,-0.007131319027394,0.0117860035970807,0,0.4113271236419678,0.685859203338623,0.8306800723075867,1,-0.5487201809883118,0.0309790056198835,1.2519807815551758,1,0.0057677691802382,0.0072786356322467,-0.0502884835004806,0,-0.3761216700077057,-1.7204227447509766,16.96274185180664,1,0.0181497223675251,0.0120792249217629,0.0146020604297518,0,0.8348033428192139,3.24960732460022,-0.9091668128967284,0,-0.0930045396089553,-0.2152720242738723,0.2385517358779907,0,0.0122300963848829,0.0162297878414392,-0.0103898337110877,0
-0.0660818964242935,0.0361868478357791,10.10348415374756,0.0094976359978318,-0.0058182068169116,-0.0227045025676488,0,0.1437894105911255,0.4467770755290985,0.2884403169155121,0,0.0056364680640399,-0.0005841083475388,-0.0340917743742466,0,0.0003194325254298,-0.0018078646389767,-0.0212987288832664,0,-0.1984474211931228,-0.1566848009824752,9.077862739562988,1,0.0069338111206889,-0.0049518910236656,-0.0272603798657655,0,-0.0016303515294566,-0.0028296965174376,-0.0006113766576163,0,-0.0415512397885322,-0.2510082125663757,0.8262287378311157,1,0.009370339103043,0.0130945472046732,0.0169187374413013,0
-0.3095615208148956,-0.7191094756126404,4.820387363433838,0.0104027278721332,-0.0008279184112325,0.0566885396838188,0,-0.0861500799655914,0.0081815384328365,0.0136916534975171,0,-1.2885363101959229,0.0707493871450424,1.4906859397888184,1,0.005612667184323,-0.002224113093689,0.0012114496203139,0,0.2162042558193206,0.0091703571379184,0.8085636496543884,1,-0.5215592980384827,-0.4959327280521393,0.6639595627784729,1,0.0027260272763669,-0.0969788059592247,-0.0173899438232183,0,1.3465862274169922,-0.2328319549560547,1.7934684753417969,1,0.0051521901041269,0.0215847566723823,0.0095079783350229,0
1.0909658670425415,-1.2203596830368042,13.165695190429688,-0.0108666559681296,-0.0001709712960291,-0.0125111350789666,0,1.3030884265899658,-0.4911111891269684,9.166426658630373,1,-0.0031601639930158,-0.0135244512930512,-0.018032981082797,0,0.001278081908822,-0.0033817226067185,-0.0068462267518043,0,-0.5398374199867249,-1.5952825546264648,2.881841897964477,1,0.0063614882528781,0.007597486488521,0.0069123851135373,0,0.3496519327163696,0.930926501750946,1.116162657737732,1,0.0054017375223338,-0.0229667965322732,0.0118379471823573,0,-0.0209514982998371,-0.0324461869895458,0.0199053231626749,0
-1.5546581745147705,-4.07580041885376,7.751059532165527,0.7830550074577332,-0.6971374154090881,1.0844221115112305,1,-1.3807517290115356,-0.9935378432273864,1.0963605642318726,1,0.0001659153203945,-0.0071066063828766,-0.0129315396770834,0,0.507074773311615,-0.6952885389328003,1.1973717212677002,1,-0.7409909963607788,-0.7617481350898743,2.746339797973633,1,0.008880921639502,0.0008087998721748,-0.0126050105318427,0,0.0791463851928711,-0.0919089168310165,0.2073162198066711,0,-0.8158339262008667,-0.8542563319206238,1.5291811227798462,1,0.0045955507084727,0.0243743099272251,-0.0843956246972084,0
0.7897275686264038,-0.4069927334785461,9.620994567871094,-0.068721242249012,-0.0055546066723763,-0.0953881368041038,0,0.7379325032234192,0.5541902780532837,2.9219863414764404,1,-0.0010026646777987,0.001749062910676,-0.0147238345816731,0,0.0073243808001279,0.001450038398616,-0.0045741260983049,0,0.0913018509745597,-0.9777252078056335,6.553194522857666,1,0.0079254871234297,0.0170928798615932,-0.0115213068202137,0,-0.0070557417348027,0.0539237968623638,0.2839108109474182,0,0.0052171312272548,-0.0780578851699829,0.016615567728877,0,0.0168058220297098,0.0259389132261276,-0.0285051334649324,0
1.2574836015701294,0.6177576780319214,6.513810157775879,0.0204595103859901,-0.014760154299438,-0.0565416291356086,0,0.7795097827911377,0.3514330685138702,0.5365443229675293,1,-0.2248273938894271,-0.0243308022618293,0.1722599118947982,0,0.0032328611705452,0.0074388547800481,0.3071967959403991,0,1.0881423950195312,0.2229020893573761,2.1918656826019287,1,-0.4950645864009857,0.0797507762908935,1.7378994226455688,1,0.0128909731283783,-0.0010915219318121,-0.0153435515239834,0,0.7468460202217102,-0.0292441379278898,1.0202571153640747,1,-0.6737059354782104,0.0256594754755496,0.6196721792221069,1
1.214787483215332,-0.521428108215332,15.901744842529297,0.0002361092047067,0.000450125982752,-0.0385826267302036,0,0.4875777065753937,-0.5376037955284119,6.400507926940918,1,-0.0010162574471905,0.0081344181671738,0.0130912726745009,0,-0.0023161841090768,0.0018577305600047,-0.0247764289379119,0,0.3305835723876953,-0.2610991895198822,0.7609162926673889,1,-0.3215283751487732,0.3577513992786407,1.494900822639465,1,0.0008404475520364,-0.0063445307314395,-0.0130165992304682,0,0.0231945570558309,-0.0165235456079244,-0.0114401280879974,0,0.6972159147262573,-0.0680507272481918,7.320144653320312,1
-2.0119218826293945,3.600627422332764,19.92289161682129,-0.0027761759702116,0.0233830250799655,-0.0476774014532566,0,-0.0674042701721191,0.0502589531242847,0.1107821241021156,0,-2.2394344806671143,2.653394937515259,10.028364181518556,1,-0.0007685553282499,0.0113239046186208,-0.0112315965816378,0,0.8435671925544739,1.4466547966003418,4.248868465423584,1,-0.4085261821746826,0.1078573763370513,1.2879458665847778,1,-0.0159897841513156,0.0133849326521158,-0.0911851525306701,0,-0.1004103422164917,-0.7780606150627136,4.502836227416992,1,-0.0201790463179349,0.072430282831192,-0.1058103293180465,0
0.3506926298141479,-0.5080040693283081,5.786864280700684,0.0042841294780373,-0.0080203739926218,-0.0102659733965992,0,-0.0029954395722597,0.0115345856174826,-0.0113638918846845,0,-0.0108088329434394,-0.0177503880113363,0.0358108654618263,0,0.00175573292654,-0.0051321503706276,-0.0128130940720438,0,0.6427440643310547,0.2092951834201812,2.2594923973083496,1,-0.0023270267993211,-0.0088438065722584,0.0089856442064046,0,0.0026583101134747,-0.0050375913269817,-0.0126898055896162,0,-0.2863143980503082,-0.6843685507774353,3.5320019721984863,1,0.001696081017144,0.0003189753042533,-0.0022938016336411,0
0.8225893378257751,-1.321568250656128,12.611154556274414,-0.2470958828926086,0.6779282689094543,2.0225164890289307,1,0.0526041463017463,-0.0406112261116504,-0.0171296298503875,0,0.0024518037680536,-0.0053262352012097,-0.0142634967342019,0,0.3743453025817871,-0.6709363460540771,1.9707876443862915,1,0.0902507528662681,0.3846346437931061,1.601575493812561,1,0.0026350587140768,0.008372432552278,-0.010284855030477,0,-0.0045362305827438,-0.1394532620906829,-0.013598677702248,0,0.5669997930526733,-1.549814224243164,7.147433757781982,1,-0.0150653533637523,0.0136376749724149,-0.0758821070194244,0
-2.092381000518799,1.5718811750411987,11.098873138427734,0.0023986771702766,-0.008626434020698,-0.009678647853434,0,0.2325256317853927,0.085416629910469,1.11465322971344,1,-3.403886318206787,1.3433367013931274,2.1454360485076904,1,0.0232810527086257,0.0301733221858739,0.3942108750343323,0,0.797332227230072,0.4353575408458709,2.9566779136657715,1,-1.5449795722961426,-0.2235997170209884,3.6681318283081055,1,-0.0044594323262572,0.1387092173099517,-0.0227707047015428,0,1.9473568201065063,-0.2298362404108047,0.5897709727287292,1,-0.1419502347707748,0.0009500971063971,0.2624418437480926,0
0.9005451202392578,1.3643471002578735,9.214977264404297,-0.000409450411098,0.0086439717561006,0.0061279200017452,0,1.3059145212173462,0.4993621408939361,0.6342794895172119,1,0.0299785528331995,0.0147262355312705,0.196770504117012,0,0.0067055528052151,0.0097944280132651,0.6050795316696167,1,1.264490246772766,0.2571753263473511,2.7663824558258057,1,-0.5216894745826721,0.2773366570472717,2.160336494445801,1,-0.000625695916824,0.0004360225866548,-0.0039486535824835,0,0.3988129794597626,-0.0358675196766853,1.429667592048645,1,-1.582632303237915,0.3327398002147674,1.4202815294265747,1
-0.4033351838588714,0.0092544872313737,7.56724739074707,0.5653605461120605,-0.3782150149345398,3.0022947788238525,1,0.0845389068126678,0.1789404600858688,0.1158246472477912,0,0.0012419822160154,-0.0142100136727094,-0.0060963365249335,0,0.2714303731918335,-0.0102966679260134,0.5244525074958801,1,-0.1970813423395156,0.0660341307520866,1.4283196926116943,1,0.005243806168437,0.0096750957891345,0.037574216723442,0,-0.0064414567314088,-0.1642898917198181,-0.0534938462078571,0,-1.114992380142212,0.2956447005271911,2.549039125442505,1,-0.0126356184482574,0.025971682742238,-0.030667208135128,0
2.021195411682129,-0.6320040225982666,21.65051651000977,-0.113440454006195,0.0593503043055534,4.275660991668701,1,0.0006136611336842,0.0174520611763,0.015114365145564,0,-0.0018862875876948,-0.0080560268834233,-0.0594405867159366,0,5.3921190556138754e-05,0.0015230393037199,-0.011984659358859,0,0.8126895427703857,1.567262053489685,9.887527465820312,1,0.0235719047486782,-0.0012009576894342,0.0190175902098417,0,0.0073058875277638,-0.014112795703113,0.0188799630850553,0,1.2781955003738403,-2.238288164138794,7.533962249755859,1,0.0140917459502816,-0.0159335434436798,-0.0282212030142545,0
0.1362175345420837,2.365168333053589,19.35063934326172,-0.0099509377032518,-0.0197201278060674,0.0513695552945137,0,-0.024032911285758,0.1717213243246078,-0.0605998784303665,0,0.0273066367954015,0.4952298998832702,7.668332576751709,1,-0.0025055937003344,0.00435451278463,-0.0094498535618186,0,0.7726539373397827,2.210335493087769,6.619672775268555,1,-0.3085326254367828,-0.4668096005916595,0.542461097240448,1,-0.003545208601281,-0.0293293856084346,-0.0414491631090641,0,-0.3212848603725433,-0.0696966350078582,4.591066360473633,1,0.0061090947128832,0.0690826326608657,-0.010765029117465,0
0.3838213384151459,-1.4016540050506592,20.108369827270508,0.0343223251402378,0.0237201303243637,-0.0242261290550231,0,-2.83405876159668,-3.075469255447388,5.245891571044922,1,-0.0036866653244942,-0.0034551720600575,-0.0214490536600351,0,1.403792381286621,1.1486222743988037,5.818588733673096,1,-0.0085468254983425,0.0316519401967525,-0.0156723950058221,0,0.002826185664162,0.0100664226338267,0.0073901624418795,0,1.8150763511657717,0.54395592212677,9.013822555541992,1,-0.0148912910372018,-0.0676252543926239,0.0777952969074249,0,-0.0110123204067349,-0.01312090549618,0.0062291272915899,0
0.6032127737998962,0.4470743238925934,4.636475563049316,0.0043107471428811,-0.0056470134295523,0.0002020964457187,0,-0.036943681538105,-0.0300982445478439,0.3632839322090149,0,-0.0012398976832628,-0.0111031597480177,-0.0630470365285873,0,0.4838008284568786,-0.1306998431682586,0.3616550266742706,0,-0.7196913957595825,0.1386818885803222,1.7515383958816528,1,-0.0157954860478639,0.0768313631415367,0.980337619781494,1,2.457459688186645,0.0574677214026451,-0.7112576365470886,0,-1.5642460584640503,0.3579985201358795,1.937440037727356,1,-0.0044419197365641,-0.0063569378107786,0.0163229890167713,0
0.0611768029630184,-0.1476695239543914,13.22710132598877,0.0110489055514335,-0.0014063013950362,-0.0250196829438209,0,0.4166289269924164,0.7033678293228149,2.2256290912628174,1,0.0011119310511276,0.0009646059479564,-0.0541486851871013,0,-0.0006392094655893,-0.0024429152254015,-0.0492284446954727,0,-0.510016679763794,-0.7494389414787292,10.036986351013184,1,0.0053448188118636,-0.0022160084918141,-0.0092594157904386,0,0.2777688503265381,0.0845690295100212,0.5837780237197876,1,-0.139945849776268,-0.1919034421443939,0.4886007010936737,0,-0.0001248909538844,0.0108366264030337,0.0297628529369831,0
0.0630343556404113,2.735691785812378,12.48374366760254,1.2026883363723757,4.31764554977417,3.394427537918091,1,-0.450899213552475,-0.543077290058136,1.2876968383789062,1,-0.001641544746235,0.0037620484363287,0.0517099387943744,0,-0.69393390417099,-1.3513083457946775,4.321242809295654,1,-0.0005702876951545,0.1385718137025833,1.433876395225525,1,0.0173782110214233,0.1397303193807602,1.1563395261764526,1,-0.007816394791007,-0.0062013501301407,0.0057411808520555,0,-0.0109568936750292,0.0312345437705516,0.7776808738708496,1,0.0087860990315675,0.0053347018547356,0.0550290383398532,0
2.2379281520843506,-1.820214033126831,14.690474510192873,0.0085640456527471,-0.0072924657724797,-0.0062854429706931,0,1.261349081993103,-2.0972096920013428,7.253350734710693,1,-0.0004452809807844,-0.0201911740005016,0.0056830742396414,0,-0.0280584022402763,0.0159146692603826,-0.0343278422951698,0,0.4842704236507416,-0.1846437156200409,6.279702186584473,1,0.0116237998008728,-0.0016339012654498,0.0371977128088474,0,0.4893691837787628,0.4512414932250976,1.207226037979126,1,0.0040978929027915,0.0061934441328048,-0.0010217101080343,0,0.0071573518216609,0.0174073874950408,-0.0510502532124519,0
0.9312577247619628,-0.5958108901977539,8.513651847839355,0.1598451733589172,-0.1566971093416214,2.524198055267334,1,0.0159890092909336,0.0456414073705673,-0.0094107631593942,0,-0.000949032837525,0.0073125278577208,0.0156220430508255,0,0.4211112856864929,-0.3148839473724365,3.9576456546783447,1,0.0121467998251318,-0.012865774333477,0.1176783591508865,0,-0.0008722280035726,5.88572074775584e-05,0.0117164636030793,0,0.3375639021396637,-0.1454638242721557,1.8305822610855105,1,-0.0064184353686869,-0.0016164454864338,0.0558612197637558,0,-0.0071586803533136,-0.0172966048121452,0.0097578670829534,0
1.0114140510559082,-0.9078556895256042,9.364619255065918,0.6019573211669922,-0.3129287660121918,1.497383713722229,1,-0.329876184463501,-0.5486319661140442,2.1148521900177,1,0.0005478124949149,-0.0047908928245306,-0.0151590090245008,0,1.0834962129592896,-0.1767695546150207,2.7465147972106934,1,-0.1996902972459793,-0.0039234161376953,0.6861245036125183,1,-0.0130434045568108,-0.0092080775648355,0.0303278490900993,0,0.2884960174560547,0.1064887717366218,1.0541216135025024,1,-0.4104214310646057,0.0319559834897518,1.2301244735717771,1,-0.0100520206615328,0.0099521977826952,0.0203299056738615,0
1.3634443283081057,-1.1600745916366575,15.370235443115234,0.0221749544143676,5.167911695025396e-06,-0.0064532975666224,0,1.1073920726776123,3.2441246509552,3.0179479122161865,1,-0.5079187750816345,0.7776246070861816,2.678720235824585,1,0.2703125178813934,0.7546469569206238,0.5253378748893738,1,-0.043122049421072,-5.203957557678223,2.71901535987854,1,0.0159935187548398,0.0080249775201082,-0.0279662776738405,0,0.4786365926265716,-0.852070689201355,6.569496154785156,1,0.0525598116219043,0.1171697750687599,-0.0521669797599315,0,-0.0325843691825866,-0.0056421947665512,-0.053695261478424,0
-0.7676312327384949,0.6382050514221191,10.50230884552002,-0.0009273513569496,-0.0074303476139903,0.003520049387589,0,0.0470461286604404,0.189716637134552,0.8973191976547241,1,-1.96480393409729,0.8376628160476685,2.4948432445526123,1,0.0060758027248084,0.0168162956833839,0.249315395951271,0,0.6842696070671082,0.2946124672889709,2.694169044494629,1,-1.2200679779052734,-0.2353844493627548,3.4685652256011963,1,-0.0044601080007851,-0.009610460139811,-0.056994043290615,0,1.863335967063904,-0.3372484743595123,0.3141170740127563,0,-0.1780994683504104,-0.1109293922781944,0.4374535679817199,0
1.1887664794921875,-2.5365142822265625,5.258866310119629,0.0344073064625263,-0.0463667884469032,0.3517158627510071,0,1.552462458610535,-2.303980827331543,1.5137230157852173,1,-0.1312192529439926,0.1319669783115387,0.5448206067085266,1,-0.0045878197997808,0.0066445400007069,-0.0099349841475486,0,0.2403576076030731,-0.7237151265144348,-0.8225100040435791,0,-0.0430180467665195,0.1195553317666053,1.6999937295913696,1,0.009384948760271,-0.210240438580513,0.0361032523214817,0,0.1297984272241592,-0.0827712640166282,0.0316498726606369,0,-0.5988191962242126,0.5723930597305298,1.9133052825927732,1
1.1501648426055908,-0.5188349485397339,10.649779319763184,-0.001737168058753,-0.0092977946624159,-0.084163449704647,0,0.4830006062984466,0.4016143679618835,6.799047946929932,1,0.0003729877644218,-0.0133683644235134,-0.012615599669516,0,-0.0061572277918457,0.0144254174083471,0.0106206517666578,0,0.1524970531463623,-0.5176789164543152,-0.3771136403083801,0,-0.006571824196726,0.0447291024029254,0.5776358842849731,1,0.0054436768405139,-0.0960568636655807,0.0640493258833885,0,0.0142306294292211,-0.0130495373159646,0.0260370094329118,0,0.5090860724449158,-0.3301523327827453,3.646281957626343,1
0.8294851183891296,1.7490788698196411,15.031943321228027,1.1560091972351074,1.1080667972564695,3.4415149688720703,1,-0.0170848947018384,0.0045252721756696,-0.0177909471094608,0,-0.0029573722276836,-0.0128188719972968,-0.0175917483866214,0,0.1394615918397903,0.5215747356414795,8.916854858398438,1,-0.0007762016030028,-0.0007300016004592,-0.0899345800280571,0,-0.0130424490198493,-0.0049732984043657,0.0134247010573744,0,-0.1550984978675842,-0.0325704216957092,2.429596185684204,1,-0.2746388912200928,0.1548177748918533,0.3360556960105896,0,-0.0023875897750258,0.0111866928637027,0.0198148824274539,0
0.7394840121269226,1.1580517292022705,16.33641815185547,0.0124697797000408,0.0052632601000368,0.0159941613674163,0,0.6439380645751953,0.3346604406833648,0.2187147885560989,0,-0.2618172764778137,0.0634174048900604,0.7203293442726135,1,-0.0024861737620085,0.017342796549201,-0.0170971527695655,0,0.4574474096298218,0.8370053172111511,15.282637596130373,1,0.0205774772912263,-0.0036507076583802,0.0077294986695051,0,-0.0081961499527096,0.0799754112958908,0.0477037467062473,0,-0.12935870885849,-0.1769418120384216,0.0855017602443695,0,0.0069096023216843,0.0009796896483749,-0.0250962153077125,0
0.5987022519111633,-0.2820139527320862,14.474898338317873,0.0037981348577886,0.0045958003029227,0.0032736025750637,0,0.8711055517196655,0.3929323852062225,6.637377738952637,1,-0.0130020547658205,-0.0139409815892577,-0.0277388244867324,0,-0.0012618496548384,2.132085319317412e-05,-0.0331904403865337,0,-0.2662532925605774,-0.660190224647522,5.233674049377441,1,-0.003574127331376,0.0067501715384423,-0.0150896543636918,0,-0.0050863162614405,0.0032642427831888,0.0031890477985143,0,0.0135231297463178,-0.0097597567364573,2.689275026321411,1,-0.0005469353636726,-0.0056868698447942,-0.015872411429882,0
0.7265877723693848,-0.9842586517333984,7.190367698669434,-0.0730208307504654,0.0496188253164291,0.0074932486750185,0,0.5623583793640137,1.2584445476531982,3.0194218158721924,1,0.0044539868831634,-0.0002192726387875,-0.0178376045078039,0,0.0023474656045436,-0.0047651603817939,0.0152301900088787,0,0.0275471657514572,-0.1034807115793228,-0.2561045587062835,0,-0.0759817063808441,0.1904864460229873,2.693974018096924,1,-0.0002004125271923,-0.086309440433979,0.0915964692831039,0,-0.0020590289495885,-0.0137350382283329,0.0945948213338851,0,0.2811427414417267,-2.274298906326294,1.5419986248016355,1
1.5991629362106323,1.0456088781356812,27.479808807373047,0.5712600946426392,-0.1812200248241424,1.1808933019638062,1,-0.1942304372787475,2.02466082572937,1.4873536825180054,1,0.0029779949691146,-0.0221174079924821,-0.0048693954013288,0,-0.0107228774577379,0.0149694662541151,-0.0354463122785091,0,-0.3863250613212585,2.113227844238281,15.872458457946776,1,0.0216575115919113,-0.0005739830085076,0.0070041334256529,0,-0.0020635509863495,-0.1227952390909195,-0.0772330835461616,0,1.5666723251342771,-2.850688934326172,9.107051849365234,1,0.0299368537962436,0.0701464042067527,-0.0574039481580257,0
0.3104309737682342,0.0715585201978683,7.340861320495605,0.0072480384260416,-0.0011623324826359,-0.0220910161733627,0,0.0072924015112221,0.0183905102312564,-0.0165857039391994,0,-0.075489804148674,-0.0078707113862037,0.3570268452167511,0,-0.0082507589831948,0.009775087237358,-0.0496159940958023,0,0.7632114291191101,0.6953597068786621,2.4592301845550537,1,0.0032797765452414,0.0068216486833989,-0.0169332455843687,0,-0.0129706300795078,0.0039846072904765,0.0109935011714696,0,-0.3783567249774933,-0.6534199118614197,4.6244306564331055,1,0.0044671930372715,-0.0003200911451131,-0.0055944891646504,0
0.79835444688797,0.5931397676467896,4.087651252746582,-0.0121545819565653,-0.0068007977679371,0.0059437309391796,0,0.5369409918785095,0.3328366875648498,1.4066288471221924,1,0.0027064261958003,-0.0075346990488469,-0.0282974354922771,0,0.0047583384439349,-0.0011675601126626,0.025440789759159,0,0.6902346611022949,0.2379037886857986,1.208256483078003,1,-0.1577720046043396,-0.047226570546627,0.3590509593486786,0,0.0007794182165525,-0.007555509917438,-0.0115072764456272,0,0.3339428901672363,0.0161343179643154,-0.0229010786861181,0,-0.6010815501213074,0.076550081372261,1.145036220550537,1
0.2411663979291916,-0.4235464930534363,6.329922199249268,0.0064186039380729,0.0002453438355587,-0.0332167781889438,0,0.0231578405946493,0.0417573861777782,0.0986428037285804,0,-1.563961386680603,-0.8624362945556641,2.204173803329468,1,-0.0002967253676615,0.0027267467230558,0.0021327370777726,0,1.0084471702575684,0.5241347551345825,2.372164249420166,1,-0.1664251089096069,-0.3544732332229614,0.9030482172966005,1,0.0030973828397691,0.0004200022958684,-0.011365576647222,0,0.930267870426178,0.2263064235448837,0.7964591383934021,1,0.0004607846494764,-0.0022276092786341,-0.0021168198436498,0
1.72262442111969,-0.6584163904190063,12.418746948242188,0.4054713845252991,0.0016351052327081,0.2628645598888397,0,-1.2619396448135376,-0.5835214853286743,5.563394069671631,1,0.0030032547656446,-0.0079621961340308,-0.0257148668169975,0,1.432259440422058,0.063855156302452,0.9333855509757996,1,-1.382054090499878,-0.0835568308830261,3.1203670501708984,1,-0.0016420662868767,0.0031287432648241,-0.0283120106905698,0,2.7689778804779053,-0.027844812721014,1.926480174064636,1,-0.2443567961454391,-0.0165240131318569,0.6854189038276672,1,0.0029050391167402,-0.0076261716894805,-0.0191362965852022,0
0.9810824990272522,-1.171850562095642,18.72856712341309,0.0108884992077946,0.0069492543116211,-0.0388767831027507,0,0.0482740513980388,-1.652948975563049,10.357171058654783,1,-0.0076526873745024,-0.0029216564726084,0.0048171416856348,0,0.9198916554450988,0.5073980689048767,8.496424674987793,1,0.0003352869825903,-0.0026627089828252,-0.0569148249924182,0,0.0089011844247579,0.0010256536770612,-0.0223693400621414,0,0.007751400116831,-0.0065901293419301,-0.0132116368040442,0,-0.0075766807422041,-0.0091214086860418,0.0272896513342857,0,0.0002698360185604,-0.0129786850884556,-0.0257630292326211,0
1.1801263093948364,1.2161548137664795,9.25966453552246,-0.0011566897155717,0.0001532757596578,-0.0106144985184073,0,1.3554012775421145,-0.2968363463878631,0.6556004881858826,1,0.0131796244531869,0.0188990496098995,0.0035549693275243,0,-0.000115995942906,0.0003394937084522,-0.0246821120381355,0,0.14730304479599,-0.1099631115794181,0.107733242213726,0,-0.0581472963094711,0.3872277736663818,3.4953536987304688,1,0.0071121710352599,-0.0115026459097862,-0.0231276899576187,0,0.0107313832268118,0.0082156686112284,-0.0497567057609558,0,-0.2941811382770538,1.219621658325195,5.105603218078613,1
1.5463659763336182,-2.524922132492065,5.242154121398926,-0.3825724422931671,0.1930141448974609,-0.9475793242454528,0,3.114764928817749,-2.9474029541015625,1.8328036069869995,1,-0.5687838196754456,0.415510356426239,2.5332133769989014,1,0.0038254598621279,-0.0005537874531,0.0196700394153594,0,0.1923829764127731,-0.7323806285858154,-0.1885775029659271,0,-0.2824949324131012,0.2123662382364273,1.132077693939209,1,0.0077303210273385,0.0121156303212046,0.0684325322508812,0,-0.0164326895028352,0.039316039532423,-0.0032010374125093,0,-0.5220537781715393,0.2830927968025207,0.7953148484230042,1
0.0246582813560962,-0.1833671927452087,5.40819787979126,0.4527831077575683,-0.2340149730443954,2.493765354156494,1,0.0211824141442775,0.0230330154299736,0.003614188870415,0,-0.003794242395088,-0.0001170662872027,0.0052054207772016,0,0.2176278531551361,-0.1634891927242279,0.5165712833404541,1,0.006834503263235,0.0226973239332437,0.0078064873814582,0,0.00564735988155,-0.0047677205875515,0.0389487482607364,0,-0.0021366337314248,-0.1859791874885559,-0.0381685309112072,0,-0.6924280524253845,0.3328500092029571,2.414264917373657,1,0.0189420171082019,0.0264206249266862,-0.0338102392852306,0
1.4722609519958496,-0.1374464482069015,17.122772216796875,0.0159315150231122,-0.007550501730293,-0.0243920497596263,0,0.0054648625664412,0.0500656813383102,-0.0213131140917539,0,-0.6540489792823792,-0.531815767288208,1.03919780254364,1,0.0128258168697357,-0.0003169336123391,-0.0030163200572133,0,1.546373724937439,0.1650242507457733,14.508503913879396,1,0.0010556096676737,0.0010109596187248,-0.0277716107666492,0,0.7175659537315369,0.6063603758811951,0.6249547600746155,1,-0.1636600643396377,-0.4188403785228729,1.0350329875946045,1,-0.0092475749552249,-0.001384129631333,-0.0084226299077272,0
-0.3202829360961914,1.110560417175293,6.814922332763672,0.3641430139541626,0.5785530209541321,0.7004717588424683,1,-0.0630112737417221,-0.060965284705162,0.3180366158485412,0,-0.0013010473921895,0.0007623073179274,0.0381735675036907,0,-0.0840303152799606,0.4775866270065307,4.014634609222412,1,-0.0215224418789148,0.0178837887942791,-0.0046925717033445,0,0.0105125596746802,0.0164366550743579,-0.0416067466139793,0,-0.5052065849304199,0.0959008410573005,1.7478420734405518,1,-0.0150954937562346,-0.0070605766959488,0.0677518025040626,0,-0.0047713089734315,-0.0085371052846312,-0.0256890822201967,0
-2.9725656509399414,6.222451686859131,16.097698211669922,0.6709316968917847,-0.0112108243629336,2.3042054176330566,1,-0.6491726040840149,0.2380755543708801,0.2885063290596008,0,0.0022647201549261,-0.0194230414927005,-0.0134765664115548,0,0.9377830624580384,-0.4063185751438141,4.6011576652526855,1,-0.328267365694046,0.5808795690536499,4.21439790725708,1,0.0051756789907813,0.0086993165314197,-0.010936046950519,0,0.3413034081459045,0.9974989295005798,1.086130976676941,1,-3.941050291061402,4.804956436157227,3.669677972793579,1,-0.0115338647738099,0.0292943064123392,-0.0419652312994003,0
0.844903290271759,0.1393751353025436,16.080095291137695,0.0748944282531738,0.3394331037998199,5.212982654571533,1,-0.0861599147319793,0.1201358586549758,0.0184730160981416,0,0.0102554690092802,0.0026571094058454,0.0163478963077068,0,0.5323321223258972,-0.4349720478057861,8.625387191772461,1,-0.0063689853996038,0.0229336265474557,0.0410796664655208,0,-0.0030676694586873,-0.0023399002384394,0.0065409103408455,0,0.4133590161800384,0.0130089353770017,2.08141565322876,1,-0.055849764496088,0.0474692583084106,0.0497901141643524,0,-0.0344913341104984,0.0310491658747196,0.0280785169452428,0
0.0072649838402867,2.4143142700195312,15.238158226013184,0.0033534450922161,0.0010985120898112,-0.0178868323564529,0,-0.0070024756714701,0.014157029800117,-0.0385779701173305,0,-0.0518275499343872,1.8962552547454836,8.32702350616455,1,0.0122855678200721,-0.0123849222436547,0.0305799655616283,0,0.3108015656471252,0.3765148222446441,0.0826772302389144,0,-1.1865665912628174,-0.5462003350257874,4.250348567962647,1,-0.0008400524966418,0.0001700926222838,-0.0101432055234909,0,0.935775339603424,0.6727724671363831,2.5809128284454346,1,-0.0087142465636134,0.0119310626760125,0.0332260020077228,0
1.5713664293289185,0.2239108979701995,11.790573120117188,-0.0002009963209275,0.0071781049482524,0.0127012580633163,0,1.6497024297714231,-0.1710706055164337,4.034308910369873,1,-0.0053020478226244,-0.0038205375894904,-0.0161310918629169,0,0.0004801474860869,0.0035736779682338,-0.0350885428488254,0,1.846873164176941,-0.0855428427457809,3.284494161605835,1,-0.7246860265731812,0.2439271062612533,1.2888175249099731,1,0.012035678140819,-0.0041385167278349,-0.0049839569255709,0,0.7133058905601501,-0.246015191078186,0.9113250970840454,1,-1.9208418130874636,0.4798197150230407,2.315129041671753,1
-1.571894645690918,-1.5533548593521118,14.774581909179688,1.8638803958892824,0.2271370738744735,1.735056757926941,1,-4.487239837646484,-2.29778790473938,0.7692194581031799,1,-0.0030258859042078,-0.0263339802622795,-0.0323242992162704,0,1.56496262550354,-0.418457418680191,3.470026731491089,1,0.2066427767276764,0.4740938246250152,5.263271808624268,1,0.0157096218317747,0.0118561126291751,0.0080601712688803,0,0.0949664190411567,-0.0229634158313274,0.1950452327728271,0,-0.8214824199676514,0.4676470160484314,3.388640880584717,1,-0.0063084340654313,0.0314540155231952,-0.0224155634641647,0
-0.1312707364559173,-0.5009249448776245,14.379652976989746,-0.0069217127747833,0.0118321701884269,-0.0151913221925497,0,0.07035443931818,-0.0326840206980705,-0.0383184142410755,0,0.0902354195713996,0.2699275612831116,6.199367046356201,1,-0.0034584649838507,0.0109623707830905,-0.0009934208355844,0,0.4158743917942047,0.6972872614860535,2.371192693710327,1,-0.020292229950428,-0.0263054296374321,-0.0161428768187761,0,-0.0059288130141794,0.0934449285268783,-0.0067526716738939,0,-0.6782418489456177,-1.489307165145874,5.943841457366943,1,0.0071081276983022,-0.0360826551914215,-0.0573492087423801,0
0.9053205847740172,1.5634278059005735,10.294809341430664,0.0140740368515253,0.0035311963874846,0.0102563668042421,0,-0.005865650717169,-0.0091082276776432,-0.0064523383043706,0,0.0029785202350467,0.0095694120973348,-0.0136643638834357,0,0.0383857265114784,-0.0091306930407881,0.011156496591866,0,-0.4267626404762268,0.8184356093406677,3.0071351528167725,1,0.0050640325061976,-0.0040614637546241,-0.0085351774469017,0,0.0033880895934998,-0.0010721946600824,-0.0067315702326595,0,1.2778851985931396,0.7558174729347229,7.309322834014893,1,-0.0038267644122242,-0.000553295656573,-0.0076779667288064,0
0.8193421959877014,-1.5943301916122437,8.569256782531738,-0.0086971390992403,0.0035521525423973,0.0195046942681074,0,0.5268679857254028,-0.1041618958115577,1.5835028886795044,1,-1.1492184400558472,-0.654455304145813,2.560919761657715,1,0.0080060083419084,-0.0054135411046445,0.0322994105517864,0,1.4791072607040403,-0.042358823120594,2.393568277359009,1,-0.3069581985473633,-0.4641122817993164,1.5112558603286743,1,0.0055107865482568,0.0033777467906475,0.0114865284413099,0,0.2643483281135559,-0.3227255046367645,0.4826779365539551,0,0.0003755929647013,-0.0080327400937676,-0.0259578227996826,0
-2.435270071029663,-3.876849174499512,4.143310070037842,-0.0476139038801193,1.298651022807462e-05,-0.0208513159304857,0,4.54302978515625,-0.3205680549144745,-3.619525194168091,0,0.0279588364064693,0.0022696931846439,-0.0347869917750358,0,0.0014000599039718,-0.0013247246388345,-0.0137653248384594,0,1.254343867301941,-4.166464328765869,-4.033565998077393,0,-2.3933873176574707,-1.5292209386825562,7.629535675048828,1,-0.0034522302448749,0.0895205363631248,-0.0323069021105766,0,-0.0038954655174165,-0.0809425264596939,0.0255949813872575,0,-5.813653469085693,2.129868507385254,4.242981433868408,1
1.815949559211731,-0.8138310313224792,12.003255844116213,0.0085426187142729,0.0005494215874932,-0.01325617544353,0,0.5560398101806641,0.041756834834814,1.2614598274230957,1,-0.8974910974502563,-0.2935830354690552,2.6065821647644043,1,0.0053406618535518,0.0015742561081424,0.0104825170710682,0,1.6027427911758425,0.3527135848999023,2.158405303955078,1,-0.6081210374832153,-0.3692963421344757,2.499855756759644,1,0.0111130457371473,-0.0025811507366597,-0.0229774452745914,0,1.4537172317504885,-0.5340301990509033,2.455171585083008,1,-0.3159345388412475,-0.0109344199299812,1.0475319623947144,1
1.2464041709899902,-0.8917362689971924,13.62911605834961,-0.0373701676726341,-0.0322009399533271,0.057377815246582,0,0.5159706473350525,-0.4351778030395508,4.365232467651367,1,-0.0311954580247402,-0.0060473014600574,-0.06115747615695,0,-0.0013158391229808,0.0049988478422164,0.0022583899553865,0,0.603576123714447,0.1049991399049758,5.685717582702637,1,0.0077277477830648,-0.0049510421231389,0.0132794538512825,0,0.0130088999867439,0.0402189157903194,-0.0084341065958142,0,0.178443893790245,-0.5758234858512878,3.6196813583374015,1,-0.0024417235981673,0.0122473631054162,-0.0448399670422077,0
0.0352098308503627,-0.3278619349002838,13.956538200378418,1.1170040369033811,-0.4468109905719757,3.057175636291504,1,-0.0060228342190384,-0.001903019263409,-0.0225911159068346,0,0.0007701623253524,0.0155475214123725,0.0316576659679412,0,1.2032957077026367,-0.2298799157142639,1.3755626678466797,1,-0.7925882339477539,0.2272886633872985,1.7980448007583618,1,-0.0018172881100326,0.0020012173335999,0.0027467622421681,0,0.3415852189064026,-0.0108082210645079,0.1835723221302032,0,-1.8274719715118408,0.1112997680902481,7.531358242034912,1,0.0004548384749796,0.0054030800238251,-0.0009888772619888,0
0.5667041540145874,0.754638671875,11.116443634033203,-0.2626678049564361,0.442962110042572,2.131624460220337,1,-0.0023639970459043,0.0265039633959531,0.0079377675428986,0,0.0014139912091195,0.0051822192035615,-0.022867226973176,0,0.0040734186768531,-0.0633320733904838,0.1369524300098419,0,0.6993716359138489,0.8210271596908569,6.576242923736572,1,0.0027141501195728,0.0035449154675006,-0.0082654953002929,0,0.0031865846831351,0.0557357259094715,0.0085230404511094,0,0.2281345129013061,-0.8328353762626648,1.195751667022705,1,-0.1071583181619644,0.2958500683307647,1.0905437469482422,1
1.0624947547912598,-0.5248260498046875,6.888584136962891,-0.0036936446558684,-0.0034583318047225,-0.0009630406857468,0,0.1163841262459755,-0.1682964265346527,1.57565176486969,1,-0.0013592450413852,0.0042325402610003,-0.0608841851353645,0,0.00071517447941,-0.0013410240644589,-0.0269962474703788,0,0.5562067031860352,0.0825996100902557,2.4354755878448486,1,-0.082176461815834,-0.0368291623890399,0.1289320737123489,0,0.0048110620118677,-0.0016707149334251,-0.0042955414392054,0,0.4735821187496185,-0.3955993056297302,2.8444695472717285,1,-0.0019750460051,-0.0044632041826844,-0.0028057741001248,0
0.0500431358814239,-0.1527615636587143,4.606193542480469,0.008929256349802,0.0043787714093923,-0.0272095687687397,0,-0.0784755125641822,-0.2675088942050934,1.221752047538757,1,0.0043439897708594,0.0016346137272194,-0.0331499390304088,0,0.2166143506765365,0.1385889947414398,0.9030272364616394,1,-0.0162308439612388,0.0034136690665036,0.0119723966345191,0,0.0176747757941484,0.0033013608772307,-0.0127342408522963,0,-0.0927885845303535,-0.0360558442771434,2.5387580394744877,1,-0.0173363648355007,-0.0024861465208232,0.0087831206619739,0,0.0073120626620948,0.0019719016272574,-0.0050056646578013,0
0.6976134181022644,-0.4061049222946167,6.8960676193237305,0.0123845534399151,0.0002561305300332,-0.0238400194793939,0,-0.429877907037735,-0.5363314151763916,3.5911800861358643,1,-0.0004166274738963,-0.0094261979684233,-0.0084767434746027,0,0.8221467137336731,0.1466057896614074,0.4428304433822632,0,-0.1217552199959755,-0.0562729611992836,1.118225336074829,1,-0.0039690495468676,0.0065135764889419,-0.0111269131302833,0,0.5926272869110107,0.0991661697626113,0.5534806847572327,1,-0.1710434257984161,-0.057809792459011,1.2511311769485474,1,-0.0024829721078276,0.001193786971271,-0.0173358507454395,0
0.0297995917499065,0.0437064617872238,0.2696411311626434,0.0126315439119935,-0.0034367982298135,-0.0453702956438064,0,-0.0113268299028277,-0.0298651102930307,0.0954719334840774,0,-0.0074563599191606,0.0081653222441673,0.0064397221431136,0,0.0161520633846521,0.0048023839481174,0.0261990036815404,0,-0.0050409184768795,-0.0165962632745504,-0.0172299686819314,0,-0.0107035059481859,-0.011007584631443,0.0258771870285272,0,0.0106071857735514,0.0874742269515991,0.1621429920196533,0,0.021059675142169,-0.0093322712928056,-0.0146755222231149,0,0.0038767391815781,0.0135025540366768,0.0307861100882291,0
-0.1042754054069519,0.7038399577140808,17.557392120361328,0.0226544570177793,0.0503839775919914,-0.0457992814481258,0,0.6379314661026001,-0.2177165746688842,2.552633047103882,1,-0.7027344107627869,-0.1231930553913116,1.096152424812317,1,-0.005917424801737,-2.3820628484827463e-05,-0.0057820081710815,0,-0.1155711412429809,-1.967861533164978,4.711116313934326,1,0.0263042245060205,-0.0003262418031226,0.0232953689992427,0,0.011986150406301,-0.0578518286347389,-0.0595192983746528,0,-0.0125117972493171,2.982260704040528,9.363466262817385,1,0.033583041280508,0.0381681434810161,-0.0781705752015113,0
0.2727377414703369,0.6910661458969116,10.390342712402344,0.2398671656847,0.0288744922727346,0.7951849102973938,1,-0.001099000335671,0.0040580355562269,-0.0099024483934044,0,0.0016682022251188,-0.0018293629400432,-0.0295793712139129,0,0.0021494152024388,0.0040061739273369,0.0169431138783693,0,-0.601840078830719,0.7129834890365601,1.539581298828125,1,-0.0026573371142148,-0.0088188936933875,0.0144789153710007,0,0.0062074558809399,-0.0065596802160143,-0.0176333952695131,0,0.6303479671478271,-0.0299858320504426,8.130932807922363,1,-0.0019060699269175,-0.0116623016074299,-0.0496637970209121,0
0.2775835990905761,0.1754127442836761,4.234967708587647,-0.003555451054126,0.0078383991494774,0.01143997348845,0,0.0027915418613702,-0.0162432566285133,0.0248236302286386,0,0.0028662136755883,-0.00875402148813,-0.0278203580528497,0,0.005936587229371,-0.0016399035230278,0.0175205003470182,0,-0.046023666858673,0.1014282032847404,1.1421759128570557,1,-0.0159921310842037,-0.0047773700207471,-0.0038861997891217,0,0.0030278943013399,0.0006810440681874,-0.00534906424582,0,0.332588791847229,0.0936066657304763,3.080815553665161,1,-0.0040561752393841,0.0032729851081967,-0.0047522420063614,0
0.4639466106891632,-0.9437697529792786,6.17186450958252,-0.0275144111365079,-0.0179451089352369,-0.0083502680063247,0,0.0788010358810424,-0.3776366412639618,3.082009077072144,1,-0.0282822083681821,-0.0221747830510139,-0.0298940930515527,0,-0.001897968002595,0.0102144945412874,-0.0242561995983123,0,0.0382345505058765,-0.2559392154216766,1.6891131401062012,1,0.0035268822684884,-0.0087566850706934,-0.0067321760579943,0,0.0018914442043751,-0.1172202304005622,-0.0369488820433616,0,0.3791638612747192,-0.2122591137886047,1.509019374847412,1,0.0200234241783618,0.0579475872218608,-0.0020958681125193,0
-0.0493491552770137,-0.4088185131549835,8.372217178344727,0.4460107684135437,-0.3076440989971161,3.09794020652771,1,-0.0303727071732282,-0.0694512650370597,0.0130635444074869,0,-0.0001885967212729,0.0267068110406398,-0.0493948347866535,0,0.4304389655590057,-0.2928444445133209,1.6525713205337524,1,-0.1297739148139953,0.1751971393823623,1.2732875347137451,1,0.0053675826638937,0.0002859392261598,-0.0155016938224434,0,0.0021245307289063,-0.1365925222635269,0.0246086735278368,0,-0.7547510266304016,0.1922081708908081,2.408733367919922,1,-0.0182047747075557,0.0033157658763229,-0.0330908372998237,0
2.336127996444702,-0.1478572487831115,16.32866668701172,-0.0042860484682023,0.0059829084202647,-0.0152883557602763,0,-0.0514117367565631,0.1766552180051803,-0.042371928691864,0,0.0049195801839232,-0.0130833620205521,-0.0114614656195044,0,0.0036343075335025,0.0029092680197209,-0.0300487168133258,0,1.1074262857437134,0.605954110622406,10.187012672424316,1,0.0145539948716759,0.0005937168025411,0.0097084119915962,0,-0.000422454526415,-0.0070119821466505,-0.0363998487591743,0,1.263132929801941,-0.9957148432731628,6.33176851272583,1,-0.0014187467750161,0.0758577585220336,-0.06425292044878,0
-2.192009925842285,-0.5524656176567078,6.137353897094727,0.0369701236486434,0.0044462238438427,-0.0084319645538926,0,0.4842679798603058,-0.0387023016810417,0.3471835851669311,0,-1.0700000524520874,0.4227400422096252,0.8633526563644409,1,0.00125379988458,-0.0103500923141837,0.0020675116684287,0,0.5529274344444275,0.125043123960495,1.758504867553711,1,-1.0138503313064575,-0.0404973775148391,1.7452625036239624,1,0.0053025088272988,0.1037377789616584,0.0065003321506083,0,0.4935564696788788,-0.0487556122243404,0.0959324091672897,0,-1.6824378967285156,-1.0701274871826172,1.3269822597503662,1
1.0953941345214844,-2.085094451904297,7.237738609313965,0.0537677444517612,-0.0506451316177845,0.0282282140105962,0,0.2786312997341156,0.5293194055557251,0.912666916847229,1,-0.0601307787001132,-0.0633864104747772,0.0219951402395963,0,-0.0038522980175912,0.0073370686732232,-0.0328738689422607,0,-0.3490236699581146,-4.360861778259277,5.01452112197876,1,0.0121849430724978,0.0209706798195838,0.0398744493722915,0,1.3447178602218628,1.7419536113739014,1.214231252670288,1,-0.0900740399956703,0.0315625183284282,0.0311215836554765,0,-0.0908268466591835,0.0586558543145656,0.0079730842262506,0
-0.1437674909830093,1.4739304780960083,16.917308807373047,-0.0184427015483379,-0.0018759059021249,-0.0065164156258106,0,-0.0066954949870705,0.0076064988970756,-0.0247601065784692,0,-0.0627088546752929,-0.0049615306779742,0.0480007901787757,0,0.002255723811686,-0.0012398326070979,-0.0177892055362463,0,1.3873051404953003,1.3061590194702148,4.233778953552246,1,0.0014425785047933,-0.0133820809423923,-0.0115546779707074,0,0.0035158614628016,-0.0023103894200176,-0.012717654928565,0,-1.43610680103302,0.1906591802835464,12.756277084350586,1,-0.0143329054117202,-0.0067244954407215,-0.0474092997610569,0
0.0277591925114393,-0.4851041436195373,7.854039669036865,-0.1733809858560562,-0.266507625579834,2.8738551139831543,1,0.0883246883749961,0.3861510753631592,-0.2528136372566223,0,-0.001131712575443,0.0127597097307443,-0.0057272333651781,0,-0.006821836810559,-0.0262877214699983,0.0682136490941047,0,-0.0245231837034225,0.0576352104544639,0.1969026774168014,0,-0.0010113654425367,-0.0059107658453285,-0.0023629907518625,0,0.011436453089118,0.0239608027040958,0.0715711712837219,0,0.1043096035718917,-0.6461194157600403,4.910300254821777,1,0.0305575262755155,-0.0207853764295578,-0.0058995629660785,0
1.3829940557479858,-0.1171283423900604,18.20559310913086,0.1001719310879707,0.5002908706665039,1.7169069051742554,1,-0.0246270447969436,0.0616950429975986,0.031653244048357,0,0.0244334265589714,0.0091667706146836,0.0434200838208198,0,0.3318264484405517,-0.8456283211708069,12.446566581726074,1,-0.0243047103285789,-0.0238419808447361,-0.0991631895303726,0,-0.0169320777058601,0.0013975325273349,-0.0141242612153291,0,0.9808310866355896,0.2010077238082885,3.929551362991333,1,0.0167425386607646,-0.0026497745420783,0.0887525007128715,0,-0.0051475716754794,-0.0185662005096673,0.0620279386639595,0
0.1171252727508544,-0.8896146416664124,9.923826217651367,-0.0164929516613483,0.0037137921899557,0.0139070618897676,0,0.0061368970200419,0.0434848070144653,-0.0052321506664156,0,-2.716681957244873,-1.1993221044540403,3.862278699874878,1,-0.0020602215081453,-0.0017169576603919,-0.0147657003253698,0,1.1439378261566162,0.5059114098548889,1.7945067882537842,1,-1.122075438499451,-0.7462934255599976,2.4591715335845947,1,-0.0018026888137683,-0.001435169018805,-0.0098767513409256,0,2.832806348800659,0.5162134170532227,1.8641427755355835,1,-0.0066425795666873,-0.0101704141125082,-0.040305245667696,0
2.0490939617156982,1.3623923063278198,16.235820770263672,0.0038243201561272,0.0046176714822649,0.0031688823364675,0,0.5233897566795349,1.1412489414215088,3.453126907348633,1,0.0013811624376103,0.0069631244987249,-0.0135266771540045,0,-0.0056884358637034,0.0050109871663153,-0.0459832586348056,0,1.1250444650650024,0.5450618863105774,10.15449047088623,1,0.0040424917824566,-0.0074042342603206,-0.0177797377109527,0,0.0007765416521579,-0.0019836467690765,-0.002362759783864,0,0.3999348878860473,-0.3358497023582458,2.706098794937134,1,-0.0036112710367888,0.004727242514491,-0.0014120674459263,0
-1.5350921154022217,0.0550622344017028,13.87149429321289,-0.0167640578001737,-0.0018204599618911,0.0016487562097609,0,0.1421956419944763,0.1603398323059082,1.4573631286621094,1,-2.354117155075073,0.959696352481842,2.675588846206665,1,0.0361024998128414,0.037708580493927,0.5519278645515442,1,0.75910484790802,0.3292356431484222,3.143965721130371,1,-1.1819156408309937,-0.2073617279529571,4.06659746170044,1,-0.000730027386453,-0.0009583212085999,-0.0189598761498928,0,1.7787971496582031,-0.5028294324874878,0.7452167868614197,1,-0.6977654099464417,-0.7189483046531677,1.2481462955474854,1
1.8187748193740845,-0.6392714977264404,15.616443634033203,0.0373022221028804,-0.0124927917495369,0.0574928671121597,0,0.0007547043496742,0.018097685649991,0.0010775447590276,0,0.8933735489845276,1.4590657949447632,2.0937507152557373,1,-0.0019165554549545,0.0114595592021942,-0.0139883961528539,0,1.2583632469177246,1.869300365447998,6.522030353546143,1,-0.907762885093689,-3.4439735412597656,0.8114126920700073,1,0.0060932636260986,0.042356863617897,-0.0288457367569208,0,0.529260516166687,-0.6858089566230774,6.232833862304688,1,0.0033067201729863,0.1027235090732574,-0.0593205019831657,0
-0.3336704969406128,-2.141500949859619,9.875069618225098,-0.0062768110074102,0.0118822148069739,-0.073815993964672,0,0.6357427835464478,-1.4294060468673706,2.441232681274414,1,-0.2852036952972412,0.0530064180493354,0.3408617079257965,0,-0.0004159914096817,-6.33063682471402e-05,-0.0058375522494316,0,0.1450561285018921,-0.4308362305164337,-0.4715576171875,0,-0.3985911607742309,-0.3560331165790558,1.774670124053955,1,-0.0124024245887994,0.0116209285333752,-0.0495991595089435,0,0.0088467691093683,-0.0076615489087998,-0.0007713505183346,0,-0.4204261302947998,0.005989845842123,5.919887065887451,1
-0.1467449069023132,1.2174911499023438,19.82015419006348,1.4096715450286863,-0.2446867078542709,1.314035177230835,1,0.0014878985239192,0.1422481387853622,2.000664472579956,1,0.0829146280884742,-0.0424976535141468,0.4975831508636474,0,0.4969141185283661,-0.1286663562059402,1.0294551849365234,1,-0.328281044960022,0.7578241229057312,8.430965423583984,1,0.2094772160053253,0.161983385682106,2.9537692070007324,1,-0.0136069925501942,0.0252200253307819,-0.0782436951994896,0,-2.0682053565979004,0.4849822223186493,3.2786662578582764,1,0.0628831908106803,0.0610839687287807,0.393259733915329,0
0.2577475309371948,-0.3960863649845123,5.697136878967285,0.019735699519515,-0.0097406199201941,-0.0349289514124393,0,0.9602717161178588,-0.1456939131021499,0.5433613061904907,1,-0.0173023603856563,-0.0027283111121505,0.0970144569873809,0,0.0132928323000669,-0.0057594291865825,0.0241985842585563,0,1.1878423690795898,-0.6721620559692383,1.9113733768463133,1,-0.1970792114734649,0.0583674497902393,0.8155468106269836,1,0.0061084260232746,-0.0095136659219861,-0.0130899064242839,0,0.0955123603343963,-0.0932302772998809,0.2230616509914398,0,-1.8106342554092407,0.4843744933605194,2.1305997371673584,1
0.7584125995635986,-1.0236766338348389,9.075835227966309,0.0162653531879186,-0.0058108842931687,-0.0203615557402372,0,-0.0852676257491111,-1.022890567779541,7.2403693199157715,1,0.005285907536745,-0.0021813074126839,0.0211246218532323,0,0.0081526925787329,0.0041006985120475,-0.0417776927351951,0,-0.1986426413059234,-0.1276114284992218,0.2968146204948425,0,-0.0043488391675055,0.0013810113305225,0.0086215334013104,0,1.0199241638183594,0.124997042119503,1.5226460695266724,1,-0.0031166961416602,-0.0050671393983066,0.0351208634674549,0,0.0001602726988494,0.009405855089426,0.0132769579067826,0
0.9567710161209106,0.73961341381073,1.6077769994735718,0.0017694631824269,-0.0013558942591771,-0.0278897155076265,0,0.854622483253479,0.2928134500980377,-0.0250457357615232,0,-0.0084067480638623,-0.0020518628880381,-0.0204862914979457,0,-0.0049448818899691,0.0052031716331839,-0.0313645042479038,0,0.6903557777404785,0.1709784716367721,0.892659604549408,1,-0.3207666277885437,0.164342924952507,0.3798739016056061,0,-0.0022791365627199,0.0017010737210512,-0.0044417935423552,0,0.146733745932579,0.0186799634248018,0.045670598745346,0,-0.400313138961792,0.0893020927906036,0.3988008499145508,0
1.2460854053497314,1.2619857788085938,6.826937198638916,0.0120171783491969,0.0114558609202504,-0.0460342206060886,0,0.1278825253248214,0.115809217095375,0.4121194779872894,0,-1.0689531564712524,-0.0090341558679938,1.1020547151565552,1,0.0167384669184684,0.0125333992764353,0.3162294030189514,0,1.1701195240020752,0.7029402256011963,2.1150808334350586,1,-0.572206437587738,0.1858905553817749,1.8301966190338133,1,0.0176398213952779,-0.0031781604047864,-0.0145001066848635,0,1.5420788526535034,0.2268576025962829,1.0882970094680786,1,0.0007687141769565,0.018711119890213,0.0234938934445381,0
3.2015645503997803,0.077581763267517,15.702518463134766,0.0120059205219149,0.0011057060910388,-0.0199298318475484,0,0.0031388183124363,0.00977792032063,-0.0328764505684375,0,0.5390974283218384,-0.3047430217266083,7.757688045501709,1,-0.0015256713377311,0.0015245205722749,-0.0111049767583608,0,0.7981135249137878,0.3818424940109253,0.4761799573898315,0,-0.6796966791152954,-0.7987563610076904,2.79493260383606,1,0.0025637673679739,-0.0075028375722467,-0.0230260733515024,0,2.5274081230163574,0.7914261817932129,4.7600998878479,1,0.0004591580072883,0.0029072156175971,0.0005572050577029,0
3.1545376777648926,3.9384067058563232,30.92756080627441,0.5535150766372681,0.1357169151306152,8.60299301147461,1,-0.0099276220425963,0.0650730654597282,-0.0858257859945297,0,0.0013766911579295,-0.0055203172378242,-0.0262703225016593,0,0.0099192671477794,-0.0197688844054937,-0.009043832309544,0,1.411034107208252,6.339184761047363,17.74737548828125,1,0.012248040176928,0.0065180165693163,0.0082419104874134,0,-0.001207172172144,0.0939507633447647,-0.035730630159378,0,1.1775007247924805,-2.7342023849487305,4.72171688079834,1,7.83279538154602e-05,0.057454839348793,0.0041031837463378,0
0.0208705160766839,-0.0138084143400192,14.41851806640625,0.6992611289024353,0.0683450624346733,1.499354124069214,1,-3.3811051845550537,0.9108843207359314,3.064087152481079,1,-0.002885554684326,-0.0127570144832134,-0.0478194579482078,0,2.099515199661255,0.0919734016060829,2.9284231662750244,1,-0.0223309211432933,-0.3914796710014343,4.766242504119873,1,0.0152489468455314,-0.0019429358653724,-0.0022113290615379,0,0.787831723690033,-0.2615289688110351,0.7576685547828674,1,-0.1722361147403717,-0.4333409368991852,1.5057415962219238,1,-0.0024287314154207,0.0160382837057113,-0.0529668740928173,0
1.5734888315200806,0.854297399520874,20.189537048339844,1.3207117319107056,-0.6716303825378418,1.6700412034988403,1,-0.1518100053071975,0.5749853849411011,0.3843662142753601,0,0.0032028649002313,-0.0287569686770439,0.0351773835718631,0,-0.0037607729900628,-0.0028784673195332,-0.0134497862309217,0,0.4960107505321502,1.9365776777267456,11.898741722106934,1,0.0144665827974677,0.0121854990720748,0.0154120912775397,0,0.0080076148733496,0.1207241490483284,0.052937489002943,0,-0.1258065849542617,-1.152929663658142,6.166277885437012,1,0.012466718442738,0.0660201013088226,-0.0199653599411249,0
1.0175087451934814,-2.5163354873657227,15.30876922607422,-0.0232640262693166,-0.0011291530681774,-0.0049264254048466,0,0.6247805953025818,-0.7943892478942871,7.12136697769165,1,-0.0055289324373006,-0.0308061596006155,-0.0172209106385707,0,0.0019014159915968,0.005184818059206,-0.014002276584506,0,0.3180828094482422,-1.038947582244873,5.802992820739746,1,0.0113555211573839,0.0129049746319651,-0.0116523597389459,0,0.0030999595765024,-0.0529545992612838,0.0441116392612457,0,0.1234902516007423,-0.6767566800117493,2.44245719909668,1,-0.036408819258213,0.0605581179261207,-0.0543576851487159,0
0.96082603931427,-0.6829458475112915,10.173188209533691,0.0001483002997701,-0.0046420227736234,-0.0121710039675235,0,-0.0048952265642583,0.0055906418710947,0.0098695587366819,0,-1.2360918521881104,-1.0890793800354004,4.021738529205322,1,0.0075534265488386,0.0061073745600879,0.0351031459867954,0,1.370425820350647,0.5557883977890015,2.014404773712158,1,-0.1083337441086769,-0.1635604202747345,2.224454641342163,1,0.0142525490373373,-0.0016587432473897,-0.0341535173356533,0,1.096638321876526,0.252052903175354,0.9166887998580932,1,-0.178871601819992,-0.243544653058052,0.9972535967826844,1
1.007308006286621,-0.3357341289520263,11.95310401916504,0.2171885818243026,0.2631046175956726,0.6540826559066772,1,-2.3299801349639893,-1.0861467123031616,4.949104309082031,1,-0.002196647459641,0.0071459496393799,-0.0255700424313545,0,1.9850212335586548,0.8086075782775879,2.114729881286621,1,-0.387524664402008,-0.3670033812522888,1.8527458906173704,1,0.0129349837079644,-0.0047593885101377,9.580786718288437e-05,0,1.5705523490905762,0.1121038794517517,2.00056266784668,1,-0.069083534181118,-0.0814661681652069,0.4002219140529632,0,0.0103957531973719,0.0126795209944248,0.0071316449902951,0
1.2182555198669434,-0.2286789119243621,9.124984741210938,0.0066122692078351,0.0046685365960001,-0.0071837147697806,0,1.1647237539291382,0.3833335041999817,5.432520389556885,1,-0.0127286072820425,0.0007101282244548,0.0354408137500286,0,0.0043143229559063,-0.0024771194439381,0.0373442806303501,0,0.039308026432991,-0.550169825553894,3.20032286643982,1,-0.0161960441619157,-0.0125372326001524,0.0263499356806278,0,0.0546820387244224,0.0059208157472312,0.043028637766838,0,-0.0263158902525901,-0.0629279538989067,0.3595116436481476,0,0.0038556235376745,0.0048002293333411,-0.0023503410629928,0
-1.772022366523743,0.4924061596393585,9.342365264892578,0.0141451070085167,0.0531988069415092,0.2075448781251907,0,-2.792431116104126,-0.3638170063495636,0.8061848282814026,1,0.0012225236278027,-0.0044504851102828,0.0089565329253673,0,0.3495420217514038,0.2934446632862091,4.737945556640625,1,-0.0441961698234081,-0.0316100157797336,0.0461358428001403,0,0.0021870085038244,-0.0019729402847588,0.018059778958559,0,0.6456747651100159,0.5144636631011963,3.600332498550415,1,0.0349523089826107,0.0199194084852933,-0.0698556154966354,0,0.0168809723109006,0.0132300490513443,-0.0129381818696856,0
0.4542465507984161,-0.2842302918434143,22.585418701171875,0.0039699166081845,0.0007677859393879,-0.0083204712718725,0,0.504347026348114,0.0269171707332134,6.011261463165283,1,0.0003716479986906,-0.001891175052151,-0.0527989231050014,0,-0.0031227045692503,0.0008937451639212,-0.0301957074552774,0,0.1663786321878433,0.0119351632893085,8.759271621704102,1,-0.0044819735921919,-0.0115945590659976,0.015374494716525,0,0.0054771718569099,-0.0020268859807401,-0.0099056446924805,0,-0.2232377678155899,-0.3068639934062958,7.919440746307373,1,0.0045445812866091,-0.0023675477132201,-0.0187090542167425,0
0.3332395255565643,-0.0682856440544128,4.597523212432861,-0.0139728877693414,0.0055592735297977,0.0118276886641979,0,0.0003112161357421,0.0065247910097241,-0.0178938619792461,0,0.0019461631309241,-0.1469961553812027,1.3648895025253296,1,-0.003791689639911,0.0005137714324519,-0.0520898923277854,0,0.3203893005847931,0.2813929319381714,0.7378092408180237,1,0.0212542861700058,0.0067383642308413,-0.0237735379487276,0,0.0018881083233281,-0.0059647867456078,-0.0220656506717205,0,-0.0004353722324594,-0.2249875217676162,2.594801425933838,1,0.0056504146195948,0.0089336819946765,0.004018384963274,0
0.8900403380393982,-1.4665648937225342,11.59135913848877,-0.0007190686301328,-0.0039661098271608,-0.0048524104058742,0,0.0809772238135337,-0.0198070555925369,0.1153390780091285,0,-0.0019953760784119,0.0023748492822051,-0.0497003644704818,0,-0.0053337239660322,0.0021643498912453,-0.0871580243110656,0,0.929753601551056,-0.3088850975036621,4.447415828704834,1,0.0099047860130667,0.0082841655239462,-0.0502425022423267,0,-0.0004597435763571,-0.0028575733304023,-0.0131234033033251,0,-0.1209641396999359,-1.1467136144638062,7.215948581695557,1,-0.0011231526732444,0.0028412314131855,0.017731862142682,0
-0.8834764361381531,0.8099867105484009,11.130121231079102,0.0219471864402294,0.0148058580234646,-0.0151130352169275,0,-1.9972082376480105,-0.2190968096256256,3.4299662113189697,1,0.000209408783121,-0.0197423193603754,0.0150283873081207,0,0.8531211614608765,0.2537352740764618,2.6069886684417725,1,-0.2686748802661896,-0.0284602530300617,1.1363792419433594,1,0.0076865823939442,0.0044994377531111,0.0154126891866326,0,0.4929452538490295,0.7364242672920227,3.972973346710205,1,-0.0056704403832554,0.08625278621912,-0.0354459285736084,0,0.012167440727353,-0.0184315219521522,0.003932389896363,0
1.5835736989974976,-0.7765093445777893,7.512369155883789,-0.0329649560153484,0.010157136246562,-0.0836426392197609,0,0.0136855076998472,0.0971601083874702,-0.0759189948439598,0,0.1888635158538818,0.0814575850963592,1.820902705192566,1,-0.0104737943038344,0.0173682402819395,-0.0394405387341976,0,0.8451824188232422,-1.05659019947052,3.816844701766968,1,0.011352565139532,-0.0052001485601067,0.0115917092189192,0,0.5301928520202637,-0.1513390690088272,2.1971113681793213,1,0.0259952452033758,0.2339194416999817,-0.0773164108395576,0,0.0117403622716665,-0.0034424148034304,-0.057763148099184,0
2.006830930709839,-0.3867422044277191,10.486482620239258,1.0977468490600586,-0.1646115928888321,0.5333748459815979,1,-0.211905300617218,-0.0814868956804275,1.3458569049835205,1,-0.0206223856657743,0.0161575470119714,0.3830495178699493,0,1.2206017971038818,-0.1353973746299743,0.5207091569900513,1,-0.5316408276557922,0.0510990247130394,2.5709786415100098,1,-0.0310931969434022,0.2048020213842392,1.8297944068908687,1,1.3781057596206665,-0.0737441331148147,0.0571317821741104,0,-0.866060733795166,-0.1914670914411544,2.8588249683380127,1,-0.0283010434359312,-0.012093705125153,0.3867623209953308,0
0.8619940280914307,-0.117471843957901,6.406710624694824,-0.0511108748614788,0.0009124691132456,-0.0722922310233116,0,-0.0511704757809639,-0.0176387075334787,-0.0385881662368774,0,0.000633782648947,-0.0076761716045439,-0.0544515587389469,0,-0.0018503917381167,-0.0031717100646346,-0.017328729853034,0,-0.0042235325090587,0.0479863286018371,-0.0223737955093383,0,0.3989715278148651,0.079367496073246,3.0230958461761475,1,0.0115463994443416,0.0277421995997428,0.016786003485322,0,0.5429023504257202,-0.2781071662902832,3.640511751174927,1,0.016295202076435,0.033113420009613,-0.0686481446027755,0
-1.0137357711791992,-0.3472498655319214,2.171748876571656,0.0035833539441227,-0.0192959476262331,0.0093254698440432,0,-0.0140474904328584,0.013811906799674,-0.03899896889925,0,-1.0084824562072754,0.2628213763236999,0.9196244478225708,1,0.0013740794965997,0.0025225423742085,-0.0168379768729209,0,0.1676608175039291,0.0560986660420894,0.2518439292907715,0,-0.9361385703086852,-0.5266584157943726,0.2425558269023895,0,-0.0298532042652368,-0.0213747806847095,0.004015133716166,0,0.9617219567298888,-0.20444917678833,0.7173717617988586,1,-0.1595541834831237,0.0892739966511726,0.0828491672873497,0
0.3731158971786499,-0.3221597671508789,7.590846061706543,-0.0088175712153315,-0.0016202327096834,-0.0132871503010392,0,0.0017999153351411,0.010032613761723,-0.0254563931375741,0,0.2893403172492981,-0.1643652915954589,3.982956647872925,1,-0.0012688441202044,0.0046339365653693,-0.0108248377218842,0,-0.0097343381494283,0.0100056091323494,-0.0571774654090404,0,-0.3667733371257782,-0.4572518169879913,2.146550416946411,1,0.0033897897228598,0.0026076429057866,-0.0122361462563276,0,0.4623925685882568,0.262602686882019,1.5767189264297483,1,0.0027873516082763,0.0111951222643256,0.0036020684055984,0
0.399881511926651,0.5807644724845886,18.584911346435547,1.3175848722457886,-0.1593775898218155,2.123905897140503,1,-0.4120507538318634,0.415131539106369,2.1846811771392822,1,0.0625772252678871,-0.0368210449814796,0.4676273167133331,0,0.7346271872520447,0.0489451736211776,1.1764910221099854,1,-0.3953577280044555,0.3258841931819916,6.355103015899658,1,0.1999173760414123,0.1606401205062866,2.9358248710632324,1,-0.0092462804168462,-0.0368378199636936,-0.0815330669283866,0,-1.1380990743637085,-0.1618583500385284,2.9581222534179688,1,0.0399285815656185,0.0250582303851842,0.4646892547607422,0
0.8820787072181702,-0.694134533405304,11.82733154296875,-0.0054968325421214,0.0072852168232202,0.0114470226690173,0,-0.495157241821289,-0.8720614314079285,7.373414516448975,1,-0.0024921542499214,-0.0035749955568462,-0.03700552880764,0,0.2152830213308334,0.1108608320355415,0.1411194503307342,0,-0.6201829314231873,-0.3764620423316955,2.8049798011779785,1,-0.01051224488765,-0.0097801303490996,0.0156601592898368,0,1.8033603429794312,0.4585914015769958,1.5147520303726196,1,0.0049115931615233,-0.0022773025557398,0.0278339013457298,0,-0.007634874433279,-0.0067160986363887,-0.0248700063675642,0
0.510236382484436,0.049612745642662,7.476175308227539,-0.0682923570275306,-0.0398025028407573,0.0720494911074638,0,-0.0995491743087768,0.0672711655497551,0.0275001972913742,0,-0.1046139448881149,0.04495245590806,0.4728791713714599,0,-0.012409284710884,0.0113836647942662,0.0009023425518535,0,-0.011059739626944,0.0413666367530822,-0.0266067404299974,0,0.3685310781002044,0.0193488933145999,4.556142807006836,1,-0.0558145530521869,0.0270380638539791,-0.0044598886743187,0,-0.049733467400074,0.0540867894887924,-0.1062749400734901,0,0.5431777834892273,-0.1760324239730835,2.4840428829193115,1
0.082163393497467,-0.0897542834281921,6.702569961547852,-0.0275476556271314,0.0078482953831553,0.0503236353397369,0,0.1520105004310608,-0.0787464752793312,0.2541874051094055,0,0.0037956163287162,-0.022597661241889,-0.1079726293683052,0,0.0033407970331609,-0.0019796846900135,0.0253517050296068,0,0.0164514388889074,0.0210354533046484,-0.0722556933760643,0,-0.5816695094108582,0.3782291114330292,3.1742465496063232,1,0.0024919523857533,-0.0015759579837322,-0.0138534186407923,0,-0.0121586509048938,-0.000102033780422,0.0160156097263097,0,0.5254489183425903,-0.3918653130531311,3.3765265941619877,1
-1.74688982963562,-0.4599232077598572,9.336204528808594,0.0319191478192806,0.0086285099387168,-0.0086702490225434,0,0.4334089457988739,-0.0494336001574993,0.8148407340049744,1,-0.7742451429367065,0.390096366405487,1.0813970565795898,1,0.0110899964347481,0.0019944629166275,0.2218126356601715,0,0.6436589956283569,0.0356658026576042,2.409433364868164,1,-1.002081274986267,0.3776096701622009,3.058063745498657,1,0.0025933543220162,-0.0520202778279781,-0.0022109514102339,0,0.5565006732940674,-0.3090893626213074,0.5556311011314392,1,-1.649734616279602,-0.8633747696876526,1.2059065103530884,1
1.0706865787506104,0.9433677792549132,17.758068084716797,-1.3757582902908323,1.758157730102539,5.255171298980713,1,-0.0100905243307352,0.0062323487363755,-0.0244097411632537,0,0.0038379039615392,-0.0051192748360335,0.0229180268943309,0,0.809955358505249,-0.5460076332092285,2.2808780670166016,1,-0.6069900989532471,1.0660585165023804,1.388867735862732,1,-0.0053910249844193,0.0013870281400159,-0.0182419214397668,0,0.0049340412952005,-0.0006317103398032,-0.0190748143941164,0,2.24845814704895,-1.3423031568527222,8.862716674804688,1,0.0017309614922851,0.0055939555168151,0.0092425486072897,0
0.7953519225120544,0.1425153017044067,10.457093238830566,0.02949108928442,-0.1568177640438079,1.2014188766479492,1,-0.003880848409608,0.0334365107119083,-0.1007869094610214,0,0.0020993498619645,-0.0196565631777048,0.0117164514958858,0,-0.0092532308772206,0.0193757433444261,-0.0227550733834505,0,0.4477982223033905,0.536846935749054,8.769659042358398,1,0.0074791321530938,-0.0013040602207183,0.0209152735769748,0,-0.0091319233179092,-0.0255162809044122,-0.0337482020258903,0,0.2985948324203491,-0.3536531925201416,0.3846488296985626,0,0.0321552976965904,0.109803982079029,0.2260249108076095,0
0.1641689985990524,0.1726358234882354,11.107437133789062,0.0524151064455509,0.0112014189362525,-0.0533702373504638,0,-0.5786853432655334,-0.7928836941719055,4.5010294914245605,1,0.0021685296669602,-0.0078083625994622,0.0210503637790679,0,0.5981670618057251,-0.1204433292150497,2.9858615398406982,1,0.0423843301832675,0.1364021748304367,1.354987859725952,1,0.0056086275726556,0.0032140132971107,0.0039219008758664,0,0.0119454339146614,0.969688892364502,2.221265316009521,1,0.0359806306660175,-0.0378610081970691,0.0742641165852546,0,-0.005815400276333,0.0111257210373878,-0.0015740217640995,0
0.6248851418495178,-1.146299123764038,13.152945518493652,0.0032639626879245,-0.0053858757019042,0.027738906443119,0,1.1769511699676514,0.2117902487516403,1.3805575370788574,1,-2.514507293701172,-2.0039336681365967,3.8700671195983887,1,0.0029600008856505,-0.0006456952542066,-0.0097017074003815,0,2.167663097381592,0.2429105043411255,4.083524227142334,1,-0.3127264082431793,-0.017817048355937,1.5756622552871704,1,-0.0051903626881539,0.002202387433499,0.0034826195333153,0,0.4048432111740112,0.228378489613533,1.3455761671066284,1,-0.298372209072113,0.1962013989686966,0.8760373592376709,1
1.1380289793014526,-1.0778173208236694,16.0693416595459,0.2036657035350799,0.1798478811979293,0.1103068068623542,0,-0.3016480207443237,-1.0174747705459597,4.540090560913086,1,-0.0052785612642765,0.0064772674813866,-0.0005260246689431,0,1.3804869651794434,-0.2831937372684479,10.348942756652832,1,0.0020766372326761,-0.0066925208084285,0.0044572995975613,0,-0.0004496216133702,0.0017474334454163,-0.0053025861270725,0,-0.1368368268013,0.0360215194523334,1.0860087871551514,1,-0.002284605288878,-0.0010261633433401,0.0068158768117427,0,-0.0017025378765538,0.0064756288193166,-0.0214508697390556,0
2.450689554214477,-0.3163046836853027,21.77027702331543,-0.0456717796623706,-0.0585241988301277,0.0963850021362304,0,0.6751754283905029,-0.8233895897865295,6.223065376281738,1,0.005636790767312,-0.0036537281703203,-0.0593032538890838,0,-0.0104935122653841,0.007342632394284,0.0038779380265623,0,1.0041340589523315,0.1110387817025184,8.791838645935059,1,0.0273936036974191,0.0140903387218713,0.0309908632189035,0,-0.0554661005735397,0.1292207837104797,-0.0286392159759998,0,0.816103458404541,0.2673614621162414,6.712134838104248,1,0.0338775217533111,0.0402087494730949,-7.467470277333632e-05,0
-0.1793828606605529,-0.2469269633293151,5.221062660217285,0.0257253274321556,-0.0237028151750564,-0.0322781763970851,0,-0.0632503703236579,-0.0745155811309814,2.138954162597656,1,-0.0052523640915751,-0.0051970174536108,0.023040672764182,0,0.0033936032559722,-0.005689154844731,0.0013652173802256,0,-0.0866028144955635,-0.0792925506830215,2.5089035034179688,1,-0.0144942225888371,0.0154624972492456,-0.0266552157700061,0,-4.162428740528412e-05,-0.0043723885901272,-0.0063584893941879,0,-0.0348334535956382,-0.0740953534841537,0.6098088622093201,1,-0.0040269559249281,0.0044753812253475,0.0042821373790502,0
0.0821319445967674,2.050388097763061,23.9400691986084,0.879011332988739,0.0785836279392242,1.2197765111923218,1,-0.524925172328949,0.5775184035301208,3.021306276321411,1,0.1498815566301345,-0.0248246025294065,1.0058270692825315,1,0.6998372673988342,0.1500277519226074,1.4742119312286377,1,-0.4921136200428009,0.7461232542991638,9.185973167419434,1,0.2668818533420563,0.1492705047130584,3.807307004928589,1,0.0297285020351409,0.0450429208576679,0.0031621707603335,0,-1.043405055999756,0.2121240496635437,3.3961329460144043,1,0.1172352656722068,0.1165222972631454,0.8263721466064453,1
0.2494837790727615,0.2333509176969528,6.584751605987549,0.0040450161322951,-0.0037946761585772,0.0107547538354992,0,-0.0122114373371005,0.0051919501274824,-0.0462475679814815,0,0.1785344630479812,-0.001201570034027,1.2619518041610718,1,-0.005328906700015,0.0019136096816509,-0.0461839772760868,0,0.368618369102478,0.3556894361972809,3.4317703247070312,1,-0.0025080675259232,-0.010437180288136,0.0086676208302378,0,-0.0017085274448618,0.0024655249435454,-0.0032318343874067,0,-0.2855027019977569,-0.128466323018074,1.9424290657043457,1,0.0055455351248383,0.0119901653379201,0.0248418767005205,0
-2.300844669342041,-0.0655105113983154,15.935920715332031,-0.0077398675493896,-0.0035113089252263,0.0227849911898374,0,1.862026691436768,-1.404273509979248,4.059988975524902,1,-0.3821814358234405,0.324942946434021,0.5082410573959351,1,0.0076384390704333,-0.0086981859058141,0.0101228700950741,0,0.7975243926048279,-1.0254976749420166,1.318764567375183,1,-0.7971381545066833,0.5809960961341858,2.834972858428955,1,0.0031177066266536,0.0259393453598022,0.0546190701425075,0,0.0623819269239902,-0.0884164124727249,0.1840099543333053,0,-3.8464741706848153,1.533008337020874,6.942416667938232,1
-0.1041550114750862,0.3861340582370758,10.475868225097656,-0.0047138473019003,0.0076955901458859,0.0298351477831602,0,1.3274801969528198,0.1319765001535415,2.089232921600342,1,0.0008979857666417,-0.0203219521790742,-0.0614373311400413,0,-0.0006308833835646,0.0022926919627934,0.0057729706168174,0,-0.0732078179717063,0.0708077028393745,4.198132038116455,1,-0.0206841938197612,-0.0088180052116513,0.0174963697791099,0,-0.0073996256105601,-0.0031389512587338,0.0105578526854515,0,-1.3210214376449585,0.2119679749011993,4.217716217041016,1,-0.0048752524890005,-0.006327471230179,-0.0314377844333648,0
-0.1062792241573333,-0.8688490390777588,12.466669082641602,-1.0893393754959106,-0.4526155889034271,9.177724838256836,1,0.003768294584006,-0.0053302245214581,0.0136638535186648,0,-0.0011578536359593,0.0136898821219801,0.016464052721858,0,1.0156742334365845,-0.4111570715904236,3.17157244682312,1,0.0046225520782172,-0.0170510672032833,0.049760166555643,0,-0.0005236734868958,-0.0003169400442857,-0.0207421816885471,0,-0.0032468612771481,0.0009743807604536,-0.0068445694632828,0,-0.0384525805711746,0.0072922268882393,0.068358764052391,0,0.0023760362528264,-0.004334645345807,-0.0032887172419577,0
2.1901423931121826,1.722383975982666,13.840428352355955,0.0086089987307786,-6.294089689617977e-05,-0.0636139437556266,0,0.8846086263656616,0.7238664031028748,5.588987350463867,1,-0.0127154029905796,-0.0009019801509566,-0.0010450477711856,0,0.1634503602981567,0.0237785242497921,0.1274321228265762,0,0.888325572013855,0.8494349122047424,7.115272998809815,1,0.0038374823052436,0.0067094373516738,0.0007799146696925,0,0.4426104724407196,0.3143052756786346,0.2753788828849792,0,-0.2009233087301254,-0.2362591028213501,0.800467848777771,1,0.0123396227136254,0.0415134690701961,-0.0032323321793228,0
1.136382222175598,-0.0274125337600708,15.843742370605469,1.9491608142852783,-0.3669021725654602,2.503166913986206,1,-1.2391211986541748,1.6900709867477417,2.201723098754883,1,0.0025674263015389,-0.0072647565975785,-0.0276308264583349,0,1.805115818977356,-1.2497304677963257,2.9292590618133545,1,0.1177898347377777,0.1853613555431366,5.331024646759033,1,0.0127538135275244,-0.0026892069727182,-0.0074682775884866,0,-0.0352549627423286,-0.0136572495102882,0.0920034050941467,0,-1.4686665534973145,-0.2941103279590606,2.875539779663086,1,-0.0079625928774476,0.0315093398094177,-0.0538768358528614,0
-0.4210118651390075,-1.1692966222763062,7.018321990966797,-0.0042153992690145,-0.0043594753369688,0.0106542073190212,0,-0.2230486273765564,-0.6422379016876221,4.858448505401611,1,-0.0005439451197162,-0.0148234330117702,-0.016801493242383,0,0.0026976556982845,-0.0047260541468858,-0.0144908018410205,0,0.032858807593584,-0.7129528522491455,1.7169405221939087,1,0.0079683428630232,0.0159533061087131,0.0011735099833458,0,-0.0101229883730411,0.0115863448008894,-0.0591892749071121,0,-0.0784191265702247,-0.0470164567232131,0.0092015946283936,0,-0.1481865793466568,0.229280024766922,0.5123853087425232,1
-3.1052308082580566,-5.680777549743652,9.334595680236816,-0.0458774715662002,0.0121893445029854,-0.0498839542269706,0,2.2178800106048584,-2.287403345108032,1.0553624629974363,1,-0.315373808145523,0.4019266366958618,1.4074143171310425,1,-0.0001717544073471,0.006159602664411,-0.0395847298204898,0,0.5709607005119324,-1.0775408744812012,-0.8811491131782532,0,-0.9823887944221495,0.0745631530880928,4.209893226623535,1,0.0146444672718644,0.1262367665767669,0.0795231610536575,0,0.0797404274344444,-0.1711945980787277,0.0848249047994613,0,-4.644644737243652,-2.765714406967163,3.4681951999664307,1
-1.0422406196594238,-2.787259578704834,7.86619234085083,0.0234114453196525,0.0183196775615215,0.0200166143476963,0,0.1716608256101608,-1.2009178400039673,6.24852991104126,1,-0.0059904744848608,-0.0119964350014925,-0.0280496589839458,0,0.0043856012634932,-0.0077960509806871,-0.0057812985032796,0,0.3111815154552459,-0.4887516498565674,-0.467536449432373,0,0.010542775504291,0.0066370023414492,0.0051795025356113,0,-0.0054953335784375,-0.1412598043680191,-0.0318159870803356,0,-0.0810084119439125,0.1376327723264694,-0.0218859072774648,0,-1.4709285497665403,-1.0991272926330566,2.14753532409668,1
0.0080051571130752,4.2151594161987305,18.31705474853516,0.0397744625806808,0.0200693700462579,0.0093827294185757,0,0.2628274261951446,-0.1377991884946823,1.9373464584350584,1,-2.6274654865264893,3.627108335494995,5.401667594909668,1,0.0712600126862526,0.0134324897080659,0.8024013638496399,1,0.925203025341034,0.3306968808174133,3.2634449005126958,1,-1.2445738315582275,0.0066176052205264,5.664677619934082,1,0.0103170657530426,0.030061611905694,0.0763460025191307,0,2.703132390975952,0.1358056515455246,0.3771593570709228,0,-0.1324698776006698,0.189166784286499,0.7846302390098572,1
1.820960521697998,1.562506079673767,15.676265716552734,0.3047312796115875,-0.1785356849431991,0.5451611876487732,1,0.0241135507822036,1.9620349407196045,2.410738706588745,1,0.0013181779067963,-0.0213819704949855,-0.0445214249193668,0,-0.0006148684769868,-0.0018795924261212,-0.0079903844743967,0,0.8474701642990112,-1.7903162240982056,6.1204705238342285,1,0.0223786421120166,0.0179479271173477,0.0058426768518984,0,-0.0017974688671529,0.0171841718256473,-0.0096069918945431,0,0.0679918676614761,-0.0398511961102485,0.0114536397159099,0,0.5553691387176514,1.5973037481307983,6.644718170166016,1
0.0767836943268776,0.0075035439804196,5.303869724273682,-0.0439145863056182,0.0474222525954246,1.7612733840942385,1,-0.0796149745583534,0.0838115140795707,0.0436279252171516,0,0.0082326466217637,-0.0312200598418712,-0.0208378806710243,0,0.3382757306098938,-0.4050915539264679,1.4652222394943235,1,-0.0119007686153054,0.0321456268429756,0.0260037537664175,0,0.01188949868083,0.0014716937439516,0.004826339893043,0,-0.0007828518864698,0.1322623938322067,-0.0313644371926784,0,-0.1682481616735458,0.1344585865736007,2.1251699924468994,1,0.0228471513837575,0.0122430967167019,-0.0700517371296882,0
-1.301350712776184,2.065829038619995,16.018518447875977,0.2096224576234817,0.3026235997676849,0.317397266626358,0,-2.1959457397460938,-1.3214659690856934,4.673311710357666,1,-0.0040833977982401,-0.0078458711504936,-0.035011176019907,0,0.7514154314994812,0.2662564814090729,5.780557632446289,1,-0.1077449396252632,0.2189530879259109,0.9586374759674072,1,0.0048380624502897,0.0081441877409815,0.0018309652805328,0,0.0384147092700004,2.640902042388916,4.3597331047058105,1,-0.0043517793528735,-0.0357166230678558,-0.0244734268635511,0,0.0064844219014048,-0.0060219871811568,-0.0134652592241764,0
3.415862798690796,2.9011826515197754,20.780567169189453,1.512838363647461,0.4031245708465576,3.535929679870605,1,0.0429685488343238,-0.0264654029160738,-0.1016838178038597,0,0.0047018229961395,0.0263785924762487,0.0022328663617372,0,0.032210074365139,-0.0026375707238912,0.0154233919456601,0,0.8826467990875244,1.83191978931427,8.931868553161621,1,0.005362132564187,0.0018145671347156,-0.0144574232399463,0,0.0081392852589488,0.070376768708229,0.0510896258056163,0,0.931730329990387,0.5263854265213013,8.45014762878418,1,-0.0047346171922981,0.0702858790755271,-0.0899819582700729,0
0.6003374457359314,2.74777626991272,16.972204208374023,0.0616095140576362,0.0195097420364618,0.0142918583005666,0,0.0011412206804379,0.0030555815901607,-0.0059163449332118,0,0.0015965035418048,-0.0014153737574815,0.0006520453607663,0,0.2218164652585983,1.8788652420043943,8.636323928833008,1,-0.0052438788115978,0.022200234234333,-0.0141948508098721,0,0.0013478965265676,-0.0004150678869336,0.0101859215646982,0,0.8556218147277832,-1.3641211986541748,1.240807294845581,1,-0.5457430481910706,2.1773383617401123,7.08368730545044,1,0.0081909904256463,0.0127588016912341,0.0063658342696726,0
1.3112642765045166,-0.5217370390892029,16.129234313964844,0.0283023230731487,-0.0055121090263128,-0.0305098965764045,0,3.0890791416168213,-1.5264263153076172,8.464055061340332,1,-0.0030005262233316,-0.0071596056222915,-0.0657587200403213,0,0.0050774235278368,-0.0023506658617407,0.0357833579182624,0,0.8250402808189392,-0.5969201326370239,2.568026542663574,1,-0.5411059260368347,0.7478703260421753,1.7102465629577637,1,0.0006799200200475,-0.0035492023453116,-0.0083313854411244,0,-0.0488128662109375,0.0138014992699027,-0.0103927245363593,0,-2.0439956188201904,0.8585092425346375,3.466114997863769,1
-0.2716633677482605,-0.8464276790618896,9.22403049468994,1.0156492862734012e-05,0.0059668589383363,0.0102045182138681,0,-0.0124218435958027,0.0136621594429016,-0.0447235666215419,0,0.4729947745800018,-0.0540612190961837,3.050083637237549,1,0.0013169212033972,-0.0025083757936954,0.0052781850099563,0,0.0054190745577216,0.011636309325695,-0.0663408786058425,0,-0.4659867882728576,-0.7522319555282593,5.302340030670166,1,0.0007050515851005,-0.0005137012340128,-0.0117686670273542,0,-0.0015123743796721,-0.0152484532445669,0.0269542466849088,0,-0.2721883654594421,-0.0531293079257011,0.9520021677017212,1
-0.8832027912139893,0.098521314561367,5.259377956390381,-0.0030880151316523,0.0036026006564497,-0.0013182699913159,0,-0.0001226504682563,-0.0673687681555748,-0.0822536572813987,0,-0.7431176900863647,0.6426305174827576,2.7262566089630127,1,-0.0010197730734944,-0.006627473514527,0.0003737503720913,0,0.1294900178909301,0.0854014307260513,0.4592722058296203,0,-1.0036698579788208,-0.2600365579128265,0.921239972114563,1,-0.002082769293338,-0.0041955588385462,0.05767073482275,0,0.8122576475143433,-0.2920720875263214,1.1472923755645752,1,-0.0718497037887573,-0.0028127231635153,0.0308440867811441,0
1.844328761100769,0.2644015550613403,14.576996803283691,0.3149568140506744,-0.0217282380908727,0.4613459706306457,0,-0.6530518531799316,-0.2510047554969787,2.584566116333008,1,-0.0073902620933949,0.0189889352768659,0.897142231464386,1,0.992271900177002,0.0493048839271068,1.122307300567627,1,-0.6733283400535583,0.0613226369023323,3.5362355709075928,1,-0.0382833331823349,0.2749890685081482,2.7076332569122314,1,2.0269010066986084,0.1542272269725799,0.0713228434324264,0,-0.0856520533561706,-0.0302042365074157,2.172098159790039,1,-0.0320950262248516,0.0085060447454452,1.0243467092514038,1
-1.3247532844543457,-0.5615635514259338,16.310338973999023,0.6658360362052917,0.0841753631830215,1.1206635236740112,1,-3.719959974288941,-1.355797529220581,7.008200168609619,1,-0.0043206284753978,-0.0179429464042186,-0.025167778134346,0,1.844221591949463,0.3549649715423584,3.359853744506836,1,-0.7370608448982239,-0.1280991733074188,2.81351089477539,1,-0.0102810403332114,-0.0043758335523307,0.0114381406456232,0,0.8805710077285767,0.517315149307251,1.2456881999969482,1,-0.2433538138866424,-0.0223564766347408,0.7513348460197449,1,-0.0004056809411849,0.0105528607964515,0.0248167049139738,0
0.8123722076416016,-0.1529948115348816,16.60369873046875,0.0134845003485679,0.000814305327367,-0.0294400695711374,0,-0.0109844869002699,0.0192317869514226,-0.0667717233300209,0,0.640100359916687,0.1248769909143447,10.434703826904297,1,-0.0106800161302089,-0.0004966204287484,-0.0839493051171302,0,0.4149709045886993,0.35698401927948,0.5574405193328857,1,-0.4327545464038849,-0.5638845562934875,3.19014310836792,1,-0.0023290386889129,0.0025603636167943,0.0067311427555978,0,0.2138354182243347,-0.0858069509267807,2.5911269187927246,1,-0.0132708679884672,-0.0072741443291306,0.0037142701912671,0
0.9522865414619446,-0.1387274712324142,7.872991561889648,1.582762598991394,-0.6692647933959961,1.742949604988098,1,0.1041005402803421,-0.0527651160955429,-0.0651242062449455,0,-0.0003824170853476,0.0041829729452729,0.0548296459019184,0,0.0057039242237806,-0.0021979128941893,-0.0442364774644374,0,0.1670924574136734,0.4361213147640228,2.577223777770996,1,-0.0159112978726625,0.0116791017353534,0.0056451372802257,0,0.0046106041409075,0.0057002212852239,0.0363234840333461,0,-0.8441624641418457,0.0396883562207222,3.592803239822388,1,-0.0515274219214916,0.0881283730268478,-0.0274228081107139,0
1.042965531349182,1.244070053100586,20.1809139251709,0.5442703366279602,-0.1386565119028091,3.929495096206665,1,-0.4656491875648498,0.5877538919448853,0.2491326183080673,0,0.0023317895829677,-0.0035759562160819,-0.0088497288525104,0,0.8964948058128357,-0.2959159612655639,2.1591930389404297,1,0.0325107835233211,0.5108070969581604,6.133334636688232,1,0.0165690649300813,-0.0039698672480881,0.0224509015679359,0,0.0754216760396957,-0.0322081930935382,-0.1335775405168533,0,-0.0711071416735649,0.5934975743293762,7.842981338500977,1,0.0121234701946377,0.0263379923999309,-0.0132463816553354,0
1.261789083480835,-0.7006258964538574,17.163646697998047,0.3933632671833038,0.3551803529262543,-0.7276390194892883,0,-0.4261199533939361,1.141758680343628,2.70119857788086,1,-9.024105384014548e-05,0.0080418847501277,-0.0066867358982563,0,-0.002865086775273,-0.0032580136321485,-0.0045572505332529,0,0.2436336278915405,-0.1420969516038894,9.742236137390137,1,0.0138089880347251,0.0099347699433565,0.0498520210385322,0,0.0056471796706318,0.0340675115585327,-0.0217767227441072,0,1.0107253789901731,-2.152074098587036,5.472851276397705,1,0.0236859321594238,0.0478199422359466,-0.0418323799967765,0
0.2815736830234527,4.551919460296631,8.050400733947754,0.013349893502891,-0.0468853712081909,0.0206190980970859,0,-0.7434183955192566,1.4411894083023071,2.4208297729492188,1,-0.0018935445696115,-0.0101716313511133,-0.038734920322895,0,0.2129414528608322,0.1451558917760849,0.4051518738269806,0,-0.0631513372063636,0.2588191330432892,3.41959547996521,1,0.095778651535511,0.0622117295861244,1.2174084186553955,1,0.8019828796386719,2.8099920749664307,0.3493545353412628,0,-0.0445973984897136,-0.1247728765010833,0.306913673877716,0,0.0105814542621374,0.0163813829421997,-0.0507372543215751,0
0.616719663143158,-0.2326950877904892,21.513961791992188,0.0040413965471088,0.0092836776748299,-0.0083114774897694,0,0.9407477974891664,0.6889817118644714,8.612807273864746,1,-0.0103580439463257,0.0033319385256618,-0.0043821632862091,0,0.0015583728672936,0.0039916737005114,-0.0342749021947383,0,0.0786017179489135,-0.5743967890739441,5.870654582977295,1,-0.0108975283801555,-0.0017351292772218,-0.0165329296141862,0,0.3134629130363464,0.0137770008295774,0.2961503863334656,0,-0.701060950756073,-0.3834609389305115,6.791167736053467,1,0.0006240432267077,0.0075317826122045,0.0066840020008385,0
1.0436038970947266,-0.9988949298858644,12.015314102172852,0.2704918384552002,-0.0295948050916194,0.1678087264299392,0,-0.750191330909729,-0.7301847338676453,4.991313457489014,1,0.0044357012957334,0.0104472683742642,-0.0548424050211906,0,1.42820143699646,-0.0357188284397125,0.5622093081474304,1,-0.1496693789958953,-0.0589404590427875,2.011908531188965,1,0.0169336050748825,6.274952465901151e-05,-0.0089735006913542,0,0.8215239644050598,-0.0459470599889755,0.6484857797622681,1,-0.5966513156890869,-0.1088229715824127,3.6965720653533936,1,-0.0014706081710755,-0.0001960891968337,0.0008328761905431,0
1.7995094060897827,-0.1941270232200622,11.681824684143066,2.371413469314575,-0.7744129300117493,3.689624786376953,1,0.00941679533571,0.0118254357948899,0.0045227441005408,0,-0.0015633223811164,0.0034494223073124,0.0366759821772575,0,1.6030478477478027,-0.3642902374267578,1.8575170040130613,1,-0.9161431789398192,0.5873851776123047,1.5076661109924316,1,-0.0042148572392761,-0.0066757472231984,0.0097787277773022,0,0.71603924036026,-0.2725945711135864,1.18605375289917,1,-1.9780633449554443,0.623711347579956,3.398101568222046,1,-0.0004233487998135,-0.0025249149184674,-0.0081171626225113,0
1.4000407457351685,-2.211722612380981,12.52370262145996,0.0184004195034503,-0.0079430025070905,-0.0095065739005804,0,0.931563138961792,-0.031152855604887,4.917847633361816,1,0.0328831560909748,-0.0085862455889582,0.0321964956820011,0,0.0084748100489377,9.958085865946488e-05,-0.025135738775134,0,0.2059727907180786,-2.2248764038085938,7.691532135009766,1,-0.0003416894760448,0.0092808809131383,0.0057393782772123,0,0.1018018648028373,0.0784985199570655,-0.060715451836586,0,0.0884422287344932,-0.0539766289293766,-0.0497334189713001,0,0.0128440167754888,0.0269333478063344,0.0214782617986202,0
0.3424447774887085,-0.005569711793214,3.652356386184693,0.1713622808456421,0.053040575236082,0.8272750377655029,1,-0.0087505979463458,-0.0001572258188389,-0.0257235206663608,0,0.0001235049276147,-0.0027258216869086,0.0025399918667972,0,0.6859159469604492,0.0057833795435726,0.2413454502820968,0,-0.1238219588994979,-0.0620571300387382,0.6579344868659973,1,0.0135695775970816,-0.0062725148163735,0.1810477375984192,0,0.5402867794036865,0.0257976986467838,0.1097015663981437,0,-0.9321579337120056,-0.0150245884433388,1.6773325204849243,1,-0.0040828557685017,-0.0039540841244161,-0.019096914678812,0
0.8103882670402527,-0.8214031457901001,11.10103702545166,0.0109052620828151,-0.0029565973673015,-0.0307260304689407,0,1.0399742126464844,-0.030673686414957,7.019223213195801,1,0.004468326922506,-0.0033846003934741,-0.040406797081232,0,0.0054370290599763,-0.0011219021398574,0.0390562079846859,0,-0.6295152902603149,-0.9280222058296204,3.4192347526550293,1,-0.0036356893833726,0.0157985743135213,-0.0290702730417251,0,0.3880311250686645,0.1229104101657867,0.7442682385444641,1,-0.0049085346981883,0.0078031066805124,-0.0119613483548164,0,-0.000368150853319,-0.0017562023131176,-0.0085816979408264,0
-0.0328149423003196,-2.3976171016693115,20.32330703735352,-0.0034734306391328,-0.0027410248294472,0.029269253835082,0,-0.1038952320814132,-0.009693507105112,0.4721246659755707,0,-0.0001587586739333,-0.0099285747855901,-0.003145424183458,0,0.0089911660179495,-0.0069185271859169,0.0085715027526021,0,-1.764081358909607,-0.3012157678604126,14.129910469055176,1,-0.0113277416676282,-0.0113051794469356,-0.0236144755035638,0,0.002433058572933,-0.0082445628941059,-0.0074241543188691,0,1.840552568435669,-2.039193153381348,5.740359306335449,1,-0.0018552151741459,-0.0083767715841531,-0.0227433182299137,0
-3.4769649505615234,-10.672463417053224,13.791383743286133,-0.0356883853673934,-0.0068289036862552,0.0129706980660557,0,2.3230650424957275,-2.1466429233551025,2.587036371231079,1,-0.2152093350887298,0.2704621851444244,0.5971057415008545,1,-0.00239097350277,-0.001866562757641,-0.0002795328618958,0,0.9559369087219238,-0.7169011831283569,0.8226920366287231,1,-1.2009726762771606,-0.2932594120502472,3.626452445983887,1,-0.0010764045873656,0.0475466847419738,0.0606010518968105,0,0.9908857345581056,-0.36966472864151,0.7443709969520569,1,-6.291514873504639,-7.455308437347412,5.340432643890381,1
0.7237254977226257,0.0912739038467407,9.070918083190918,-0.007663027383387,0.0105841271579265,-0.0291209053248167,0,0.266896903514862,0.2357015013694763,0.2793720960617065,0,-0.0622112974524498,-0.0376068800687789,0.3599291145801544,0,-0.0006474605179391,0.003110947785899,-0.0058540757745504,0,0.4416082799434662,-0.2850159704685211,7.453909873962402,1,0.0089780343696475,0.0093394657596945,-0.0110663194209337,0,0.0712198168039321,0.1896579563617706,1.1063820123672483,1,0.002813009545207,-0.0500965341925621,-0.076037086546421,0,0.0027313153259456,0.0155992861837148,-0.0065968395210802,0
0.2503206729888916,-2.5004615783691406,19.911556243896484,0.056059293448925,0.0186564493924379,0.0847907811403274,0,2.2014272212982178,-1.431287407875061,7.480540752410889,1,-0.003266115905717,-0.0172535441815853,-0.0543972589075565,0,-0.001657607848756,-0.0038433477748185,-0.0150930527597665,0,0.5653680562973022,-0.695034384727478,0.5008384585380554,1,-0.7870912551879883,0.2280591428279876,3.8389596939086914,1,-0.0034214209299534,-0.0781619250774383,-0.0097727803513407,0,0.0197944473475217,-0.0034881138708442,-0.0448180399835109,0,-1.7968919277191162,-0.5181085467338562,8.130508422851562,1
1.2210845947265625,0.6670352220535278,15.483572959899902,0.6818242073059082,-0.0748290792107582,0.928685188293457,1,-0.2230918705463409,0.8642219305038452,0.8868826627731323,1,0.0026476080529391,0.0059528076089918,-0.0152665367349982,0,0.2885754406452179,-0.0367478169500827,0.251714140176773,0,0.3895781636238098,0.7057478427886963,7.8339104652404785,1,0.0186812561005353,-0.0033149558585137,-0.0107529358938336,0,-0.0106900483369827,0.0897813588380813,-0.0994273126125335,0,0.0782862529158592,-0.8504955768585205,5.779590606689453,1,-0.0047263815067708,-0.0332813374698162,-0.0717637911438942,0
0.6649218201637268,0.4545283019542694,8.398392677307129,0.0002452891494613,-0.0518857985734939,0.0173064731061458,0,0.320160448551178,-0.1030071303248405,4.344294548034668,1,0.0005353390588425,-0.0118501773104071,-0.0407047756016254,0,0.5449033379554749,0.6265203356742859,3.7094225883483887,1,0.0113417357206344,-0.0149324657395482,0.0210044663399457,0,0.0046367570757865,0.0100224474444985,0.0523696579039096,0,-0.0376161895692348,-0.0854918211698532,0.1958255618810653,0,-0.0874904617667198,0.0524801239371299,0.0570429153740406,0,-0.0917944684624672,0.0326727665960788,0.0418303497135639,0
0.3151468336582184,0.0347037687897682,7.478139400482178,0.0131077002733945,-0.0047266818583011,-0.034908577799797,0,0.0086327698081731,-0.0076353419572114,0.0022499184124171,0,0.0007761344895698,0.0011374556925147,-0.0190197452902793,0,-0.003292293054983,0.0034192351158708,-0.0396212711930274,0,0.296438455581665,0.0604673027992248,7.561010837554932,1,-0.0087871560826897,-2.037379636021797e-05,-0.0170205030590295,0,-0.0033549421932548,0.0001863905345089,-0.0048961620777845,0,0.0084854662418365,-0.0183489862829446,0.0439925491809845,0,0.0031406972557306,0.0002247688680654,-0.0136473374441266,0
0.4978691041469574,-1.0477168560028076,18.238035202026367,-0.0326322466135025,-0.0066734431311488,0.0135150551795959,0,0.4449251294136047,-0.2912048697471618,4.430400848388672,1,0.001004172838293,0.0096236141398549,-0.0275769867002964,0,-0.0103620998561382,0.0114428931847214,-0.0104326754808425,0,0.3385239243507385,0.0091066919267177,6.734724521636963,1,0.0212445948272943,-0.0012098414590582,0.026080846786499,0,-0.0160534959286451,0.0887739434838295,0.0602911226451396,0,-0.2223072052001953,-0.8929427266120911,7.089064598083496,1,-0.0264736600220203,0.0253668576478958,-0.0780311450362205,0
0.6983488202095032,-0.988588571548462,11.870327949523926,0.1130572184920311,0.0274517182260751,0.1301133036613464,0,-2.0402073860168457,-0.8792824745178223,5.514194011688232,1,-0.0021266052499413,0.0014168943744152,-0.0157381817698478,0,1.1867421865463257,0.1566057354211807,1.2901506423950195,1,-0.9273729920387268,-0.3384248614311218,2.029165506362915,1,-0.0194380786269903,-0.0046017095446586,-0.0054471907205879,0,2.388838768005371,0.0529922172427177,2.9397759437561035,1,0.0003767419257201,-0.0015292086172848,0.0008946058806031,0,-0.001521136960946,-0.0032168892212212,-0.0127803049981594,0
0.1774187535047531,-0.2012703865766525,4.88092565536499,0.0049333591014146,-0.0016186807770282,-0.0428928956389427,0,0.002127964515239,0.0245950296521186,-0.0358948335051536,0,0.1225427910685539,-0.0513481944799423,0.73338782787323,1,-0.0007629896863363,0.0012687025591731,0.0108010303229093,0,0.2865552604198456,0.2628176212310791,0.8232450485229492,1,-8.343197259819135e-05,-0.0125822406262159,0.0233127325773239,0,-0.0031986904796212,-0.000601268839091,0.0054915454238653,0,-0.2304580807685852,-0.4182983338832855,3.377746105194092,1,-0.0042374245822429,-0.0055030328221619,-0.0142705850303173,0
-2.505265235900879,1.0969996452331543,14.3468017578125,0.0134890647605061,0.0061232768930494,-0.0098817823454737,0,1.0000544786453247,-1.5281037092208862,2.260248899459839,1,-0.5427978038787842,0.3693397939205169,1.6402490139007568,1,-0.0055223596282303,0.0027121095918118,-0.0310551598668098,0,0.6157035231590271,-0.9082605242729188,0.4546894431114197,0,-0.5634636878967285,0.1757482588291168,2.236342430114746,1,-0.0011842673411592,0.0350016392767429,-0.0077189235016703,0,0.2901929020881653,-0.5142223834991455,0.6392024159431458,1,-3.311737060546875,3.4586610794067383,7.164725303649902,1
0.9775235652923584,0.091010645031929,6.101996898651123,-0.0009891295339912,0.0014716373989358,0.0016207392327487,0,0.5054131746292114,0.1773396432399749,1.3633968830108645,1,-0.3164812624454498,-0.0068558794446289,0.3523584604263305,0,-0.0008154704119078,0.0025514208246022,-0.0191207658499479,0,0.858300507068634,0.0513422563672065,2.197987794876098,1,-0.5318224430084229,-0.0514955781400203,0.8886982202529907,1,-0.0022984468378126,0.0023786954116076,0.0015603501815348,0,0.5403215885162354,-0.0855221971869468,1.2265236377716064,1,-0.074104905128479,-0.000199371643248,0.0889716148376464,0
1.9048740863800049,0.1176400035619735,14.881370544433594,0.0051227821968495,0.0074501144699752,-0.0116347484290599,0,0.2573867738246918,0.2650127112865448,0.303688496351242,0,-2.1836743354797363,-1.1189286708831787,4.910205841064453,1,-0.0077173276804387,0.0112222591415047,-0.0627878308296203,0,2.346322536468506,1.4161866903305054,2.8672404289245605,1,-0.3172140717506408,-0.2958801090717315,1.7482802867889404,1,0.0076848305761814,0.0027055570390075,0.0021083753090351,0,1.8054907321929927,-0.1680604517459869,5.099191188812256,1,-0.0085278116166591,-0.0020680837333202,0.0250775814056396,0
2.777740955352783,-0.4690467715263366,11.18716526031494,0.9348707795143129,0.1026292219758033,1.8558188676834104,1,-0.4002466797828674,-0.2811722159385681,2.0538039207458496,1,-7.335803820751607e-05,0.003471803618595,-0.0360822118818759,0,2.356165647506714,-0.3157512843608856,2.4927282333374023,1,-0.5755271315574646,0.0579671673476696,2.030514478683472,1,0.0070876767858862,0.0061796470545232,-0.0211445111781358,0,0.7599304914474487,0.1244746968150138,1.5972601175308228,1,-0.3046855330467224,-0.1783045977354049,1.226425051689148,1,0.0002192343672504,0.0114588029682636,-0.0121582178398966,0
0.7047412395477295,0.4493334293365478,10.06075668334961,0.3209174275398254,0.0408479422330856,0.2134146839380264,0,-0.784587562084198,-0.2664704918861389,4.818610191345215,1,0.003606901038438,0.0051815435290336,-0.0470904521644115,0,0.9453459978103638,0.2258349061012268,0.5144042372703552,1,-0.3822218179702759,0.0846887603402137,2.1443207263946533,1,0.0184980519115924,0.0015936903655529,-0.0192219316959381,0,0.7691917419433594,0.1191622987389564,0.6466675996780396,1,-0.1858581006526947,0.2382090389728546,1.7961939573287964,1,-0.0001514171744929,0.0002857302024494,-0.0065429541282355,0
0.7385928630828857,2.133148193359375,14.346835136413574,-0.0092159006744623,0.00601477175951,0.0058194627054035,0,0.4763069450855255,-0.0463567487895488,0.5702323913574219,1,-0.5036379098892212,-0.3317224085330963,1.97887122631073,1,0.0018285679398104,-0.0021027820184826,-0.0162221752107143,0,1.3747209310531616,0.2550499737262726,1.8694814443588257,1,-0.3210836946964264,-0.2087538987398147,2.061713218688965,1,0.0059694848023355,-0.0063872248865664,-0.0175962559878826,0,2.108304738998413,0.3267152905464172,2.532510280609131,1,-2.3946003913879395,2.1406912803649902,5.362025260925293,1
0.999841570854187,-0.0603107139468193,4.482005596160889,0.2450185567140579,-0.0292782690376043,0.5109184980392456,1,-0.0386970937252044,0.0198745932430028,0.258736103773117,0,0.0022282907739281,-0.0066639464348554,-0.0144678866490721,0,0.5202824473381042,-0.0711869671940803,0.4379656612873077,0,-0.2444502860307693,0.022191809490323,1.397218942642212,1,0.009611127898097,0.0439723394811153,0.7392591238021851,1,0.6133726239204407,-0.036287996917963,0.6862412095069885,1,-0.1055452674627304,-8.1926271377597e-05,0.4819853007793426,0,-0.001978738931939,-0.0028503471985459,-0.0158510953187942,0
0.9175668954849244,0.4015542566776275,14.637661933898926,-0.5869661569595337,0.4706690609455108,4.747926712036133,1,-0.0055694496259093,-0.0019292838405817,-0.0209168847650289,0,0.0001854806178016,-0.0036299969069659,-0.0116199972108006,0,1.4920997619628906,-0.1789837777614593,6.800616264343262,1,-0.0209560524672269,0.0098156752064824,0.0147003978490829,0,-0.0012521927710622,0.0036159139126539,-0.015036417171359,0,0.7179816365242004,-0.2979381680488586,1.1252533197402954,1,-0.6795631647109985,0.4048959612846374,2.0011110305786133,1,0.001606969628483,-0.0049611222930252,-0.0043723690323531,0
0.9018593430519104,2.293914318084717,20.051279067993164,0.1371006667613983,0.4309588074684143,-0.5903578996658325,0,-0.094253160059452,0.0675461292266845,0.0008655316778458,0,-0.8622076511383057,1.596037745475769,5.888525009155273,1,0.0072393496520817,-0.0039985128678381,0.0007307971827685,0,-0.0334495827555656,-0.2490508705377578,0.5698071122169495,1,0.4371013343334198,0.2387571781873703,5.909602165222168,1,-0.0085892248898744,-0.0173706114292144,-0.084798477590084,0,0.0608341544866561,-0.0157773494720459,-0.0346205346286296,0,1.258083462715149,0.2468119412660598,8.391525268554688,1
-1.2446348667144775,-1.0218545198440552,4.496184349060059,-0.1631249785423278,0.1881543695926666,-0.4463689625263214,0,0.573517918586731,-0.6736904382705688,1.8148905038833616,1,-0.5010518431663513,0.0761009156703949,0.509685218334198,1,0.0001179073151433,-0.0040342397987842,0.0195236783474683,0,0.2835632860660553,-0.112632505595684,0.5034507513046265,1,-0.9993040561676024,-0.3274099230766296,0.9062650799751282,1,-0.001214051619172,0.1770012527704239,0.0072565376758575,0,0.157326728105545,-0.3300679624080658,0.546229898929596,1,-0.5944657325744629,-0.0152759840711951,0.6352515816688538,1
0.4067931771278381,-1.5783295631408691,16.073749542236328,0.0009255678160116,0.0106031028553843,-0.0070699364878237,0,1.482967972755432,2.1412739753723145,4.000914096832275,1,0.0022342992015182,-0.0156409293413162,-0.0356864593923091,0,-0.0117365811020135,0.0128027880564332,-0.0400841198861599,0,-1.2744187116622925,-5.239590644836426,9.187898635864258,1,0.0172808617353439,0.0090832728892564,0.0136500028893351,0,0.1860990226268768,1.6158660650253296,3.0132405757904053,1,0.0057215308770537,-0.0689252316951751,-0.0382374227046966,0,-0.0022807288914918,-0.0438020080327987,-0.0208759419620037,0
0.8784107565879822,-0.6808640360832214,11.542423248291016,0.1581728458404541,0.4220370948314667,-0.5927186608314514,0,0.5275082588195801,-0.2990901172161102,6.01891565322876,1,-0.0002836689236573,-0.0128585724160075,0.0892084538936615,0,0.012153330259025,0.0054081766866147,-0.0111984284594655,0,0.1085452735424041,-0.4556886851787567,4.54408073425293,1,0.0105711743235588,0.0049087014049291,-0.0187473818659782,0,-0.0084599498659372,-0.0742213353514671,-0.0818702206015586,0,0.0450086072087287,-0.3010886609554291,1.6457557678222656,1,0.0251948181539773,0.0297293942421674,-0.0510037653148174,0
0.4833389520645141,-0.1411131471395492,21.713119506835938,0.6740638613700867,-0.6154170632362366,1.4806113243103027,1,-0.0298176109790802,0.0593151785433292,0.0346033349633216,0,0.0003029298095498,-0.00195451406762,-0.0054944572038948,0,0.0066394223831593,0.0032572301570326,0.0123785398900508,0,-2.1321136951446533,1.701697587966919,17.31850242614746,1,-0.0057153818197548,0.0060596326366066,0.0071403216570615,0,0.0007916094618849,0.0034444560296833,0.0024255118332803,0,1.9732723236083984,-1.3044633865356443,2.864370346069336,1,-0.0040845931507647,0.0069476459175348,-0.0014184187166392,0
0.3027686476707458,-1.8787846565246584,9.377747535705566,0.0647712051868438,-0.0292404368519783,0.0699549615383148,0,-0.0617073774337768,-0.635560154914856,2.1762561798095703,1,0.0012833245564252,-0.0106019284576177,-0.0447836406528949,0,0.0059566795825958,0.0063169626519083,-0.0324859507381916,0,0.006857356056571,-0.0097198002040386,-0.0018847674364224,0,-0.8868006467819214,-0.0045157652348279,5.785652160644531,1,0.0017085454892367,-0.1042032167315483,-0.0228356178849935,0,0.0170260146260261,7.809850649209693e-05,0.0438802875578403,0,1.153673529624939,-1.0913383960723877,1.403993844985962,1
0.0202700179070234,-0.0924741327762603,15.01368236541748,0.0144119374454021,-0.0021532906685024,-0.0317455194890499,0,-0.0022544898092746,-0.0024616632144898,-0.0242490973323583,0,-0.0686349272727966,-0.0558130592107772,0.0784713327884674,0,-0.0010134185431525,0.0037574102170765,-0.0250607170164585,0,1.1899464130401611,0.5819958448410034,3.859001874923706,1,-0.0052694240584969,0.0073591461405158,-0.0125607885420322,0,0.0007071469444781,0.0003549957473296,-0.0039120665751397,0,-1.1084920167922974,-0.6235080361366272,11.190951347351074,1,0.0008688250090926,-0.0020054862834513,-0.0172142479568719,0
0.4170149862766266,0.0056560589000582,10.285500526428224,0.1756668537855148,0.1259782463312149,3.409634590148926,1,-0.0009582392522133,0.0023680899757891,-0.0152679029852151,0,-0.0054658884182572,0.0023324149660766,0.0002837631327565,0,0.0898529961705207,-0.2797223329544067,3.8997435569763184,1,0.004678794182837,-0.0160966981202363,0.0184839721769094,0,-0.0037682082038372,-0.0047387271188199,0.0083269849419593,0,0.1598966419696808,0.1691901534795761,2.9819018840789795,1,0.0016335821710526,0.0019922016654163,0.0076404623687267,0,-0.0045215426944196,0.0043527078814804,-0.0252479817718267,0
1.174383521080017,-0.750937819480896,10.8304443359375,0.0025662037078291,0.0038086099084466,-0.0079660397022962,0,-0.0015887877671048,0.0186085142195224,-0.0271824076771736,0,-1.2897515296936035,-0.6978838443756104,2.015108346939087,1,-0.0064466893672943,0.0061998167075216,-0.0196851193904876,0,1.3364099264144895,0.5211763381958008,1.6087214946746826,1,-0.024846889078617,0.0187976453453302,0.2488962858915329,0,-0.0063317939639091,0.0048175854608416,0.0308444965630769,0,1.1650586128234863,-0.6413141489028931,6.973987579345703,1,-0.0006854726816527,0.0148516194894909,0.0077199917286634,0
1.194077491760254,0.0958812534809112,10.101487159729004,0.0094696413725614,0.0152552342042326,-0.0307626258581876,0,0.3248850703239441,0.5852277278900146,2.077465534210205,1,0.0282320734113454,-0.0242800712585449,0.0131521522998809,0,-0.0053257565014064,-0.0057934448122978,-0.0054737669415771,0,0.531093418598175,-0.4270388782024383,4.517660617828369,1,0.0159507021307945,0.0159061681479215,0.0308535676449537,0,0.0301789510995149,0.0624105259776115,0.0506358444690704,0,0.2094690054655075,-0.1647026240825653,3.454630136489868,1,0.0501243770122528,0.0388966463506221,-0.0066741998307406,0
-1.8832179307937624,-0.6778416633605957,8.733713150024414,-0.0355266295373439,-0.0178220253437757,0.0431541465222835,0,0.2463826090097427,-0.1107216477394104,0.9301835894584656,1,-2.096867799758911,0.6376469731330872,1.9987671375274656,1,0.0174511801451444,0.0138704665005207,0.2228012382984161,0,0.6854280829429626,-0.0211949944496154,1.5980379581451416,1,-1.5901334285736084,-0.4003858566284179,2.6071043014526367,1,0.0008649767842143,-0.1034835278987884,-0.0032839060295373,0,1.3395109176635742,-0.6771631240844727,1.055700182914734,1,-0.4503277242183685,0.0014120050473138,0.2812485694885254,0
1.5065122842788696,-0.076472096145153,7.226890563964844,0.5488178133964539,-0.1821030229330063,0.8026042580604553,1,-0.0408929884433746,0.0699367374181747,0.5849395394325256,1,-0.0019268614705651,0.0054680313915014,0.0872371941804885,0,0.9182759523391724,-0.1466823518276214,0.4214320778846741,0,-0.2220175564289093,0.1599571406841278,1.8048051595687864,1,-0.0264106262475252,0.1831458359956741,1.3552380800247192,1,0.7213799953460693,-0.1149989143013954,0.4119303524494171,0,-0.393334299325943,-0.0469572059810161,1.6198701858520508,1,0.0026207503397017,-0.0042383600957691,0.1388337463140487,0
2.153904676437378,0.3042075037956238,15.269948959350586,-0.0048253391869366,0.0107240946963429,-0.0472430326044559,0,0.4209494292736053,-0.6521403193473816,9.66116714477539,1,0.0042452765628695,-0.016272047534585,-0.0138986203819513,0,0.7102482914924622,0.3417569696903229,1.0491760969161987,1,-0.1631412506103515,-0.0971861258149147,1.9637407064437864,1,0.0025817914865911,0.0023450166918337,-0.0001116432395065,0,1.1447162628173828,0.7103561758995056,2.704977512359619,1,0.0379884466528892,0.000950317189563,-0.0470477938652038,0,0.0011416693450883,0.003673477564007,-0.0008119252161122,0
0.0486389435827732,-0.2961648106575012,7.032959938049316,-0.0094968788325786,0.016927296295762,-0.0018616229062899,0,0.0023332436103373,0.0244931764900684,-0.0667782500386238,0,0.0045256586745381,0.0028854464180767,-0.0043238634243607,0,0.0035965698771178,0.005455479491502,0.0360792502760887,0,0.3673727512359619,0.0371145196259021,5.984015464782715,1,0.0015884581953287,0.0099410954862833,-0.0638411045074462,0,-0.0084093753248453,9.246331319445744e-05,0.00081981200492,0,-0.3229986429214477,-0.3951708376407623,1.1678757667541504,1,0.010127161629498,0.0020965673029422,-0.0190256889909505,0
-0.5240362882614136,-0.5249106884002686,15.993325233459473,-0.0280636809766292,0.0061361170373857,0.0218328759074211,0,0.0086013590916991,0.1603204011917114,-0.0648752972483635,0,1.8146042823791504,3.1846556663513184,1.5620635747909546,1,0.0064598815515637,-0.0067732334136962,0.0162584725767374,0,0.0142263043671846,0.1027075126767158,0.1111187189817428,0,-1.8400336503982544,-2.7646853923797607,12.64486598968506,1,-0.0037500073667615,-0.0938456356525421,0.0436225198209285,0,0.2927938103675842,0.0764823034405708,0.3177898228168487,0,-0.7888745069503784,-1.189908504486084,1.3406473398208618,1
0.4905561208724975,7.226141929626465,15.325844764709473,0.0145248314365744,0.0159336179494857,-0.046846330165863,0,-0.0016480989288538,-0.001474218443036,-0.0273957010358572,0,0.0020888862200081,-0.0146045163273811,0.0035169932525604,0,-1.5366076231002808,3.6207919120788574,8.968713760375977,1,-0.0088295200839638,0.0143149914219975,-0.0340425446629524,0,0.0038183126598596,-0.0023909320589154,-0.0235276520252227,0,2.077619791030884,3.473829507827759,6.5442609786987305,1,-0.0656060352921485,0.1056796908378601,-0.0257388856261968,0,0.0051955245435237,0.0140619091689586,-0.0330956801772117,0
0.4768007099628448,-0.4685522317886352,14.097410202026367,-0.4575887322425842,0.3308795392513275,1.1291757822036743,1,0.0043850424699485,-0.0005023197736591,0.0151052437722682,0,-0.0042526628822088,-0.0119454897940158,-0.0539978556334972,0,0.4036486744880676,-0.3887844383716583,11.823796272277832,1,0.0071456027217209,-0.0135314101353287,0.0185055937618017,0,0.0026440601795911,-0.0016588958678767,0.0048885089345276,0,0.5413703322410583,-0.3806642293930053,1.0828028917312622,1,-0.0132405078038573,-0.0013095634058117,0.0633271783590316,0,-0.007311079185456,-0.0010354190599173,0.0138062257319688,0
-0.5172770023345947,-0.3871397078037262,20.387636184692383,0.0115346582606434,0.0012921803863719,-0.0058455052785575,0,-0.0074824802577495,-0.001477290643379,-0.0152917336672544,0,-1.4707847833633425,0.0888100489974021,4.284944534301758,1,0.0018216531025245,0.0028891928959637,0.0161425154656171,0,0.0085045704618096,0.0277656000107526,-0.1336961090564727,0,-0.4033198356628418,-0.3961163461208343,9.683198928833008,1,0.0021831623744219,-0.0031996155157685,-0.0032041410449892,0,0.001046318677254,0.0046230205334723,-0.011235237121582,0,1.3392196893692017,-0.1117265298962593,6.5726237297058105,1
-1.0929861068725586,2.727313041687012,16.654897689819336,1.331171989440918,0.044603656977415,2.9669172763824463,1,-0.7286759614944458,1.9849029779434204,1.684382438659668,1,0.0010973633034154,-0.0240429174154996,0.0023991507478058,0,1.2909832000732422,-0.7139125466346741,3.716949462890625,1,-0.3428004086017608,0.5873275399208069,4.566094398498535,1,0.0073574003763496,0.0016922252252697,0.0007126056007109,0,0.0388905070722103,-0.1224025636911392,0.4625931978225708,0,-2.697118759155273,0.9569525718688964,3.298022508621216,1,0.0061085834167897,0.012191935442388,-0.0431725308299064,0
-1.6156046390533447,0.8538540005683899,5.748631477355957,0.0210264138877391,0.0136077720671892,-0.036501470953226,0,0.2770898938179016,-0.3082946836948395,0.498073935508728,0,-3.1131279468536377,2.428558349609375,3.617244243621826,1,-0.0079013742506504,0.0107163581997156,-0.0354073457419872,0,0.6176813840866089,-0.3739325404167175,0.2156418859958648,0,-0.2626797258853912,-0.6344249248504639,0.6813081502914429,1,0.0117750475183129,-0.0488092713057994,0.0130362026393413,0,0.9066320657730104,-0.168137326836586,0.3838416337966919,0,-0.0661002248525619,-0.0654298812150955,0.4113940000534057,0
1.096598505973816,0.3032983243465423,6.7163825035095215,0.006573534104973,-0.0015022575389593,-0.0239469371736049,0,0.5721323490142822,0.116519384086132,0.5807833671569824,1,-0.0519175194203853,-0.0206833686679601,0.097229965031147,0,-0.0095894578844308,-0.0013674412621185,0.3272663354873657,0,1.1418453454971311,0.1048654690384864,2.0685415267944336,1,-0.5768929123878479,-0.0272303037345409,1.8426899909973145,1,-0.008896293118596,-0.0031581902876496,-0.0066168005578219,0,1.7789983749389648,0.1230762600898742,0.5555340647697449,1,-1.7556549310684204,0.0127787813544273,1.2749007940292358,1
1.4995512962341309,-0.0475688613951206,17.09885025024414,0.2214311808347702,0.687309741973877,3.200266599655152,1,-0.1707289218902588,0.7517852187156677,-0.5299049615859985,0,0.1649881303310394,0.0711754336953163,-0.5885723829269409,0,1.06553316116333,-1.7091120481491089,6.845308303833008,1,0.0548013858497142,0.371431291103363,1.045240044593811,1,0.0279015433043241,0.0733283385634422,-0.0490880832076072,0,-0.0039484431035816,-0.0978461354970932,-0.0810011178255081,0,0.1202708333730697,-0.2308922260999679,7.264607429504394,1,0.0193025413900613,0.035251434892416,-0.0080050248652696,0
-0.5411341190338135,-0.0130248796194791,5.679815769195557,0.101883977651596,-0.0523845329880714,2.352355480194092,1,0.0129318842664361,0.0173985920846462,-0.0113670788705348,0,-0.0028318406548351,0.0072040013037621,0.0547132603824138,0,-0.4581654667854309,-0.0008771778666414,2.697012662887573,1,-0.0133007923141121,0.0230290815234184,0.049097578972578,0,0.0002463676210027,-0.0025177064817398,0.0146456276997923,0,-0.1300123482942581,-0.0173672176897525,0.4828055799007416,0,-0.055574681609869,0.0149217033758759,0.0460966229438781,0,0.0036887824535369,-0.0024316231720149,-0.0055442443117499,0
-1.820784091949463,-2.0484023094177246,3.950515031814575,-0.0700269788503646,-0.0716126561164856,0.0344635099172592,0,1.933447360992432,-2.314196825027466,0.964857816696167,1,-3.164868831634521,1.453824162483215,1.1606605052947998,1,-0.0029396251775324,0.0014694691635668,-0.0079029137268662,0,0.5260193943977356,-0.5721097588539124,0.3698286414146423,0,-0.9459285736083984,-0.5510515570640564,1.1977709531784058,1,0.0042280759662389,0.0322342216968536,0.052137341350317,0,-0.0119099607691168,0.0226782001554965,0.086067333817482,0,-0.0888049528002739,-0.0496376529335975,0.0926319286227226,0
1.297605037689209,0.4572784006595611,15.252812385559082,0.2117152661085128,0.0936580300331115,0.5347049236297607,1,-0.2607601284980774,-0.000837025232613,1.9123283624649048,1,-0.0079363705590367,-0.0329993478953838,1.0255943536758425,1,1.0249178409576416,0.0477842316031456,0.978308081626892,1,-0.7835831046104431,0.0733535513281822,3.683134078979492,1,-0.0357076302170753,0.2711157500743866,2.800647735595703,1,2.038461923599243,0.1133691370487213,-0.0576774179935455,0,-0.8468748331069946,-0.077247679233551,3.239043474197388,1,-0.0426279567182064,-0.0309182684868574,1.1367290019989014,1
0.8033955693244934,0.6094814538955688,19.618040084838867,0.0952592119574546,-0.2135452777147293,5.770512104034424,1,-0.0104665011167526,0.0212486088275909,-0.0259471870958805,0,0.0050406293012201,-0.0278148930519819,-0.0647897645831108,0,0.019868167117238,-0.0261089112609624,0.0300992727279663,0,-1.241552233695984,2.2683730125427246,7.745844841003418,1,0.0031057663727551,0.0003861704608425,-0.0237193461507558,0,0.0048191132955253,-0.0083343936130404,-0.0128461858257651,0,2.216358423233032,-1.9224929809570312,5.3094096183776855,1,-0.2890370488166809,0.5177701711654663,0.8894774317741394,1
0.8616896271705627,-0.658307671546936,16.33578109741211,0.0959058552980423,0.0083973165601491,0.0530373193323612,0,-1.0272551774978638,-0.9283621311187744,5.3892502784729,1,-0.0079435082152485,0.0094064660370349,0.0065862135961651,0,1.331555724143982,0.251858115196228,2.599656105041504,1,-0.0128204384818673,0.0065390015952289,-0.0499018840491771,0,0.0224375929683446,0.0147438663989305,-0.036720011383295,0,0.4559452533721924,-0.0255032945424318,8.452235221862793,1,0.0017762971110641,0.0088467737659811,-0.0832827240228653,0,0.0020880629308521,-0.0042337481863796,0.0049202856607735,0
-0.4656043648719787,0.6062575578689575,12.15893840789795,0.0123279569670557,-0.0059464680962264,-0.0257350020110607,0,0.93930321931839,2.47585391998291,1.4483392238616943,1,0.0029784338548779,0.0056218924000859,0.0164255406707525,0,-0.0013275792589411,0.0031451762188225,-0.0246850214898586,0,-1.480437397956848,-1.853990912437439,9.896122932434082,1,-0.0156521238386631,-0.023257428780198,0.0332663431763649,0,0.0759258195757865,0.0226464364677667,0.8553536534309387,1,0.0009007743210531,-0.0014748534886166,-0.0219079684466123,0,0.0003764916036743,-0.016340309754014,-0.0182405039668083,0
0.2217651754617691,-0.5752989053726196,6.826741695404053,-0.00323132192716,0.0023209024220705,-0.0015073178801685,0,-0.007210343144834,0.0099020851776003,-0.0335399210453033,0,0.4103168845176697,-0.1819961965084076,4.015748023986816,1,-0.0018414278747513,0.005476851016283,-0.0114973187446594,0,-0.0029052554164081,0.0116760237142443,-0.0393702834844589,0,-0.2416482716798782,-0.4293742775917053,2.8250322341918945,1,-0.0053917421028018,0.0001702303998172,0.0168431047350168,0,0.0723379775881767,-0.0047861700877547,0.0606240034103393,0,0.0013386734062805,0.0113116633147001,-0.0055916081182658,0
1.6645716428756714,0.1333188265562057,11.40987491607666,0.3000624477863312,0.3630838990211487,1.4313582181930542,1,-1.3472164869308472,-0.6622775793075562,3.4223263263702397,1,0.0032558452803641,-0.0042636035941541,-0.0356809124350547,0,2.062272787094116,0.4271790385246277,2.242739677429199,1,-0.384856253862381,-0.094109833240509,1.332850694656372,1,-0.0148168550804257,0.0037119754124432,-0.0157292298972606,0,1.191022872924805,0.1659110635519027,2.292168140411377,1,-0.1529968529939651,-0.0838173925876617,0.7199080586433411,1,0.0078442627564072,0.0179012566804885,0.0199346616864204,0
0.085685595870018,0.026874640956521,0.6927835941314697,-0.0297487545758485,0.0316368266940116,-0.0201403871178627,0,0.1242579594254493,0.0731173381209373,0.0213310420513153,0,-0.0197616480290889,-0.0012560482136905,0.0130827622488141,0,-0.0012764489511027,-0.0019233557395637,0.0161566250026226,0,0.1098482906818389,-0.1470118165016174,0.5584722757339478,1,0.0016034459695219,0.0035552924964576,-0.0194229446351528,0,-0.0013255794765427,0.0580132380127906,0.0840752199292182,0,-0.0945555716753006,0.0410968326032161,0.0472415871918201,0,-0.0033560993615537,-0.0303536709398031,-0.0080125089734792,0
-0.5224573612213135,-4.056194305419922,7.047267436981201,-0.0304804798215627,0.0046221823431551,-0.0161890070885419,0,0.0001948674180312,0.001262066536583,-0.0123214041814208,0,1.4932217597961426,0.2790271639823913,1.9638983011245728,1,0.0091709811240434,-0.0169525127857923,-0.0005504655418917,0,-0.0036486226599663,0.0448557287454605,-0.0222323350608348,0,-1.95491623878479,-3.709078550338745,3.4181787967681885,1,0.0030946107581257,-0.0144399031996726,0.0323236435651779,0,-0.0378476716578006,-0.6994717121124268,1.7248082160949707,1,-0.0012465945910662,0.053981065750122,-0.0406486727297306,0
-4.72694206237793,-8.323172569274902,14.168153762817385,-0.0349917337298393,-0.0101270778104662,0.0117218298837542,0,2.0131397247314453,-2.001286029815674,2.054006576538086,1,-0.2737095057964325,0.2034042328596115,0.6699666380882263,1,0.034990057349205,0.0302194859832525,0.5178214907646179,1,0.6683063507080078,-0.0151524972170591,2.8329761028289795,1,-0.5450198650360107,0.3566285669803619,3.647246837615967,1,0.0217879228293895,0.0654540583491325,-0.0472198911011219,0,0.0714025050401687,-0.1838173866271972,0.8837346434593201,1,-6.682847499847412,-6.768495559692383,3.597899436950684,1
-0.8016197085380554,2.6001994609832764,6.988918781280518,0.0336327366530895,-0.0012624494265764,0.001504109473899,0,-3.648124933242798,0.1553167104721069,1.9004267454147337,1,0.0019818211439996,-0.014134969562292,-0.0748778730630874,0,0.9635205268859864,0.6233143210411072,0.9839351773262024,1,-0.2167679816484451,0.0010524344397708,4.670199871063232,1,0.0102815777063369,0.0008058861130848,0.0115100210532546,0,2.123014450073242,1.8214131593704224,-0.6596522331237793,0,-0.1173637136816978,0.0587784685194492,0.1021626219153404,0,0.0482059158384799,-0.045084249228239,0.0537105500698089,0
2.082022428512573,0.0236006043851375,4.591299533843994,0.3127479553222656,-0.0216794945299625,0.837247908115387,1,-0.0076041435822844,0.0076793693006038,-0.0040034553967416,0,0.0003025914193131,0.0024290864821523,-0.0086620040237903,0,0.7610870599746704,-0.0144949788227677,1.7213016748428345,1,-0.0487346164882183,0.0324866659939289,-0.0461353436112403,0,-0.006026045884937,-0.0091633973643183,0.0161347948014736,0,1.1142873764038086,0.0409011431038379,2.044492483139038,1,-0.0416925959289073,-0.0029487144201993,0.0830814093351364,0,-0.002345138695091,-0.0116090737283229,-0.0521580427885055,0
1.8110066652297967,0.0825538337230682,5.515175342559815,0.5282559990882874,-0.0485285371541976,0.2118119150400161,0,-0.2155812233686447,-0.053060345351696,0.9172322154045104,1,0.0043210289441049,-0.0007858842145651,-0.0298469718545675,0,0.9320176839828492,-0.1245758607983589,0.3404312431812286,0,-0.4483887255191803,0.2156900018453598,1.7463849782943726,1,0.0041461405344307,0.1364805698394775,1.0881861448287964,1,1.2179961204528809,-0.0814096704125404,0.3597665727138519,0,-0.2131249904632568,0.0391909219324588,0.8549546599388123,1,0.0013646318111568,-0.0004473660083021,0.0262546464800834,0
2.2142598628997803,-0.170777752995491,13.80113124847412,0.0038691000081598,0.0079376017674803,-0.0105061884969472,0,1.028046727180481,0.1712560951709747,1.266032338142395,1,-0.7980747222900391,-0.0842848122119903,1.3992795944213867,1,0.0158200394362211,-0.0358998663723468,1.1128216981887815,1,1.6107033491134644,-0.12213696539402,3.426154613494873,1,-0.7467755675315857,0.1689907759428024,3.3126258850097656,1,-0.0061114314012229,0.0079651428386569,0.0206109136343002,0,1.57845139503479,-0.2888022661209106,2.139939069747925,1,-0.471668928861618,0.004196545574814,1.1341736316680908,1
1.5465742349624634,0.040730033069849,13.097710609436035,-0.0723071619868278,0.0050831334665417,0.0824789553880691,0,0.1107601374387741,1.8270467519760127,3.146566152572632,1,0.00907639041543,-0.0178411807864904,-0.03895815461874,0,-0.0086865508928895,0.0073881666176021,0.0042453268542885,0,0.7860894799232483,-0.8530987501144409,7.2551069259643555,1,0.0262102894484996,-0.0003891291271429,0.015238769352436,0,0.0015001654392108,0.0904387757182121,-0.0183527115732431,0,0.6497563123703003,-1.033058762550354,2.745643138885498,1,0.0441751144826412,0.0151611911132931,-0.0942583605647087,0
1.8267412185668943,-2.696857452392578,19.658578872680664,0.012810087762773,-0.0073701213113963,0.1141445711255073,0,1.2867605686187744,-1.0986309051513672,9.303190231323242,1,0.0064059249125421,-0.0170734282582998,-0.0106062246486544,0,0.0137044293805956,0.01197708863765,-0.0091198002919554,0,0.4018699526786804,-1.2716710567474363,6.426957130432129,1,0.0269718244671821,0.0058249896392226,0.0390147939324379,0,0.0011677537113428,0.0062939594499766,0.0147627154365181,0,0.0360343977808952,-0.3625471889972687,3.786168336868286,1,0.0410163290798664,0.0363391302525997,-0.0059341248124837,0
0.3419250249862671,-0.5542864203453064,17.238384246826172,0.0146700935438275,0.0033949394710361,-0.034083429723978,0,0.0048011648468673,-0.0002114455710398,-0.0210095103830099,0,0.3605518341064453,0.2719834744930267,9.466940879821776,1,0.0026230358052998,0.0010355135891586,0.0258465185761451,0,0.0168213322758674,0.0220854990184307,-0.1076801493763923,0,-0.6189826130867004,-1.1171233654022217,5.401257991790772,1,-0.0052843424491584,0.0081811780110001,-0.0040601631626486,0,0.6188556551933289,0.2193230539560318,0.6041222810745239,1,-0.0521311163902282,0.0370447486639022,1.907049775123596,1
-0.0878705978393554,-0.7987907528877258,8.7041597366333,0.0127699673175811,0.0061003910377621,-0.0002502361894585,0,-2.300246238708496,-0.913511037826538,4.103163242340088,1,-0.0068171829916536,0.0030912614893168,-0.0181420259177684,0,0.941996693611145,0.2879520654678345,1.0379197597503662,1,-0.9996986985206604,-0.4142289161682129,2.1685938835144043,1,-0.0124849267303943,-0.0073486031033098,-0.0156468600034713,0,2.3324649333953857,0.2350861728191375,1.311132788658142,1,-0.0593139939010143,-0.0091059887781739,0.1072558388113975,0,0.0034589623101055,0.0131739638745784,0.0101335262879729,0
1.812991619110108,0.6101190447807312,15.850149154663086,0.0134303737431764,-0.0033167607616633,-0.0426480360329151,0,0.2907898426055908,0.3144179582595825,1.7656795978546145,1,-2.139934539794922,-0.5774148106575012,1.8035017251968384,1,0.0016384933842346,0.0632098317146301,1.2142713069915771,1,1.7841161489486694,0.6183537840843201,3.640754222869873,1,-1.01220440864563,-0.0190256033092737,4.3676371574401855,1,0.003120326437056,-0.0131194908171892,0.0190023239701986,0,2.850576162338257,0.1500391513109207,1.76272451877594,1,0.0214592088013887,0.0769749954342842,1.3192249536514282,1
1.8243483304977417,-0.6927081942558289,11.506702423095703,0.1998452246189117,0.1317251622676849,0.4687630832195282,0,-2.4231252670288086,-0.915248453617096,4.421590328216553,1,-0.0097036696970462,-0.0173134785145521,-0.0574524067342281,0,1.6758625507354736,0.235939472913742,1.697934865951538,1,-0.7829604744911194,-0.389371395111084,1.4947603940963743,1,-0.0015453085070475,0.0132715301588177,-0.0644968822598457,0,3.149146318435669,0.2491002678871154,3.637199878692627,1,0.0143571551889181,0.0066633420065045,-0.0477423146367073,0,0.0024716092739254,-0.0074745817109942,-0.0438549742102623,0
0.8454874157905579,-0.4358667433261871,19.19200134277344,-0.0081041492521762,0.0073095015250146,0.0298563688993453,0,0.4437516033649444,-0.4824129641056061,9.732873916625977,1,-0.0107988035306334,0.0020825313404202,-0.0152170686051249,0,0.5196976065635681,0.5372893214225769,1.116573691368103,1,-0.246001198887825,-0.5390619039535522,1.5521974563598633,1,-0.0086914552375674,0.0078973863273859,-0.0336323454976081,0,0.1565895825624466,0.0173796359449625,6.788388729095459,1,0.0004072609008289,-0.0004066354886163,0.0024676627945154,0,-0.0013630654430016,0.0140563985332846,0.0184922758489847,0
-4.665227890014648,-7.605908870697021,14.97754192352295,-0.0221223477274179,-0.0033686717506498,-0.0849524587392807,0,0.6884036660194397,-0.4077951610088348,1.378238081932068,1,-1.8524305820465088,0.8291950821876526,3.7559850215911865,1,0.0117013501003384,0.0051796766929328,0.0044114980846643,0,0.8025459051132202,-0.1942908465862274,0.7805175185203552,1,-1.517371654510498,-0.8750239014625549,4.0735859870910645,1,-0.0175226349383592,-0.1832657903432846,-0.0600287914276123,0,1.684742093086243,-0.4732192754745483,1.46744704246521,1,-4.443173408508301,-6.303319931030273,3.6623380184173584,1
-1.6598742008209229,-2.493592977523804,2.85922908782959,0.0028635037597268,0.0102396644651889,-0.022625034675002,0,3.665585994720459,-3.166207790374756,-1.9637047052383425,0,0.0194166060537099,0.0089430781081318,-0.0125832706689834,0,0.0013558033388108,0.0005440031527541,-0.0061627635732293,0,0.6329603791236877,-2.183561325073242,-2.672377109527588,0,-1.048822045326233,0.931820511817932,4.042020320892334,1,-0.0047748167999088,0.0535682998597621,-0.0230942964553833,0,-0.0045876516960561,-0.0696922168135643,0.0388257689774036,0,-4.923871994018555,1.920752763748169,3.4789302349090576,1
0.478767991065979,0.3937069177627563,21.56028175354004,-0.0143065564334392,0.0048230560496449,0.0170073695480823,0,-0.9081504344940186,1.0196465253829956,4.182779788970947,1,0.0069038700312376,-0.0051254471763968,-0.0355036780238151,0,0.0026537040248513,-0.0086658112704753,0.0226628445088863,0,2.5665881633758545,-2.177412986755371,8.74659252166748,1,0.0002643546904437,0.0176453441381454,-0.0657992884516716,0,0.0003957664594054,-0.0084159523248672,-0.0097720874473452,0,0.0093700010329484,-0.0017960807308554,-0.0026507386937737,0,-1.1849509477615356,1.553008198738098,8.70496654510498,1
-1.6758538484573364,0.73451167345047,13.249796867370604,-0.0061043142341077,-0.0001870889827841,-0.0046855784021317,0,-0.0028311612550169,0.0038472085725516,-0.0097205145284533,0,-6.2033209800720215,-1.740805983543396,7.120457172393799,1,-0.0005527061293832,0.0009057062561623,-0.0365112386643886,0,1.2062766551971436,1.3884196281433103,1.9957473278045652,1,-0.931617558002472,-0.9342213869094848,1.8776952028274536,1,0.0049540889449417,-0.0003760904655791,-0.0152608742937445,0,4.254136085510254,2.0180094242095947,2.320967674255371,1,0.0032065929844975,-0.0010797093855217,0.0011077388189733,0
-1.2857766151428225,-0.6350971460342407,3.7500250339508057,-0.0207050293684005,-0.0008612973615527,-0.0100340088829398,0,3.936425447463989,-1.2078958749771118,-3.4661178588867188,0,0.0301558170467615,-0.0049990825355052,-0.0111961103975772,0,0.0007867004605941,-0.0043417033739387,-0.0052667208947241,0,0.5404181480407715,-2.4136264324188232,-3.482929229736328,0,-1.0608932971954346,1.1351549625396729,4.740363597869873,1,-0.0043821735307574,0.0785471051931381,-0.0145997907966375,0,-0.0036653236020356,-0.0604255236685276,0.0299517139792442,0,-4.703917503356934,1.8433507680892944,5.969853401184082,1
0.9728979468345642,-0.4168536365032196,3.4568421840667725,-0.0055350014008581,-0.0015189740806818,0.0070895636454224,0,0.1765403598546981,0.0285084098577499,0.0111288549378514,0,-0.7807366251945496,-0.1537160128355026,0.7207422256469727,1,-0.0043814019300043,0.0018547775689512,-0.0336278602480888,0,0.7519631385803223,0.0099138440564274,1.4299100637435913,1,-0.2739064991474151,0.002885527908802,0.5690621137619019,1,0.0007154757040552,-0.0018474579555913,-0.0015263474779203,0,1.1107100248336792,-0.3024640679359436,0.7681005597114563,1,-0.0024715245235711,-0.0004696964751929,-0.0140371900051832,0
0.766719400882721,-0.3969361484050751,3.966633319854736,0.0016174656338989,0.0009384675649926,0.0081402584910392,0,-0.2466226518154144,-0.132799431681633,1.2508769035339355,1,-0.0002673271228559,0.0047426130622625,-0.001852864283137,0,0.6006280183792114,-0.2097623348236084,0.2283650636672973,0,-0.2930327653884887,0.0973884835839271,0.882339596748352,1,0.0044471970759332,0.0232326909899711,0.3375415205955505,0,0.6998270750045776,-0.1934140771627426,1.1747316122055054,1,0.0037469277158379,0.0106565384194254,0.0838797837495803,0,-0.0036245549563318,0.0020808796398341,0.0026113495696336,0
0.013147547841072,-0.4906219840049743,4.161240577697754,0.0018465094035491,0.0064029041677713,0.0032273232936859,0,-0.0102242063730955,0.0059164194390177,-0.0225337408483028,0,-0.1107457727193832,-0.3688921928405761,1.8080410957336424,1,0.0055476450361311,0.0002441365504637,0.0113198980689048,0,0.1130174249410629,-0.1141488477587699,2.4265756607055664,1,0.0097151463851332,-0.0016508508706465,-0.0332845151424407,0,0.0149508351460099,-0.0174443554133176,-0.0609758086502552,0,-0.0118099255487322,-0.0042710225097835,0.0232263058423995,0,0.000849898031447,0.0032218231353908,0.0056446930393576,0
-0.4329416155815124,-0.3581427633762359,15.974120140075684,-0.0063100615516304,-0.0021636367309838,-0.0071199261583387,0,-0.2605458796024322,0.0575931742787361,0.287680447101593,0,0.0007616326329298,-0.0013776010600849,-0.002014020923525,0,0.0008739380282349,-0.0008587880292907,-0.0270505733788013,0,-1.3229527473449707,0.4626725912094116,9.687055587768556,1,0.0174525789916515,0.0075361230410635,-0.0473660416901111,0,-0.0016314316308125,0.0022477561142295,-0.0011136083630844,0,1.1377038955688477,-0.8788236379623413,6.101006507873535,1,0.0017064117128029,-0.0049687405116856,-0.0169586427509784,0
1.122464895248413,-0.604438066482544,10.350786209106444,1.7308167219161987,-1.335354566574097,2.645791530609131,1,-0.0029093222692608,0.0028592930175364,-0.0109310261905193,0,-0.0057753580622375,-0.0241312142461538,-0.0475579798221588,0,-0.0004558553628157,0.004496170207858,-0.0079627707600593,0,-1.0576261281967163,1.7574106454849243,4.422708511352539,1,0.0046664541587233,-0.0052802530117332,0.0048164906911551,0,0.0044848877005279,0.001466627465561,0.0043158195912837,0,0.4480138123035431,-1.0206716060638428,3.3282179832458496,1,0.0012496917042881,0.0147667899727821,0.0113870333880186,0
-0.5980468988418579,0.176479697227478,22.08515739440918,1.9726408936548975e-05,0.0027079186402261,-0.0322547741234302,0,1.3853386640548706,1.1730035543441772,1.1481497287750244,1,0.0037303874269127,0.0008059224346652,-0.0479665771126747,0,0.0016844851197674,-0.0033013690263032,-0.0155930137261748,0,0.7750692963600159,0.3227430880069732,12.225637435913086,1,0.0131175639107823,0.0066017531789839,-0.0289549063891172,0,0.0018905521137639,-0.0066805407404899,-0.0178694371134042,0,-2.7803525924682617,-1.3339871168136597,8.857623100280762,1,0.0014549333136528,0.014586322940886,-0.0036138982977718,0
0.4509804248809814,-3.9039809703826895,6.128284931182861,0.0141056133434176,0.0055333892814815,0.0502298735082149,0,1.0354154109954834,-1.5841057300567627,2.744515895843506,1,-0.0498470366001129,-0.0322501361370086,0.0525448806583881,0,-0.0043556066229939,0.0064656659960746,-0.0020651419181376,0,0.4376675486564636,-0.5433383584022522,0.6243205666542053,1,-0.8769333362579346,-0.57574063539505,0.6210558414459229,1,0.0003792831848841,-0.2091807872056961,-0.0528941713273525,0,0.5266479849815369,-0.6499817371368408,1.1992101669311523,1,-0.6320993900299072,-0.321382462978363,0.8913669586181641,1
0.4439660906791687,-0.4121220111846924,11.748891830444336,0.013017957098782,0.0032466063275933,-0.0183287058025598,0,-0.0985551252961158,-0.7966839671134949,3.9382457733154297,1,-0.0028309354092925,-0.0067775011993944,-0.0302762370556592,0,0.9000641703605652,0.5847833156585693,4.429220199584961,1,-0.0022243610583245,-8.947826427174732e-05,-0.0072164665907621,0,0.0167051274329423,0.0020261453464627,-0.0077891713008284,0,-0.3784315884113312,-0.2015133053064346,3.483359336853028,1,-0.0001921945804497,0.0064395368099212,-0.0231104586273431,0,-0.0035869539715349,-0.0035533301997929,-0.0152123356238007,0
1.1430896520614624,-0.0511926375329494,18.37210273742676,-0.0622752755880355,0.0815272107720375,0.2567494213581085,0,-0.0474470071494579,0.063882365822792,0.0483506433665752,0,-0.0005623534088954,-0.0034606631379574,0.0036506210453808,0,0.0739777907729148,0.8752912282943726,12.656617164611816,1,0.0056007453240454,0.0028579391073435,0.0939920917153358,0,0.0014282255433499,-0.0024488989729434,0.0207899902015924,0,1.1044124364852903,-1.015596628189087,5.253725051879883,1,0.060541208833456,-0.0496407821774482,0.0240455139428377,0,0.0074139679782092,-0.003604399273172,0.0141811966896057,0
2.336893320083618,0.2235148102045059,17.781017303466797,0.4163022637367248,-0.4117429852485657,1.5533154010772705,1,0.0043165022507309,0.1228010952472686,0.0055979792959988,0,0.0094680730253458,-0.0026325895451009,-0.0431930720806121,0,0.0049936780706048,0.0049626766704022,-0.0096887154504656,0,0.8075709342956543,2.021158456802368,10.72761058807373,1,0.0399200320243835,0.1369415074586868,-0.0957962572574615,0,0.0042133294045925,0.0556586161255836,-0.0202224012464284,0,1.0274152755737305,-1.7096818685531616,5.645091533660889,1,0.0226931702345609,0.0060498844832181,0.0183021854609251,0
2.224029541015625,-0.1212088242173194,11.805438041687012,-0.0659248456358909,0.1993292421102523,-0.2538890242576599,0,1.2392239570617676,-0.161246120929718,5.2357025146484375,1,-0.0026470038574188,0.0096052018925547,0.0082362182438373,0,-0.0014905150746926,0.0022122939117252,-0.0115292817354202,0,0.6034976243972778,-0.1347216516733169,3.596789121627808,1,0.0047637037932872,0.0066233477555215,-0.0122962873429059,0,0.0053510661236941,-0.0449247695505619,-0.0303140226751565,0,0.4460327327251434,-0.0258415024727582,3.307935237884521,1,-0.0047773071564733,0.0277551356703043,-0.0351956970989704,0
1.0269064903259275,2.510138511657715,3.7221462726593018,1.2376633882522583,0.4428442120552063,0.4104620218276977,0,0.0148967299610376,0.0303095653653144,0.1602164506912231,0,0.0053358250297605,0.0111306756734848,0.0108129894360899,0,0.8215558528900146,0.4731667637825012,0.0731009095907211,0,-0.3176182806491852,0.3904201686382293,1.0463303327560425,1,0.0366361662745475,0.0827354490756988,0.6362574696540833,1,0.3098649680614471,0.1689868420362472,0.1610038131475448,0,-1.0857009887695312,0.9009177088737488,1.216748833656311,1,0.0042729079723358,0.0096270823851227,0.0072134495712816,0
0.7233517169952393,-2.053779602050781,13.411879539489746,0.0078261541202664,0.0047288099303841,-0.0102463839575648,0,-0.3057553470134735,-0.3449995517730713,6.883385181427002,1,-9.296465577790514e-05,-0.00986307580024,0.0177400037646293,0,-0.0101712113246321,-0.0009083600598387,-0.0127429254353046,0,0.5071027874946594,-0.6486785411834717,4.775875568389893,1,0.0174846351146698,0.0024595807772129,0.0442515164613723,0,-0.0039781681261956,-0.2111547291278839,-0.0285520683974027,0,0.574047863483429,-0.8880105018615723,1.693954348564148,1,-0.0631120204925537,0.042646836489439,0.0482147708535194,0
1.8641592264175413,-4.9187774658203125,18.27964401245117,0.0585349239408969,-0.0018870944622904,0.0491254776716232,0,-0.0025316516403108,-0.0116295032203197,0.0407306104898452,0,0.0020685985218733,-0.0156603250652551,-0.1205089315772056,0,-0.0003666527336463,0.0080976244062185,-0.0091954004019498,0,0.0013705970486626,0.0756666660308837,-0.000859992345795,0,0.8107896447181702,-3.4543163776397705,13.57947063446045,1,0.0040390519425272,0.0715673193335533,-0.0525440983474254,0,1.133255958557129,-0.7424342632293701,3.853642702102661,1,-0.1430012434720993,-0.8481815457344055,0.9397833347320556,1
2.711568117141724,-1.878744840621948,9.088262557983398,2.5076913833618164,1.4884086847305298,5.132959365844727,1,-0.1022190973162651,-2.328290700912476,1.5696170330047607,1,0.0055553880520164,-0.0202146228402853,0.0450225844979286,0,0.3228869438171386,-1.2713059186935425,2.4524588584899902,1,-0.0022875303402543,0.0023069556336849,-0.0389705412089824,0,-0.0044524352997541,-0.0133827328681945,-0.0161982849240303,0,0.0054707694798707,0.1442892998456955,0.050160139799118,0,-0.0042831362225115,0.140309140086174,-0.1046946793794632,0,-0.0167939588427543,-0.0208650231361389,-0.002092215232551,0
1.3284481763839722,-0.768974244594574,15.622846603393556,0.0067716804333031,-0.0009879099670797,-0.0158056542277336,0,-0.0001060635258909,0.0158696975558996,-0.0412120409309864,0,-0.8709097504615784,-0.9469039440155028,6.87096118927002,1,0.001612129388377,-0.0002505914890207,0.0168028976768255,0,1.0548969507217407,0.3810010254383087,1.607343077659607,1,-0.8839150667190552,-0.5165737271308899,2.518363237380981,1,0.0050073838792741,-0.0063393656164407,-0.0158309396356344,0,2.017629623413086,0.3019428849220276,4.693687915802002,1,-0.0025386800989508,0.0032675403635948,-0.0114632211625576,0
-2.2183337211608887,1.2241613864898682,13.195384979248049,-0.008190550841391,0.0250630304217338,0.0088036088272929,0,0.0154690323397517,0.0329156443476676,0.7641885280609131,1,0.00324695603922,-0.0302010644227266,0.0019907411187887,0,-1.126314997673035,1.7031389474868774,2.2318544387817383,1,0.2138885855674743,0.2831431627273559,2.640854597091675,1,0.1122577488422393,0.1266245692968368,1.68168044090271,1,0.2941965460777282,-2.985127210617065,4.623519420623779,1,-1.742560863494873,2.073300838470459,1.26705801486969,1,0.0196738708764314,-0.0046964017674326,-0.0245655234903097,0
-0.0656984597444534,-0.15127794444561,10.852188110351562,-0.1147313565015792,0.2453273087739944,0.6731583476066589,1,0.0010923064546659,0.0072526801377534,-0.0042229103855788,0,0.0019349207868799,0.0042009716853499,-0.0193761009722948,0,-0.0596465766429901,-0.3820405304431915,10.272586822509766,1,0.006387157831341,0.0120060611516237,-0.1178916841745376,0,-0.0149235250428318,-0.0122357606887817,0.0015736798522993,0,0.1161938980221748,-0.0429542288184165,0.0849916040897369,0,-0.0026803323999047,0.0085928738117218,-0.0332526005804538,0,0.0006750455358996,0.0085726780816912,-0.0053791580721735,0
-0.0042008170858025,-0.0167239140719175,-0.1341265141963958,0.004777661524713,0.0013146380661055,-0.0069534629583358,0,0.00148606300354,-0.0068859248422086,0.0110299587249755,0,-0.0042088357731699,-0.0016574622131884,-0.0199030935764312,0,-0.0044604795984923,-0.0028258061502128,-0.0292564164847135,0,0.0032321710605174,0.0036117730196565,-0.0508515313267707,0,0.0006601599743589,0.0047784121707081,-0.0114324241876602,0,2.818674147420097e-05,0.0001064001844497,-0.0154026867821812,0,-0.0013392065884545,-0.0072472756728529,0.0170357748866081,0,-0.0043765371665358,-0.007918668910861,-0.0283926278352737,0
-0.6878543496131897,-1.4396268129348757,20.16120338439941,-0.0224606152623891,0.0108062112703919,-0.0247374679893255,0,-0.0043180594220757,-1.129613757133484,11.320348739624023,1,-0.0047355284914374,-0.0077397534623742,0.0376062728464603,0,0.5372257232666016,0.5267266035079956,2.3491904735565186,1,-0.1187314242124557,-0.1477881073951721,0.2950559556484222,0,0.0034428490325808,0.0185284670442342,-0.0584383606910705,0,-1.0848042964935305,-0.7252309322357178,6.314152717590332,1,0.0069084954448044,0.0073105441406369,-0.0679230615496635,0,-0.0003814481024164,0.0073740351945161,-0.004052173346281,0
0.2678191363811493,-0.379114031791687,11.3970365524292,-0.0132609428837895,0.0019147320417687,-0.0072298608720302,0,0.1782259196043014,0.367924690246582,0.3691062331199646,0,-0.0475835427641868,-0.0669331327080726,0.2530142664909363,0,0.0042112879455089,-0.0001100599110941,0.026876974850893,0,-0.1000919267535209,-0.7665424942970276,8.60744857788086,1,-0.0036384933628141,-0.0006453450769186,-0.0297195371240377,0,0.2509882152080536,0.0833295956254005,2.199106216430664,1,-0.0005514121148735,-0.0048986575566232,-0.0202205143868923,0,-0.0004799763555638,0.0068466220982372,-0.0013455912703648,0
1.36679208278656,0.0266809705644845,11.795260429382324,0.0057515357621014,0.0028535346500575,-0.0115261692553758,0,0.3985379934310913,0.4732632040977478,0.9900452494621276,1,-1.063548922538757,-0.5810481905937195,2.3426198959350586,1,-0.0049666222184896,-0.0012351133627817,-0.0437950938940048,0,2.2189009189605717,0.2205997705459594,4.670112609863281,1,-0.3034033477306366,-0.1141498610377311,1.3162684440612793,1,0.000119653152069,-0.0023076168727129,-0.0011368480045348,0,0.1232687756419181,0.0257948823273181,2.5249361991882324,1,-0.0078678149729967,0.0029103509150445,0.0077353990636765,0
-7.462979793548584,-8.954888343811035,15.855147361755373,-0.0474345088005065,0.0011222187895327,0.011955177411437,0,1.5233752727508545,-0.9137818217277528,2.72415542602539,1,-2.15458345413208,0.8247248530387878,2.8129260540008545,1,-0.0129622863605618,0.0049871038645505,0.0041957693174481,0,1.204811692237854,-0.8902326226234436,1.3244447708129885,1,-2.346675157546997,-0.1720614433288574,3.464463472366333,1,-0.0071120248176157,-0.0668353512883186,-0.0487753935158252,0,1.3812404870986938,-0.7278696298599243,2.0087056159973145,1,-7.0036396980285645,-7.014941692352295,3.5530765056610107,1
0.1809194833040237,-1.2108583450317385,9.994054794311523,0.0277099031955003,0.0108171347528696,-0.007943233475089,0,-0.0039929253980517,0.0106022441759705,-0.018957182765007,0,-0.2386292219161987,-0.0579942874610424,4.513416767120361,1,0.0058418889530003,-0.0050828051753342,0.0027752323076128,0,-0.0013881843769922,0.0404822491109371,0.0162342991679906,0,0.1837242990732193,-0.5812109112739563,3.741865873336792,1,0.0091882934793829,-0.0909965634346008,0.0413414128124713,0,0.0108040887862443,-0.0149722564965486,0.000874891935382,0,0.1876613199710846,-0.5225030779838562,1.70444655418396,1
1.6565018892288208,-0.6746715307235718,17.45676040649414,0.0431921333074569,0.0107275657355785,-0.0024504109751433,0,-0.0046572014689445,0.0545675717294216,-0.040445789694786,0,2.1371617317199707,0.3524384498596191,5.158499240875244,1,0.007539929356426,-0.0007828146917745,0.001460259896703,0,0.0008436783682554,0.0692849457263946,0.0410254783928394,0,0.2957652807235718,-0.7468214631080627,7.298539638519287,1,0.0100077586248517,-0.0478794202208519,0.0415616966784,0,0.01460628118366,0.0166555363684892,-0.0124910939484834,0,-0.8479577302932739,-0.382861852645874,4.971061706542969,1
1.2507174015045166,2.484182834625244,3.835764408111572,-0.0270213466137647,0.0239120852202177,0.0393026135861873,0,0.3470006883144378,0.4273853600025177,0.2876587808132171,0,-0.2551788091659546,0.1474534720182418,0.3766034245491028,0,-0.0118029788136482,0.0257836449891328,-0.0410233996808528,0,0.9428294897079468,0.957282543182373,1.359076738357544,1,-0.4856626093387604,0.2690450847148895,0.9241899251937866,1,-0.0061797271482646,-0.0010001487098634,-0.0260303113609552,0,0.8643512725830078,0.5128012299537659,0.6965525150299072,1,-0.1176185607910156,0.1215196400880813,0.219434380531311,0
0.0762667804956436,0.2802121341228485,17.214780807495117,0.0229033082723617,-0.0018542717443779,-0.0188108272850513,0,0.4221717417240143,1.185550332069397,3.030151844024658,1,-0.0041997325606644,-0.009758130647242,-0.0355888083577156,0,0.0027527078054845,0.0008761341450735,-0.0206820741295814,0,-1.1021311283111572,-1.2048141956329346,11.889653205871582,1,0.0154227046296,0.0036184755153954,-0.0289615448564291,0,0.7221777439117432,0.3073324561119079,2.4369380474090576,1,0.0006009135977365,0.0033675986342132,-0.0105734495446085,0,-0.0034314603544771,-0.0041062990203499,-0.027345398440957,0
-0.7810312509536743,3.366318225860596,10.135757446289062,3.11882758140564,-0.5832082629203796,2.113276243209839,1,-0.0944840908050537,0.0596587248146534,-0.000335787772201,0,0.0205258838832378,-0.0116850994527339,0.0093627022579312,0,0.927532970905304,-0.7710633277893066,1.2250416278839111,1,-0.0649769082665443,1.1283814907073977,4.446803569793701,1,0.0160284377634525,0.0088198883458971,-0.0004808357043657,0,-0.0089045446366071,-0.0450948067009449,0.0062543102540075,0,-4.661839008331299,3.520322322845459,2.4179470539093018,1,-0.0337415821850299,0.0601872615516185,-0.0821109488606453,0
1.4999420642852783,-0.6689175367355347,10.536505699157717,0.2415727525949478,0.1973959058523178,0.7952496409416199,1,-2.773034811019897,-1.0445021390914917,3.9350619316101074,1,-0.00366239878349,-0.0168690904974937,-0.056009616702795,0,1.5569298267364502,0.4476903080940246,1.456554293632507,1,-1.3112423419952393,-0.7643892765045166,3.18125319480896,1,-0.0126561447978019,-0.0045059872791171,0.0170827750116586,0,3.946477890014648,0.6327608823776245,0.7608014941215515,1,-0.1425543129444122,-0.1117491871118545,0.4712557792663574,0,-0.0018885118188336,-0.0047489521093666,-0.0247426759451627,0
0.8859747648239136,0.3878239691257477,19.275957107543945,0.002303009154275,0.0044772778637707,-0.0001245942548848,0,0.1885038912296295,0.5098237991333008,0.5246699452400208,1,-0.476898044347763,-0.3175049424171448,1.2178980112075806,1,-0.0008952861535362,0.0025304839946329,-0.0415009558200836,0,0.8370094299316406,-0.6258394122123718,11.268160820007324,1,-0.00431485241279,-0.004289680160582,-0.0126353055238723,0,0.0011923861457034,-0.0021650868002325,-0.007376320194453,0,0.3428910672664642,0.8163802623748779,6.357023239135742,1,-0.0038168467581272,0.0044112899340689,-0.0301566608250141,0
3.043042182922364,0.0212553516030311,7.780614376068115,3.886277675628662,-0.9460033774375916,0.3118070662021637,0,-0.2311979383230209,0.0908045098185539,0.908664345741272,1,0.0076090143993496,0.0029594581574201,-0.0582571849226951,0,2.060236930847168,-0.5698729157447815,0.4040678441524505,0,-1.6644748449325562,0.7933632731437683,2.452139139175415,1,0.0255374200642108,0.0168106406927108,-0.0320508033037185,0,1.282714605331421,-0.4330845177173614,1.150684118270874,1,-2.3237545490264893,1.050115942955017,2.640568733215332,1,9.358071838505566e-05,0.0161623731255531,0.0029910651501268,0
1.637486696243286,0.1471117287874221,17.69313621520996,0.365262508392334,-0.3762584030628204,2.5346217155456543,1,-0.2174928039312362,0.365957647562027,0.1133531630039215,0,0.0079156551510095,-0.0123684983700513,-0.0409863591194152,0,-0.0053787436336278,0.0136249391362071,-0.0228431746363639,0,0.5336697697639465,1.3600634336471558,9.8380765914917,1,0.0158320385962724,0.0011679914314299,0.0037819636054337,0,0.0099313519895076,-0.0376642905175685,0.0319719724357128,0,0.9257855415344238,-1.1686997413635254,5.300086975097656,1,0.0019613141193985,0.0012886031763628,-0.0649286657571792,0
0.1387088149785995,-0.4539615511894226,9.091957092285156,0.0128253875300288,0.0011899911332875,-0.0208431053906679,0,0.186555728316307,0.3265348374843597,1.009768843650818,1,0.000735767360311,-0.0139188822358846,-0.0071438401937484,0,-0.0068798535503447,0.0016271333443,-0.080467864871025,0,-0.0428338907659053,-0.7286158800125122,6.444502830505371,1,-0.023298567160964,-0.0020177259575575,-0.0042320047505199,0,-0.0024329980369657,0.0015439185081049,0.0004816777363885,0,0.0084861535578966,-0.0379637330770492,1.75113844871521,1,0.0055510713718831,-0.0023412052541971,-0.0012476594420149,0
0.590189516544342,-0.4143208861351013,14.665352821350098,0.0146585125476121,0.0011747538810595,-0.0200643576681613,0,1.2757867574691772,0.1105110645294189,9.79449462890625,1,0.0001280487922485,0.0053439801558852,0.0165108945220708,0,0.0020724544301629,0.0051346644759178,0.0115510281175374,0,-0.7460916638374329,-0.5326316356658936,4.844711780548096,1,-0.0040497090667486,-0.0071186083368957,-0.0116758672520518,0,0.0158138964325189,0.0099843638017773,0.0213974751532077,0,0.0323058441281318,-0.0132957231253385,-0.0092023611068725,0,-0.0004346274945419,0.006576239131391,0.0176294762641191,0
-0.2778376936912536,-0.614377498626709,5.778184413909912,-0.0115301646292209,0.0067083500325679,0.0079013248905539,0,0.1393513679504394,0.1556983441114425,0.2848036289215088,0,-1.364397048950195,-0.4870858192443847,1.809220314025879,1,0.0060140048153698,0.0028052465058863,0.0152120403945446,0,0.8686122894287109,0.172433003783226,1.379719614982605,1,-0.7609103918075562,-0.3186477422714233,1.5091876983642578,1,0.0094243111088871,-0.0054855039343237,0.0025496403686702,0,0.8872289657592773,-0.0915678814053535,0.7151891589164734,1,-0.051631037145853,-0.0492354445159435,0.0544010289013385,0
1.286220908164978,-1.7859772443771362,3.4415385723114014,0.3821867406368255,-0.2803595066070556,0.2051610797643661,0,-0.0656696707010269,-0.1310392916202545,0.3254325687885284,0,0.002580267842859,-0.0205719396471977,-0.0442073345184326,0,0.7859079837799072,-0.5750865936279297,-0.0650140196084976,0,-0.3255033791065216,-0.2382407039403915,1.4641809463500977,1,-0.0133525384590029,-0.0301834587007761,0.5722352862358093,1,0.7434468269348145,-0.3080898821353912,0.3122600317001343,0,-0.2231983989477157,-0.2010853886604309,0.6832336783409119,1,-0.0001769035588949,-0.0013204752467572,-0.0117438463494181,0
0.294013649225235,-3.5752270221710205,10.716028213500977,0.5044099688529968,-1.5614112615585327,5.709973812103272,1,-0.6364868879318237,0.1570771634578704,0.3035463988780975,0,-0.0019888286478817,0.0082062603905797,-0.018380282446742,0,0.9359360337257384,-1.100398302078247,2.560023546218872,1,-0.443203866481781,-0.5079693794250488,1.447051167488098,1,0.0063169179484248,-0.0059749190695583,0.0098186712712049,0,0.0019696729723364,-0.090609923005104,0.0091251572594046,0,-0.0900811925530433,-0.4332616925239563,0.6972416043281555,1,0.0171418171375989,-0.0408846884965896,-0.0023714806884527,0
0.602073609828949,-0.4686593115329742,8.404425621032715,0.283076524734497,-0.2306036949157714,1.6399794816970823,1,-0.2448479235172271,0.1499758809804916,0.4706808030605316,0,3.9410639146808535e-05,0.0022388633806258,-0.009356502443552,0,0.2367160469293594,-0.1225451007485389,0.7049193978309631,1,0.182269811630249,0.0802890136837959,2.7145564556121826,1,0.0019872861448675,0.0023567157331854,-0.0016733333468437,0,-0.0029925960116088,-0.0668658465147018,-0.0237507354468107,0,0.1437593251466751,-0.285904198884964,2.904573678970337,1,0.0020657093264162,0.0023990543559193,0.0044966139830648,0
-0.1594460308551788,-0.1486365646123886,22.629642486572266,-1.0218009948730469,0.8077758550643921,6.968513011932373,1,0.0288644861429929,-0.0416664183139801,0.1332267820835113,0,0.0050122113898396,0.0080733727663755,-0.0132915405556559,0,0.8510907292366028,-0.9218042492866516,3.2471811771392822,1,0.0574880242347717,0.5288702249526978,1.9382507801055908,1,0.0109404092654585,-0.0050971023738384,-0.0043866513296961,0,-0.0542848892509937,0.0353293120861053,-0.0350527353584766,0,-0.0388670712709426,-0.6093350648880005,10.443016052246094,1,0.0021110400557518,0.0492174513638019,-0.0478142835199832,0
0.7007317543029785,-0.9743875861167908,13.141932487487791,0.0161933880299329,-0.0004694076778832,-0.0161707457154989,0,-0.3028358817100525,-0.0436662025749683,6.792393207550049,1,-0.0018122518667951,-0.0483802109956741,-0.0383852794766426,0,0.118935503065586,0.2350134700536728,0.2401702851057052,0,-0.1170862913131713,-1.3019028902053833,1.85469388961792,1,0.0133372489362955,-2.6465606424608268e-05,0.0331117771565914,0,0.9738998413085938,0.2203049659729004,4.317520618438721,1,0.00294014881365,-0.0606434941291809,0.0123833892866969,0,-0.0028400036972016,0.0253826156258583,-0.0537838712334632,0
2.972959280014038,1.9132401943206787,16.375547409057617,-0.0029592770151793,1.402099609375,2.1699934005737305,1,-0.0034880177117884,0.0159181226044893,-0.0043067364022135,0,0.0009750880417414,0.0105358259752392,0.0135468561202287,0,2.025315284729004,-0.9626424908638,5.79464054107666,1,-0.0642943456768989,1.0793417692184448,0.5707294940948486,1,-0.0119651881977915,0.0019421593751758,-0.0082944706082344,0,0.0041613685898482,-0.0049427868798375,-0.0403942018747329,0,1.0268380641937256,0.3437781631946563,7.850635528564453,1,-0.0016238404205068,0.0272099338471889,0.028998153284192,0
-4.188867568969727,-5.890846252441406,8.794851303100586,0.0391454510390758,0.0043877782300114,-0.0070973755791783,0,1.5709466934204102,-1.5982770919799805,1.310160756111145,1,-0.0911588743329048,0.0455561839044094,0.1230223178863525,0,0.0006054044351913,0.009334085509181,0.0598073713481426,0,0.4328535795211792,-0.0464442148804664,1.558671236038208,1,-0.8087677359580994,0.1593338847160339,2.3104493618011475,1,-0.0046098087914288,-0.0018922102171927,-0.0257935114204883,0,-0.0059905634261667,-0.098521389067173,0.2101383060216903,0,-5.321891784667969,-4.364323616027832,3.255492210388184,1
-0.1151380538940429,-0.1427901536226272,7.8452959060668945,-0.0073177795857191,0.0059279147535562,0.0089995507150888,0,0.0033137395512312,0.0072023724205791,0.0012823075521737,0,-3.220639700884931e-05,0.0122182918712496,0.0053947675041854,0,-0.0037332191132009,-0.000977364485152,-0.0406994856894016,0,-0.3868544101715088,0.2953701019287109,4.142375469207764,1,0.010091783478856,0.004989068955183,-0.0345879420638084,0,0.0005374286556616,-0.0009420758578926,-0.0075439754873514,0,0.265795350074768,-0.4579813182353973,3.785341024398804,1,0.0030612668488174,-0.0085971215739846,-0.015265492722392,0
-1.6580225229263306,3.010157346725464,6.197041988372803,2.0638251304626465,-0.5318714380264282,2.148028612136841,1,-0.2816584706306457,0.7399128079414368,-0.5344824194908142,0,-0.0009419661364518,-0.0009077219292521,0.00421585701406,0,0.6230649948120117,-0.4378104209899902,0.6705620288848877,1,-0.1951678395271301,0.6260098814964294,2.4453248977661133,1,0.0122464131563901,-0.0119555173441767,-0.0399655885994434,0,-0.0183036439120769,0.052869264036417,-0.0223794896155595,0,-3.810328722000122,2.5265212059021,1.5905606746673584,1,-0.0507585331797599,0.0473893098533153,-0.0648226514458656,0
-0.8246636390686035,-0.3587507903575897,7.899830818176269,-0.0121953161433339,-0.0004766673373524,-0.0198381897062063,0,0.0342983417212963,0.0608656704425811,0.1420359313488006,0,-2.63427472114563,-1.1003854274749756,3.403373003005981,1,0.0027126853819936,0.0012744239065796,-0.0081745712086558,0,0.9270177483558656,0.841529369354248,2.1127865314483643,1,-0.3287717401981354,-0.380166620016098,0.9894170761108398,1,0.0031568496488034,-0.0086098350584506,-0.0192811023443937,0,1.182146430015564,0.2205800563097,1.2822532653808594,1,0.0012460813159123,0.0066382102668285,0.0172593090683221,0
-0.8848518133163452,-4.476840972900391,11.9384765625,0.7302609086036682,-1.093204379081726,1.8625810146331787,1,-1.6821184158325195,-0.7971503138542175,1.4426724910736084,1,-0.0001673817168921,-0.0199287738651037,0.390345960855484,0,0.5111616253852844,-0.6575618386268616,1.0501688718795776,1,-0.1933182477951049,-0.6646429896354675,2.268070697784424,1,0.0134606221690773,-0.0080677717924118,0.0229795090854167,0,-0.0012354052159935,-0.0769867599010467,-0.0184218194335699,0,-0.2627219259738922,-1.1582690477371216,4.936500549316406,1,-0.0001735755504341,-0.0010291688377037,-0.016421765089035,0
-0.0556846000254154,-0.3125837743282318,6.276358127593994,0.0071211075410246,-0.0018771440954878,0.0201249327510595,0,0.1814759522676468,0.1324236392974853,1.1699224710464478,1,-4.492026346269995e-05,0.0093048335984349,0.0565099827945232,0,0.0003827399632427,0.000842543435283,-0.0232556350529193,0,0.0044286521151661,-0.2496262043714523,4.305386066436768,1,-0.0146237388253211,-0.0029126657173037,-0.014648993499577,0,-0.0019626943394541,-0.0007956300978548,0.0016908216057345,0,-0.2334313690662384,-0.1927521377801895,0.7887075543403625,1,0.0009696728084236,-0.0071910009719431,-0.0280794017016887,0
-1.5555280447006226,0.0610696226358413,6.133488655090332,0.046768482774496,-0.2512615323066711,1.4770290851593018,1,-0.3261576890945434,0.0366225056350231,0.907930314540863,1,0.0054687336087226,-0.016519121825695,-0.0522802844643592,0,0.2281197309494018,-0.038192443549633,0.8185706734657288,1,-1.1134557723999023,0.1597740799188614,1.4379314184188845,1,-0.0057069291360676,0.0129750110208988,-0.0290015432983636,0,0.3765533864498138,-0.0159112755209207,0.8779053688049316,1,-0.7667253017425537,0.1745653599500656,0.7008267045021057,1,-0.0003928537480533,-0.0009829609189182,-0.0054231751710176,0
0.7742447853088379,0.4152992367744446,10.760422706604004,-0.2423974275588989,0.633517324924469,5.415673732757568,1,-0.0028638213407248,0.0102178119122982,-0.0129787027835845,0,-0.0004144011472817,0.0158191565424203,0.0570236593484878,0,0.9636407494544984,-0.2558910548686981,5.1438984870910645,1,-0.0037801864091306,-0.0034307625610381,0.009269000031054,0,-0.0026309539098292,0.0104149030521512,-0.0022764718160033,0,0.0553432404994964,-0.0001890807907329,0.1552464365959167,0,-0.0025196089409291,0.0080289617180824,-0.0277234259992837,0,0.0098671820014715,-0.0031879844609647,0.022290239110589,0
1.4034980535507202,-0.2298499494791031,5.9174675941467285,0.0146948369219899,0.0055054984986782,0.0225059632211923,0,-0.6415980458259583,-0.2671796977519989,2.210808753967285,1,-0.0021467781625688,0.0005872343317605,-0.0025306872557848,0,0.880158543586731,-0.1101956889033317,0.1228815838694572,0,-0.3843755722045898,0.2243557125329971,1.497034192085266,1,0.0065545565448701,0.1005793213844299,0.9219215512275696,1,1.5778255462646484,-0.2323600649833679,0.5359288454055786,1,-0.048800989985466,0.0488868579268455,0.6028643846511841,1,0.0011859107762575,-2.9137443561921827e-05,0.0060529243201017,0
-0.1466282606124878,1.3591428995132446,10.296623229980469,2.051511764526367,-0.4393713176250458,4.922281742095947,1,-0.1157105192542076,0.0875368639826774,-0.0039299023337662,0,0.0115436781197786,-0.0007525430410169,0.0171974096447229,0,0.8410370349884033,-0.7085248827934265,2.0988926887512207,1,-0.1006999015808105,0.4391680657863617,1.3241668939590454,1,0.0125044826418161,0.0021533356048166,-0.0098246065899729,0,0.0016835128189995,0.0447956584393978,0.0446313209831714,0,-2.8791606426239014,1.948086261749268,1.9346071481704712,1,0.0306621864438056,-0.0139485774561762,-0.0313999988138675,0
-0.007302401587367,0.3189476132392883,12.038686752319336,0.413862943649292,-0.0785702615976333,0.4829830527305603,0,-1.1788076162338257,0.3620473742485046,3.3915112018585205,1,-0.0075078099034726,-0.008413759060204,-0.0240093506872653,0,0.4768827855587005,-0.0723400264978408,0.7417504191398621,1,0.3928452730178833,0.1220936402678489,3.664441108703613,1,0.0041066966950893,0.0044828671962022,-0.0117919696494936,0,-0.0126813668757677,-0.0022688950411975,-0.0452761240303516,0,-0.1111522391438484,-0.056176122277975,3.878877639770508,1,0.0151489172130823,0.0480927973985672,-0.0397987999022007,0
2.183488607406616,0.5174639821052551,11.087478637695312,0.1728900521993637,0.4441595673561096,1.018341064453125,1,-1.3875128030776978,-0.5795544385910034,3.3693108558654785,1,-0.0010582534596323,-0.0122144669294357,-0.054489716887474,0,2.1480422019958496,0.6548148989677429,1.197121024131775,1,-0.4278292953968048,-0.0115889245644211,1.451858401298523,1,0.003818103345111,0.0003077656729146,0.0027677188627421,0,1.9931435585021973,0.1013766080141067,2.587735414505005,1,-0.3148578703403473,-0.0902184695005416,1.5268317461013794,1,-0.0031472113914787,0.0103814844042062,-0.0119978440925478,0
1.5507819652557373,0.3978153169155121,5.632904052734375,-0.001154365716502,0.0052888435311615,-0.0087345335632562,0,0.6303496360778809,0.2475442141294479,0.6033533215522766,1,-0.0453496575355529,-0.016170123592019,-0.0012257113121449,0,0.0063198702409863,-0.010289710946381,0.2558711767196655,0,1.0129680633544922,0.1707984954118728,2.1868741512298584,1,-0.4655306041240692,0.0380512215197086,1.5247230529785156,1,0.0048905187286436,-0.0032379808835685,-0.0025495779700577,0,0.8568956255912781,-0.0461887866258621,0.7788957953453064,1,-0.4486072361469269,0.0120191285386681,0.2956960201263428,0
-1.7347228527069092,1.5603952407836914,11.642841339111328,-0.0096603324636816,0.0122396321967244,-0.0395708493888378,0,1.7188756465911863,-0.0885848328471183,1.9981013536453247,1,-0.6459594964981079,0.8209378123283386,1.2607367038726809,1,0.001277390983887,0.0057465727441012,0.0087542235851287,0,0.9544252157211304,0.6021936535835266,1.804448366165161,1,-0.9941832423210144,0.7595035433769226,3.145526647567749,1,0.0181259401142597,0.0457702912390232,0.054580170661211,0,0.4639798700809479,0.031030174344778,0.1469365507364273,0,-3.24160385131836,-0.6284417510032654,3.263328313827514,1
1.0204918384552002,-0.4570187926292419,5.098515510559082,0.0044129840098321,-9.078512084670364e-05,-0.0243497155606746,0,0.2177925407886505,0.0603486038744449,0.1851852089166641,0,-0.9463933110237122,-0.2856976985931396,0.978029191493988,1,0.0044047781266272,-0.0039731273427605,0.0899473056197166,0,1.0731993913650513,0.0039138826541602,1.556343674659729,1,-0.5935511589050293,-0.0396384969353675,1.5680856704711914,1,-0.0008569121127948,0.0026904579717665,-0.0022681534755975,0,1.254204511642456,-0.2056401669979095,0.7418301105499268,1,0.0072789904661476,0.0110685257241129,0.0057124770246446,0
0.9885613918304444,0.7025436162948608,15.014984130859377,0.0066280635073781,-0.0018326261779293,-0.019902765750885,0,0.9999632239341736,-1.2274636030197144,0.6714391112327576,1,-1.110794186592102,1.605822205543518,4.923094272613525,1,0.004958757199347,0.0010510017164051,-0.0116498060524463,0,0.2423761487007141,-0.3581039011478424,-0.4763410985469818,0,0.0806736871600151,-0.0945009067654609,3.3808960914611816,1,0.0057491580955684,0.0068738330155611,0.0638841539621353,0,0.0058432859368622,-0.0465534217655658,-0.0407166816294193,0,0.75316321849823,0.8172510266304016,6.524281024932861,1
1.5400519371032717,2.347825050354004,8.12307071685791,0.0751637443900108,-0.054764661937952,0.4044678509235382,0,-0.2108132094144821,0.1044861897826194,0.6048901677131653,1,0.0152992308139801,0.0040443837642669,-0.0208151508122682,0,0.6498166918754578,0.8257124423980713,1.5236687660217283,1,-0.1257933229207992,0.333857774734497,2.305492639541626,1,0.005231266375631,-0.0056361565366387,0.0052421451546251,0,1.4769456386566162,1.0465126037597656,1.207196593284607,1,-0.3722231090068817,0.1008802503347396,2.0378963947296143,1,0.0264250934123992,-0.0072673633694648,0.0550311170518398,0
-1.557708740234375,-4.277049541473389,8.724332809448242,-0.0479679070413112,-0.0070097651332616,0.0167739558964967,0,1.2636113166809082,-0.9985703229904176,1.349966526031494,1,-0.3835492432117462,0.1463737040758133,0.3008656799793243,0,0.0030394745990633,0.0070673171430826,0.1522206217050552,0,0.7157419919967651,-0.0645146965980529,1.8515405654907229,1,-0.8668702840805054,0.1343641877174377,2.376488447189331,1,0.0002301361819263,0.0013938883785158,0.0711194947361946,0,0.6698257923126221,-0.2617450356483459,0.4510166645050049,0,-2.9117701053619385,-3.2344088554382324,2.154341220855713,1
0.2528897523880005,-0.1697938144207,4.494305610656738,-0.0041956161148846,0.0061428379267454,0.0308149773627519,0,0.5887251496315002,0.388019859790802,1.958278775215149,1,0.0002087610046146,-0.0168876145035028,-0.0392456091940403,0,-0.0015182089991867,0.002192482817918,0.0048866774886846,0,-0.0908394828438758,-0.319687932729721,1.1369872093200684,1,-0.010746669024229,-0.0042782463133335,0.019058683887124,0,-0.2298479676246643,-0.2196915745735168,1.4300060272216797,1,0.0026928526349365,0.0001248983753612,-0.0234017446637153,0,-0.0015890662325546,-0.0057285372167825,-0.0230795610696077,0
0.8516643047332764,-0.7120426893234253,12.502963066101074,-0.014556030742824,0.0141166802495718,0.0547951459884643,0,-0.3140753507614136,0.4117534458637237,3.949963092803955,1,-0.006815324537456,-0.0119045237079262,-0.0640469267964363,0,0.0028291367925703,-0.0004843671922571,-0.0044389711692929,0,1.2794063091278076,-1.4025532007217407,3.611910581588745,1,-0.0035773974377661,-0.0063299499452114,-0.0090864086523652,0,0.0011544219451025,-0.000128970525111,-0.0029689474031329,0,0.0178157966583967,-0.0133570898324251,0.0215395707637071,0,-0.1105172634124755,0.2968452870845794,4.945295333862305,1
-0.2119768857955932,-0.1190238371491432,6.29725456237793,0.0236435979604721,0.025460148230195,0.0689345970749855,0,0.0103060770779848,-0.0118291787803173,0.022071249783039,0,-0.0001990821911022,-0.0008620205917395,-0.0265205223113298,0,0.1129607483744621,-0.0962772741913795,4.295055389404297,1,-0.0048656016588211,-0.0030516106635332,0.0017407888080924,0,-0.0255056880414485,-0.0140813887119293,0.0299602467566728,0,-0.3216836750507355,-0.0163015071302652,1.9147497415542605,1,-0.0120398104190826,-0.0025261018890887,0.0024927165359258,0,0.0054065589793026,0.0004450980923138,-0.0112300598993897,0
0.4034530222415924,-0.3309411108493805,5.282781600952148,0.0024491411168128,-0.0007904925732873,0.0183663293719291,0,-0.0683121010661125,0.0113163376227021,0.0438217744231224,0,-0.0050737257115542,1.278516629099613e-05,-0.0206648707389831,0,0.001112837693654,-0.0006845091702416,-0.0013421006733551,0,-0.1181352660059928,-0.008367228321731,3.5812361240386963,1,0.0261664055287837,0.0014057800872251,-0.0200733114033937,0,-0.0039714723825454,-0.0009864992462098,-0.0099655156955122,0,0.5687465667724609,-0.3440611660480499,1.6925498247146606,1,0.0004706112667918,0.0112138809636235,-0.001146950176917,0
0.5142497420310974,-0.7765378952026367,16.617494583129883,0.0124177113175392,0.0002632515097502,-0.0400059334933757,0,-1.1836113929748535,-0.9785823225975036,9.904277801513672,1,-0.0052976794540882,-0.0021563642658293,-0.0090379975736141,0,0.5528823137283325,0.2386087328195572,0.5841292142868042,1,-0.9224190711975098,-0.4696209728717804,3.0320634841918945,1,-0.0193923041224479,-0.007486374117434,0.0228544995188713,0,2.075212955474853,0.4273348748683929,3.136378765106201,1,0.0052758785896003,0.0081483023241162,-0.0165896415710449,0,-0.0008187157218344,0.0069529083557426,0.0034227916039526,0
-1.239628791809082,-0.3881869316101074,9.530539512634276,0.065654806792736,0.0051796319894492,-0.0088263181969523,0,0.1713548153638839,-0.0188516788184642,0.8194367289543152,1,-1.0347299575805664,0.4221251606941223,1.693284273147583,1,0.0100719537585973,0.0297223944216966,0.1981254518032074,0,0.584476888179779,0.0727132633328437,2.1935596466064453,1,-0.9796926379203796,-0.0075812679715454,3.097205877304077,1,0.033685564994812,-0.1561705470085144,0.0063901031389832,0,0.7134585380554199,-0.3530719876289367,0.632972240447998,1,-0.80390864610672,-0.3822518587112427,0.8983920216560364,1
2.22135591506958,-2.2054102420806885,15.700069427490234,-0.0730076134204864,0.0042007989250123,-0.0476487465202808,0,1.1100140810012815,1.6157100200653076,5.835337162017822,1,-0.0003052879474125,-0.0194327272474765,-0.0173394996672868,0,-0.0025080263148993,0.0158486831933259,-0.0227854307740926,0,-0.0820434316992759,-3.7504916191101074,0.9780609011650084,1,0.0166779104620218,0.0127344187349081,0.0194344334304332,0,1.252764105796814,-0.0804402977228164,9.033458709716797,1,0.0059182634577155,0.0044876695610582,-0.0615765042603015,0,-0.0061541399918496,-0.0080273924395442,-0.0168708153069019,0
0.1778604239225387,1.179108738899231,13.535497665405272,-0.0098568368703126,0.0678690522909164,3.984278678894043,1,-0.494885504245758,0.4145068824291229,-0.1931609958410263,0,0.1733371913433075,0.0823335275053978,-1.2894517183303833,0,1.3872605562210083,0.1401436775922775,4.234708786010742,1,-0.3622772097587585,0.351066380739212,2.955551147460937,1,0.0054687215015292,0.0028563553933054,-0.004861865658313,0,0.2320869117975235,-0.0886101946234703,0.6873070597648621,1,-0.7623038291931152,0.2179131656885147,3.1896426677703857,1,0.0090304501354694,-0.0089701525866985,-0.0285167470574378,0
-0.7304800748825073,-0.1133401691913604,6.173488616943359,1.2013448476791382,-0.9229458570480348,3.665128946304321,1,0.0095450626686215,0.0433426015079021,0.0147076556459069,0,-0.0004242967697791,-0.0112022422254085,0.0026223186869174,0,0.2835352122783661,-0.2018819749355316,0.1695541739463806,0,-0.1072730049490928,0.0778158903121948,0.2668642103672027,0,-0.0007956829504109,0.0044203349389135,-0.0087912417948246,0,0.0049458192661404,0.0730432793498039,0.0484767518937587,0,-2.10756254196167,0.8397548198699951,2.046736240386963,1,-0.0137956328690052,-0.0156869553029537,-0.0318104065954685,0
0.1803717613220214,1.320805311203003,12.598801612854004,0.3229210376739502,-0.3103662431240082,0.2922088801860809,0,-0.06521887332201,1.3133221864700315,0.4197360277175903,0,-0.0102875940501689,-0.0128564108163118,-0.0156338047236204,0,-0.0011588764609768,0.0068595777265727,-0.0403092540800571,0,2.197385787963867,-2.55966591835022,9.797194480895996,1,0.0223985519260168,0.0198621973395347,0.0266575627028942,0,0.0058780061081051,0.0563582591712474,3.6363646358950064e-05,0,0.0554229579865932,-0.2598868012428283,0.0264017693698406,0,-2.3469691276550293,3.06717848777771,2.092510461807251,1
1.4271821975708008,0.6232864260673523,19.124414443969727,0.0043491059914231,0.0070073753595352,-0.0184397790580987,0,0.3935901820659637,0.3241257071495056,8.537012100219727,1,-0.0017509879544377,-0.0041059358045458,-0.0371328704059124,0,0.0009402723517268,0.0063560088165104,-0.009948774240911,0,1.955751895904541,-0.8255622386932373,7.381242275238037,1,0.008044458925724,-0.0033727660775184,-0.0227677207440137,0,0.0033213307615369,-0.0020437585189938,-0.0064325439743697,0,0.0705186575651168,-0.0191203597933053,0.0322712622582912,0,-1.0075829029083252,1.1400023698806765,3.2686121463775635,1
1.1046531200408936,-2.2864561080932617,8.79605770111084,0.0058012339286506,0.0053069852292537,-0.0231582634150981,0,0.7237231731414795,-0.1426411122083664,0.8028208613395691,1,-0.7013733983039856,-0.4647648930549621,0.6888523101806641,1,-0.0243029464036226,-0.054419033229351,0.4606978595256805,0,1.5949779748916626,-0.4586164355278015,2.545865058898926,1,-0.970915675163269,-0.4181340932846069,2.7522943019866943,1,-0.0047929370775818,0.0063867489807307,0.0020123298745602,0,0.8763090968132019,-0.453712522983551,1.113629698753357,1,-0.3947735130786896,-0.3058617711067199,0.4530437290668487,0
1.1281943321228027,-0.8641155362129211,5.382782459259033,0.0537623390555381,-0.0006325510912574,-0.01624196767807,0,0.2623602449893951,0.3177954852581024,0.3659629821777344,0,-0.036972302943468,-0.0336949676275253,0.0891960486769676,0,-0.0073144347406923,0.0220187585800886,-0.0130696976557374,0,0.6202954053878784,-0.977619469165802,3.2858810424804688,1,0.0065422789193689,-0.003520666854456,0.015374245122075,0,0.2676241397857666,-0.1786109656095504,1.6897313594818115,1,-0.0098592927679419,-0.0454275906085968,0.0068217180669307,0,-0.0282440744340419,0.0355763994157314,-0.0408729761838912,0
-0.2559180557727813,-1.1616653203964231,14.989617347717283,0.008938536979258,-0.0016897873720154,-0.0411183126270771,0,-1.1061605215072632,-1.5647943019866943,6.438151836395264,1,-0.0024004208389669,0.0016470422269776,0.0372400358319282,0,1.29701566696167,0.6748488545417786,3.047643184661865,1,0.0115851275622844,0.0212105847895145,-0.0735553801059722,0,-0.0104656666517257,-0.0180646292865276,0.0289049185812473,0,-0.4296343326568603,-0.2566104829311371,5.509185791015625,1,-0.0226561091840267,-0.0057262280024588,0.0625756829977035,0,-0.0021403804421424,-0.0124863637611269,-0.0194100607186555,0
1.3807878494262695,-1.0337815284729004,19.41672706604004,0.0198447424918413,0.0188434403389692,-0.0119091467931866,0,1.0816125869750977,1.6530603170394895,3.0338048934936523,1,-0.264187216758728,0.2911782562732696,2.4993131160736084,1,-9.891972877085208e-05,0.0043457122519612,-0.0392601713538169,0,-0.0292343776673078,-3.41331148147583,7.869018077850342,1,0.0219882819801569,-0.0009967640507966,0.0371240638196468,0,0.526333212852478,0.4122104346752167,6.09408712387085,1,0.0136274527758359,-0.0690728053450584,-0.0687451213598251,0,0.0109020415693521,0.0699614807963371,0.0032938395161181,0
-0.5076373815536499,2.5973105430603027,16.82617950439453,0.0115939863026142,0.0039971643127501,0.0019111791625618,0,0.299483984708786,2.483370542526245,5.856897354125977,1,-0.0005992477526888,0.005942705553025,-0.0231814626604318,0,-0.0020838005002588,0.0012810037005692,-0.061019979417324,0,-0.9827466011047364,-0.4648046791553497,8.086463928222656,1,-0.0094566093757748,0.0066389348357915,-0.0073798992671072,0,0.5468718409538269,0.4718813598155975,0.8229168653488159,1,-0.3718163669109344,0.0848341956734657,2.152772903442383,1,0.0011154485400766,0.004169329535216,-0.0032006506808102,0
-4.175326824188232,-2.7003393173217773,17.375770568847656,-0.0263234842568635,-0.0125514157116413,-0.0278074461966753,0,0.7637048959732056,-0.3708460032939911,2.17920446395874,1,-2.302419662475586,0.827125072479248,2.565544843673706,1,0.0614014267921447,0.0231129080057144,0.7614563703536987,1,0.8443688154220581,0.2012870013713836,3.182992696762085,1,-1.39720356464386,0.2622779607772827,4.7846879959106445,1,0.007122226525098,-0.0456526987254619,0.0087219150736927,0,0.6222628355026245,-0.4131812453269958,1.4137636423110962,1,-2.7482404708862305,-3.1719110012054443,2.5072052478790283,1
-1.1290549039840698,-0.3869631290435791,7.080282688140869,-0.0058114281855523,-0.0260198414325714,0.0762382224202156,0,-2.3190934658050537,-0.753504753112793,4.012016773223877,1,-0.046823676675558,0.0075605390593409,-0.0854834020137786,0,0.6185390949249268,0.3332489728927612,0.8970763087272644,1,0.047683298587799,-0.1495440006256103,1.658308744430542,1,0.0008051679469645,0.0093677537515759,-0.0469009466469287,0,0.5758699178695679,0.1854801923036575,0.4735948741436004,0,1.3830822354066186e-05,-0.0071599106304347,0.1151405274868011,0,-0.0002375094190938,0.0136078828945755,-0.0197076667100191,0
2.174272060394287,-1.3421374559402466,24.345590591430664,0.5910334587097168,-0.6432933807373047,2.722107172012329,1,-0.0033858362585306,0.0536141134798526,-0.0315624549984931,0,0.0029754780698567,-0.0146188465878367,-0.0036257994361221,0,-0.001164500718005,0.0054278173483908,-0.0026647357735782,0,0.5609731674194336,2.555222988128662,11.3648099899292,1,0.0101327123120427,0.0016426793299615,0.0200836565345525,0,0.0014766965759918,-0.0186773817986249,0.0280506126582622,0,1.0177383422851562,-3.2996296882629395,10.263643264770508,1,-0.0055075609125196,0.018174223601818,-0.0152496863156557,0
0.0956167578697204,-0.4766455888748169,7.10780668258667,-0.0045447177253663,0.0070041315630078,0.010380744934082,0,0.2655611038208008,0.0407363697886467,3.115048885345459,1,-0.0023113603238016,0.0010718583362177,-0.0018352366751059,0,-0.0052614388987421,0.0003968921082559,-0.0537224188446998,0,-0.1677834540605545,-0.5074402093887329,4.135392189025879,1,0.0037857035640627,-0.0078598344698548,-0.0132828587666153,0,0.0008766204700805,0.0026320663746446,-0.0126105295494198,0,0.0108343521133065,-0.0030794532503932,-0.062511496245861,0,-0.0055400631390511,-0.0101073831319808,-0.00905283074826,0
-2.3907644748687744,-0.4382506608963012,13.019182205200195,0.0835842788219451,0.0087247062474489,-0.0249361805617809,0,0.4308871030807495,-0.3182215988636017,1.0303332805633545,1,-1.6092976331710815,1.6379210948944092,4.378212928771973,1,-0.0038636687677353,-0.0060479776002466,-0.0068972622975707,0,0.3528306782245636,-0.2172963470220565,0.6584669947624207,1,-0.1182766482234001,0.1329939365386963,2.2476038932800293,1,-0.0059067606925964,0.032518021762371,-0.0083489399403333,0,0.1523834764957428,-0.2614243924617767,0.3161021471023559,0,-1.673105239868164,-1.4474180936813354,4.428645610809326,1
0.2693810760974884,-0.3126692473888397,6.405526638031006,0.0041862335056066,0.0003751708136405,-0.0156763195991516,0,-0.042664460837841,-0.2221923917531967,4.151949882507324,1,-0.0031380329746752,0.0081659769639372,0.0534596033394336,0,0.2583264708518982,-0.0080380793660879,0.236112892627716,0,-0.1207717359066009,-0.0720299184322357,1.2543749809265137,1,0.019165001809597,0.0048765446990728,-0.0351933762431144,0,0.2235308587551117,0.0055105220526456,0.2088007181882858,0,-0.0631196796894073,-0.0221413001418113,0.5659154653549194,1,-0.0061335773207247,-0.0071957567706704,-0.0142174521461129,0
-0.8505452275276184,0.6058980226516724,6.952480316162109,0.1652650982141494,0.131273552775383,1.0182642936706543,1,-0.0058646202087402,-0.0116581842303276,0.0204635802656412,0,0.002984284190461,-0.0071291937492787,-0.0114136906340718,0,0.3274526596069336,-0.5807685256004333,2.930015087127685,1,-0.0085287317633628,0.0393198579549789,-0.1107932552695274,0,0.0055140554904937,0.0005741496570408,0.0020633831154555,0,-0.0149478632956743,0.0473325625061988,0.0078663770109415,0,-1.3145077228546145,0.977776050567627,3.119753122329712,1,-0.0079123452305793,0.0091777145862579,-0.0237383116036653,0
-0.0227472744882106,-0.2527387738227844,8.492491722106934,0.0428955182433128,-0.1422359049320221,1.9507502317428589,1,0.0027234856970608,-0.0025597319472581,0.0232577305287122,0,0.0061084059998393,-0.0087139597162604,-0.0911627858877182,0,0.0511691905558109,-0.0543376393616199,4.24140214920044,1,-0.0029704361222684,-0.0121438698843121,-0.0071984208188951,0,-0.0070050018839538,0.0128651205450296,-0.0108876284211874,0,-0.1185088381171226,-0.0211199130862951,2.36847186088562,1,0.0079664634540677,-0.0104717081412673,0.042642492800951,0,-0.0051260669715702,-0.0140211749821901,-0.0247840024530887,0
1.1047345399856567,-2.4459924697875977,14.703328132629396,-0.0242207646369934,-0.0143085625022649,-0.005779649131,0,1.0869141817092896,-1.6144365072250366,7.10353946685791,1,-0.0037196925841271,0.0225272383540868,-0.0171249136328697,0,0.0031958767212927,-0.0103242043405771,0.0108788507059216,0,0.0431247055530548,-0.0958533510565757,-0.054019458591938,0,-0.1004528924822807,0.1261615604162216,0.893011748790741,1,-0.0030200395267456,-0.0264414325356483,-0.0053510726429522,0,0.1067503094673156,-0.0702081471681594,-0.039899356663227,0,-0.0038370273541659,-0.7631088495254517,6.81807279586792,1
-0.4949664771556854,0.6119691133499146,8.021709442138672,0.4066079258918762,-0.0672959983348846,1.4834142923355105,1,0.0285950563848018,0.0754871368408203,0.1594218611717224,0,-0.0034823073074221,-0.0024358611553907,-0.0122075211256742,0,0.2650577425956726,0.0979369506239891,0.4459105432033539,0,-0.257086306810379,0.1426758468151092,3.2468318939208984,1,0.0603114664554595,0.0304876118898391,0.5793483257293701,1,0.0100512998178601,0.0352017544209957,0.0365436188876628,0,-1.0284045934677124,0.2927967309951782,2.109324216842652,1,0.0233832225203514,0.0071148718707263,-0.0268780048936605,0
0.0467685386538505,2.7216036319732666,20.1301498413086,0.3500275313854217,0.0355707295238971,0.4764737784862518,0,-0.3373971581459045,1.6637921333312988,3.23017954826355,1,0.0636660382151603,0.0270778480917215,0.6123459339141846,1,0.4371002316474914,0.0431547127664089,1.3289979696273804,1,-0.0014850379666313,0.5848593711853027,7.857544422149658,1,0.2300146222114563,0.181471362709999,3.3702189922332764,1,0.1354818493127823,0.0903716161847114,-0.0200857371091842,0,-0.8610715866088867,-0.0299076177179813,2.6853926181793213,1,0.0304320976138114,0.1252135336399078,0.5890827178955078,1
0.7242331504821777,-0.1859083026647567,11.298532485961914,0.6614547967910767,-0.2875296175479889,5.260982990264893,1,-0.0017981767887249,-0.0039525870233774,-0.016337851062417,0,0.0055442759767174,-0.0073887286707758,-0.0061438134871423,0,1.0999926328659058,-0.4260053634643554,2.885011672973633,1,-0.0353137403726577,0.0421333573758602,-0.0326528288424015,0,-0.0028665564022958,-0.0023713298141956,-0.0094867898151278,0,0.0982952341437339,-0.0159064773470163,0.1593600660562515,0,-1.1041600704193115,0.5029868483543396,3.0313706398010254,1,0.0030846570152789,0.0121255656704306,0.0264299418777227,0
0.2781941294670105,0.9873797297477722,13.087416648864746,-0.0355703085660934,0.0095981853082776,-0.050696425139904,0,0.0060454956255853,0.0055188089609146,-0.0605239011347293,0,-2.0255348682403564,0.811103105545044,6.981816291809082,1,-0.0015640035271644,0.0072676008567214,-0.0419302582740783,0,0.3362182080745697,0.379159152507782,0.9614295363426208,1,-0.796586811542511,-1.205875039100647,1.5705113410949707,1,0.003932770807296,0.1071231812238693,0.0030208823736757,0,2.799762964248657,0.8221970796585083,3.7442760467529297,1,-0.0085092335939407,0.0512876734137535,-0.0204875506460666,0
-0.5052974224090576,1.4962266683578491,18.62844467163086,0.002799080684781,0.0076731187291443,0.0171696823090314,0,0.4832004606723785,1.944999098777771,2.150934219360352,1,0.0006271812017075,-0.0001974740443984,-0.0341141261160373,0,-0.0029695010744035,0.0068692443892359,-0.0344902276992797,0,-0.4339880049228668,-0.4794091582298279,11.26034164428711,1,-0.0110989222303032,0.0006342892884276,-0.0121687026694417,0,0.0612071119248867,-0.0022474208381026,0.076432928442955,0,-0.6051209568977356,0.0172725170850753,5.218575954437256,1,4.613185228663497e-05,0.0006326237344183,-0.0142368767410516,0
2.8965933322906494,2.803399085998535,13.737560272216797,0.0024792046751827,0.0020650173537433,-0.0143002113327384,0,1.0061019659042358,1.6318655014038086,6.382567882537842,1,0.0043135760352015,0.0013827412622049,-0.031116871163249,0,-0.0077915219590067,0.0013122617965564,-0.1094360277056694,0,1.0658040046691897,-0.244464173913002,2.3139944076538086,1,-0.0592254027724266,0.9636051058769226,1.3518898487091064,1,0.0028236545622348,0.0006562349735759,-0.0172178465873003,0,0.0002931270864792,0.0030044657178223,-0.008359563536942,0,0.8817949891090393,0.4439718723297119,3.8695387840271,1
0.7095469832420349,-0.979500949382782,18.80544090270996,-0.001322450581938,0.0020424707327038,0.0037862851750105,0,0.5578383803367615,2.1118242740631104,1.7489197254180908,1,-0.4807868003845215,-0.7870242595672607,1.7382698059082031,1,-0.0009139708708971,0.0071832896210253,-0.0527431666851043,0,0.3627548813819885,-2.016158103942871,11.212997436523438,1,0.0084745967760682,-0.0063141803257167,-0.0118110748007893,0,0.568057656288147,0.3998254835605621,0.7495661973953247,1,-0.2996505796909332,-0.6809895634651184,3.438222646713257,1,-0.0049046669155359,-0.0098905144259333,-0.0217675063759088,0
-2.3150415420532227,-1.6041580438613892,13.20197582244873,0.0029799689073115,-0.0240640603005886,0.0036878809332847,0,0.3437473773956299,-1.0760293006896973,2.009815216064453,1,0.0028281679842621,-0.0114178275689482,-0.1000905111432075,0,-0.0069999038241803,0.0020829744171351,-0.0214780997484922,0,-0.0313054807484149,0.0856727659702301,-0.0565605945885181,0,-2.56724214553833,1.3357917070388794,9.104893684387209,1,0.0039718970656394,0.0950941070914268,-0.0453678779304027,0,0.0546702556312084,0.0080202352255582,0.0823971405625343,0,-0.1176917999982833,-2.019308567047119,2.2246789932250977,1
-0.8697394132614136,-2.0094096660614014,6.774261474609375,0.063369944691658,-0.0059206653386354,-0.0625367239117622,0,0.8244597315788269,-0.6738458275794983,1.5241055488586426,1,-0.56514573097229,0.2150292545557022,0.8060705661773682,1,-0.0023081782273948,0.0011591769289225,0.0055283089168369,0,0.4940649569034576,-0.3906917870044708,0.192210704088211,0,-0.8825510740280151,-0.1480548232793808,2.009540557861328,1,0.0084078637883067,0.1164038926362991,0.0622840151190757,0,0.4288148581981659,-0.2293183356523513,0.3074805438518524,0,-1.23885178565979,-0.8941704630851746,1.929578185081482,1
-0.2201075255870819,-0.0469868369400501,8.818073272705078,0.6506995558738708,-0.8096413612365723,4.98999547958374,1,-0.011822766624391,0.0166369210928678,-0.0316514335572719,0,-0.0025248299352824,-0.0024902198929339,-0.0545024015009403,0,0.6506190299987793,-0.2353358566761016,0.5771069526672363,1,-0.0107445614412426,0.0135137252509593,0.0080799469724297,0,0.0062703737057745,-0.0004601510299835,-0.0130144637078046,0,0.001597307389602,0.0017965715378522,-0.0186778362840414,0,-1.4978291988372805,0.961493194103241,3.3462250232696533,1,-0.0063724224455654,0.0075003327801823,0.014512063935399,0
0.3151077628135681,-1.1714204549789429,8.837947845458984,0.0465065911412239,0.0094124674797058,-0.0133592439815402,0,0.0888077467679977,-0.2553515136241913,2.35717248916626,1,0.0030407453887164,-0.0341883972287178,-0.0305694490671157,0,-0.0036559819709509,0.0060655619017779,-0.0016582994721829,0,0.171116754412651,-0.350133866071701,3.655351161956787,1,0.0152767803519964,-0.0013466756790876,0.0026428664568811,0,0.0433264002203941,0.091974027454853,-0.1057812795042991,0,-0.0612688511610031,-0.6900938153266907,3.0131213665008545,1,0.0119575373828411,0.052241638302803,-0.0389717295765876,0
0.4020240008831024,-0.1663520783185959,6.058047771453857,0.0042131296359002,-0.000438447430497,-0.0155889634042978,0,0.4934463202953338,0.1048756018280983,0.5816033482551575,1,-0.5875710844993591,-0.0699580311775207,1.066184639930725,1,0.0052181286737322,0.003586750710383,-0.0029313082341104,0,0.8708694577217102,-0.0246729478240013,1.521517992019653,1,-0.80771803855896,-0.1084491461515426,1.5952197313308716,1,0.0120420427992939,-0.0056165028363466,-0.0047501637600362,0,0.7726566195487976,-0.0246787369251251,0.9759039282798768,1,-0.3611325919628143,-0.041000623255968,0.3408884704113006,0
-0.2943842709064483,0.1313801556825637,8.005061149597168,-0.0040756599046289,-0.0025518205948174,0.0027505105827003,0,0.2880785763263702,-0.3200477957725525,2.5649333000183105,1,0.0031679086387157,6.659347127424553e-05,-0.0269067324697971,0,0.0040897666476666,-2.6342948331148364e-05,0.0075998697429895,0,0.0057560638524591,0.0176918338984251,-0.0588454268872737,0,-0.5992668271064758,0.5672056674957275,2.150202989578247,1,-0.0013600901002064,0.0029265347402542,-0.0090017793700099,0,0.0039609191007912,0.0074655395001173,-0.0211445465683937,0,0.0052650948055088,-0.141350045800209,3.395473003387451,1
1.946460008621216,-0.1666542291641235,6.818315029144287,0.9096642136573792,-0.0775486379861831,0.5343891978263855,1,-0.1049829050898552,-0.0399647019803524,2.5433948040008545,1,-0.0067538255825638,-0.0181165467947721,-0.0345287732779979,0,1.187734603881836,-0.1829798072576522,0.4827508628368377,0,-0.5174091458320618,0.3527457118034363,1.7567369937896729,1,-0.007425969466567,0.0035206268075853,-0.0057969060726463,0,0.6727890968322754,-0.2973113358020782,1.1443310976028442,1,-0.1793518811464309,0.080653078854084,0.3880376517772674,0,-0.0078040622174739,0.0123474029824137,0.0089998915791511,0
0.2619787454605102,0.3090368807315826,5.603930473327637,-0.0108725186437368,0.0319785922765731,-0.053882110863924,0,-0.3181944489479065,0.9655870199203492,2.6257870197296143,1,0.0048419511877,-0.0063713178969919,-0.0820671916007995,0,-0.0066182874143123,0.0007926597027108,-0.0095241162925958,0,0.1832263767719268,-0.7267696261405945,1.5367995500564575,1,0.0138284927234053,0.0070714866742491,-0.001512749819085,0,0.002996617462486,0.0184581112116575,0.0036597766447812,0,0.0008910678443498,-0.0031558577902615,-0.0403042919933795,0,0.3918794691562652,0.0214457809925079,1.624974489212036,1
0.9929326176643372,1.5999490022659302,10.648077011108398,-0.0211104936897754,0.0003751937765628,0.0031743089202791,0,-0.0335005447268486,-0.0575606822967529,1.3613117933273315,1,-0.1623670607805252,-0.0757253915071487,0.325607419013977,0,-0.0013067059917375,-0.0044305338524281,-0.0166062340140342,0,1.1562790870666504,1.7616037130355835,9.003190040588379,1,0.011785801500082,-0.0029737299773842,0.0250204671174287,0,-0.00149675400462,-0.0080990437418222,-0.0266325324773788,0,0.0445824936032295,-0.0239065065979957,-0.030724236741662,0,6.68400534777902e-05,0.0106659363955259,0.0037358235567808,0
0.0259145125746727,-0.2269326299428939,18.20469093322754,0.0029933017212897,0.0074594737961888,-0.0123913278803229,0,-1.4012755155563354,0.3187573552131653,8.85571575164795,1,-0.0024847125168889,-0.0078573655337095,-0.0527647696435451,0,0.0003547786036506,0.0074253347702324,-0.0148334065452218,0,0.9024232029914856,-0.3286112844944,8.251595497131348,1,0.0034050506073981,-0.0014855699846521,-0.0368019379675388,0,0.0030996243003755,-0.0013039398472756,-0.0070425951853394,0,0.5141767263412476,-0.2287139594554901,1.2001429796218872,1,0.0032219816930592,0.0073973187245428,0.021071158349514,0
0.810269832611084,-0.8723684549331665,7.870804309844971,0.0029050402808934,-0.0064314790070056,0.0227517560124397,0,0.1608816683292389,-0.9386389255523682,5.139576435089111,1,0.0004113505128771,-0.0038606710731983,-0.0158148948103189,0,0.3862796127796173,0.3974762558937073,0.9044139981269836,1,-0.0063652587123215,0.023887338116765,-0.0445566289126873,0,0.0044585019350051,-0.0001754759432515,0.0026456378400325,0,0.2701877355575561,-0.2929885685443878,1.914741039276123,1,0.0122451446950435,-0.0508686602115631,-0.0619903169572353,0,-0.0207339450716972,-0.0007682790164835,0.0090370317921042,0
1.9615020751953125,-1.245265007019043,14.699060440063477,-0.0402400307357311,0.0155683159828186,0.0121718253940343,0,0.8237637281417847,0.0703257173299789,3.825544595718384,1,0.0035231821238994,-0.0374481044709682,-0.0454774685204029,0,0.0050641810521483,0.0021281470544636,-0.0043010497465729,0,0.7090776562690735,-0.4610448181629181,5.2615966796875,1,0.0133243156597018,0.0083103002980351,0.0049508111551404,0,-0.0052869641222059,0.0681454539299011,-0.0804840326309204,0,0.471073180437088,-0.9952412247657776,5.741030216217041,1,-0.0187971219420433,0.0839912295341491,-0.0159698314964771,0
0.3999042510986328,-0.6009215116500854,12.472585678100586,-0.0093746967613697,0.0057609952054917,0.0223690532147884,0,-0.3992961049079895,0.0909667313098907,6.64354133605957,1,0.0017435532063245,0.0090797459706664,-0.0178875587880611,0,-0.0006930324016138,0.0022249778266996,0.0224826410412788,0,1.48612380027771,-1.036501169204712,4.390373706817627,1,-0.015065343119204,-0.0075717233121395,-0.0176734458655118,0,0.006340458523482,-0.0061787846498191,-0.0146668879315257,0,0.0047477814368903,0.0072119301185011,-0.0247719436883926,0,-0.6746221780776978,0.3340857326984405,1.46881902217865,1
0.7288938164710999,-1.0202009677886963,24.772279739379883,0.0043738880194723,0.0059668365865945,-0.0171239376068115,0,-0.0064834817312657,0.0165082532912492,-0.0621282160282135,0,-0.6267431378364563,-0.8811867237091064,10.34645175933838,1,0.0028132046572864,-9.078467701328918e-05,0.0128938285633921,0,0.7105113863945007,1.0053044557571411,1.0045185089111328,1,-1.013425588607788,-1.4218116998672483,3.732357025146485,1,0.0017620387952774,-0.0067191938869655,-0.0242726448923349,0,1.658278226852417,0.275360494852066,9.83164119720459,1,-0.0021927328780293,-0.0135324820876121,-0.0520570389926433,0
1.5948508977890017,-1.6913750171661377,21.03208541870117,1.2275586128234863,1.7231123447418213,1.2704472541809082,1,0.0840189754962921,-1.801853060722351,7.1596527099609375,1,-0.0103367567062377,0.013286393135786,0.0543680153787136,0,0.2780853807926178,-1.6461020708084106,12.673118591308594,1,0.0006757828523404,0.0075625451281666,-0.0593600124120712,0,0.0045492369681596,0.0043593375012278,-0.0243029873818159,0,0.0075789554975926,-0.003605909878388,-0.0324883908033371,0,-0.0002433946501696,0.0040002083405852,-0.0127520924434065,0,0.0029640919528901,0.0078652799129486,0.0034054862335324,0
-0.2237376868724823,0.2258020490407943,5.576383590698242,0.0140258092433214,-0.097528338432312,0.3222966492176056,0,-0.2180685698986053,0.8125662803649902,0.3385390043258667,0,-0.0044596241787076,-0.0277748499065637,-0.0115852616727352,0,-0.0036156540736556,0.011395551264286,-0.0372833609580993,0,0.0745610073208808,-0.3913032710552215,2.8960866928100586,1,0.0423084311187267,0.010969266295433,0.0138928173109889,0,-0.0033492026850581,-0.0142070148140192,0.0175929646939039,0,0.0044253231026232,-0.105087786912918,0.0212444216012954,0,-0.1295652240514755,0.0267722196877002,2.0155997276306152,1
-2.923919439315796,1.5004768371582031,16.56863784790039,0.0157597046345472,0.0068842261098325,-0.0102512324228882,0,1.5084909200668335,-1.3671574592590332,2.6208534240722656,1,-4.109654903411865,3.868050575256348,3.4275689125061035,1,0.0272990949451923,0.0844433903694152,0.7617699503898621,1,0.8337172269821167,-0.1646520048379898,2.729922294616699,1,-1.0704165697097778,-0.0022373353131115,4.453268051147461,1,0.019368477165699,-0.0582264922559261,-0.0413280501961708,0,0.5379488468170166,-0.4996867775917053,1.367783546447754,1,-0.6864321827888489,-0.3669410347938537,1.2590510845184326,1
-0.4822143018245697,-2.831031084060669,8.702125549316406,-0.3511921763420105,-0.7877920269966125,3.2383134365081787,1,0.0199529491364955,-0.1422473490238189,0.0684508755803108,0,0.0006789591861888,0.0144458301365375,0.0193414371460676,0,0.2329757064580917,-1.0509744882583618,2.3813669681549072,1,-0.0126474266871809,0.0062386319041252,-0.0482777953147888,0,-0.0073143099434673,-0.022079387679696,-0.0185668431222438,0,0.0125438021495938,-0.1909848600625991,0.0740415453910827,0,-0.3837279379367828,-0.6959980726242065,2.9996254444122314,1,0.006516114808619,0.0383607670664787,-0.012170017696917,0
0.7148922681808472,-0.5744630098342896,14.707033157348633,0.4080796837806701,-0.2357749491930008,4.1672234535217285,1,0.0059952395968139,0.0102493017911911,-0.0064990818500518,0,-0.003124566283077,-0.0117223681882023,-0.034820806235075,0,1.435238480567932,-0.5048985481262207,5.690489768981934,1,-0.2737694382667541,-0.0040448089130222,0.248071402311325,0,0.0103220976889133,0.012338719330728,-0.0335724353790283,0,0.2578135728836059,-0.1736674159765243,1.7742080688476562,1,-1.1216177940368652,0.3300929367542267,2.891578197479248,1,-0.0040449807420372,0.0029641278088092,0.0103546055033802,0
0.9538069367408752,-0.2623791098594665,4.213102340698242,0.324828565120697,-0.0911406204104423,0.1392405480146408,0,-0.339436799287796,-0.1441057175397873,0.8751713633537292,1,0.0004917665501125,0.0017769251717254,-0.0057657989673316,0,0.6449741125106812,-0.0979127660393714,0.2224241495132446,0,-0.2807473838329315,0.1056012511253357,1.23779559135437,1,-0.0077992393635213,0.0607653893530368,0.6364140510559082,1,0.6822103261947632,-0.1123437136411666,0.6200848817825317,1,-0.0822586566209793,0.0014657983556389,0.4676457941532135,0,0.0115442126989364,0.0135143287479877,0.0200917925685644,0
1.2739359140396118,-0.7313555479049683,18.672143936157227,1.4394385814666748,0.8825546503067017,2.95105504989624,1,-0.4204810857772827,-1.4186642169952393,3.5340373516082764,1,0.0076596061699092,-0.0192366018891334,-0.0675899684429168,0,0.55712890625,-0.4173916578292846,7.038418292999268,1,-0.0006278433138504,0.0057708951644599,-0.0349219515919685,0,-0.0035544994752854,-0.0042380760423839,-0.0172246247529983,0,-0.3050254285335541,0.2419494092464447,5.244891166687012,1,0.003314895555377,-0.00787871517241,0.0174708403646945,0,-0.003917044494301,0.0057787369005382,0.0060068597085773,0
-0.2881008684635162,0.0829053372144699,13.428949356079102,0.0055146249942481,0.0004993698676116,-0.0193498451262712,0,0.0702391117811203,0.0826298892498016,0.2649057805538177,0,0.0047572143375873,-0.0127733368426561,-0.0380350761115551,0,-0.0004851015692111,0.0093229413032531,-0.0518573336303234,0,0.5035401582717896,0.3064935207366943,4.558069229125977,1,0.0069396896287798,0.0029777907766401,-0.0192362461239099,0,0.0027548749931156,0.0030576144345104,-0.0182280912995338,0,-0.8796377182006836,-0.3127009570598602,8.754548072814941,1,-0.0017237341962754,0.0033984964247792,-0.0018673399463295,0
-1.952199459075928,-0.8025285005569458,10.747474670410156,0.0187003687024116,0.0075279031880199,-0.0070209028199315,0,-0.0084217153489589,0.020031165331602,-0.1067588329315185,0,-0.6129903793334961,0.0510581173002719,3.217395544052124,1,-0.0056438483297824,-0.0001520560472272,-0.0095367757603526,0,0.122206225991249,0.0183418840169906,5.296966552734375,1,0.018686668947339,-0.0052030850201845,-0.0038693654350936,0,-0.0093559492379426,0.103280633687973,-0.0312861092388629,0,-1.474933624267578,-1.0558695793151855,2.4225189685821533,1,-0.0004471766005735,0.0584565512835979,-0.0309345126152038,0
0.6072280406951904,0.4986385405063629,11.825833320617676,0.0015406422317028,0.0034601802472025,0.001630388549529,0,2.128336906433105,-0.3291735053062439,3.421614646911621,1,0.0022211067844182,-0.0153634455054998,-0.0496795699000358,0,-0.0025638241786509,0.0008971042116172,-0.0496173463761806,0,1.07064950466156,-0.6103577613830566,1.7085368633270264,1,-0.3519785702228546,0.4651692509651184,1.139018177986145,1,0.0051018605008721,-0.00630813697353,-0.0243900064378976,0,0.0009965075878426,-0.0010590312303975,-0.0180787872523069,0,-2.247076272964477,0.991373896598816,5.696799278259277,1
0.5516306161880493,1.6077632904052734,10.226963996887209,-0.0063175652176141,0.0044551636092364,-0.0118748741224408,0,0.0370246022939682,0.1218953728675842,-0.0275427419692277,0,1.9755401611328125,3.4668259620666504,4.5392889976501465,1,-0.0278707277029752,0.0128683689981698,-0.0275981314480304,0,0.0064218458719551,0.067845918238163,0.1413929313421249,0,-1.08322012424469,-1.9034390449523928,2.902534484863281,1,0.0044840504415333,-0.2124976366758346,0.0272807274013757,0,0.2275069504976272,0.2172135412693023,2.0917422771453857,1,-0.581938624382019,-0.1674044281244278,0.5917403101921082,1
0.0300455130636692,-0.3591597378253937,5.967287063598633,-0.0131406225264072,-0.0011978319380432,-0.0009593251743353,0,0.038007378578186,0.0097140148282051,1.0794140100479126,1,0.000313267664751,-0.0123046347871422,-0.0587144307792186,0,0.0024932846426963,-0.0044828066602349,-0.0013983909739181,0,-0.0465879701077938,-0.1822401136159896,3.7238125801086426,1,-0.0007049978594295,-0.004440470598638,0.0163519326597452,0,0.0011757347965613,0.0034749845508486,-0.0101729584857821,0,0.0526009909808635,-0.1730565279722213,1.2227479219436646,1,-0.0041115535423159,0.005373656284064,-0.003794094081968,0
2.068028211593628,2.822939395904541,9.13537311553955,0.0032911638263612,0.0036076970864087,-0.0017295012949034,0,1.1047078371047974,0.9121606945991516,3.160520315170288,1,0.0029996379744261,0.0130911329761147,-0.0063748946413397,0,-0.0032455050386488,0.0041561173275113,-0.0208290349692106,0,1.2630058526992798,0.5972738862037659,3.449193000793457,1,-0.1059738993644714,0.1249260976910591,0.2286684364080429,0,-0.0002858751977328,0.0004034964076709,-0.0023535590153187,0,0.0016651933547109,0.0114058796316385,-0.0203406326472759,0,-0.198136106133461,1.155914545059204,2.348618745803833,1
-2.658074140548706,1.1851494312286377,12.598559379577637,0.2861542999744415,0.1723108440637588,0.6552653312683105,1,-3.9510016441345215,-0.0778530165553093,2.242053270339966,1,0.0020383915398269,-0.0129862129688262,-0.02426278591156,0,1.570900797843933,0.487131655216217,2.2231898307800293,1,-1.429917335510254,-0.4351575076580047,6.416590690612793,1,0.0152467750012874,-0.0008528010221198,0.0251064058393239,0,1.6368283033370972,1.5774754285812378,-1.2290055751800537,0,-0.8030619025230408,-0.601942241191864,2.3574540615081787,1,0.0147378593683242,0.077023260295391,-0.0678322985768318,0
-0.4206302464008331,-2.1672770977020264,17.23267364501953,-0.0492831654846668,-0.7572545409202576,2.9647741317749023,1,-0.0037210341542959,0.0396677330136299,-0.0520283058285713,0,5.1799597713397816e-05,-0.0106631508097052,-0.0132511556148529,0,-0.0024226040113717,-0.0039084441959857,-0.0050544440746307,0,-0.3841436803340912,-0.3051005899906158,7.751357078552246,1,0.036550473421812,0.018806142732501,0.0151237808167934,0,0.0006479151779785,-0.1096290498971939,0.0520924441516399,0,0.0227537769824266,-0.1205276921391487,-0.0560230761766433,0,-0.0410637073218822,-0.918667495250702,6.57568359375,1
1.6926002502441406,0.2985507249832153,11.997862815856934,0.0161809679120779,-0.0042334757745265,-0.0015203764196485,0,1.2337231636047363,0.1120022684335708,4.077933311462402,1,-0.0015722964890301,-0.0142409820109605,-0.0506282560527324,0,0.004125605802983,0.0018987437942996,-0.0135364700108766,0,1.7419649362564087,-0.0136325526982545,3.328474521636963,1,-0.5650773048400879,0.0948460400104522,1.1832913160324097,1,0.0025160522200167,0.0024297344498336,0.0056413835845887,0,0.6493179202079773,-0.1596796512603759,0.7062768936157227,1,-1.3885788917541504,0.2791606187820434,2.761930465698242,1
0.718905508518219,-0.0845570042729377,4.339418411254883,-0.0009920723969116,-0.0013159827794879,-0.0092632062733173,0,0.3329281806945801,0.0661281570792198,0.8155214786529541,1,-0.204822227358818,0.0010806985665112,0.2957265377044678,0,-0.0021897794213145,0.0021780049428343,-0.0265063885599374,0,0.5842223167419434,-0.0271612517535686,1.6600686311721802,1,-0.3366952240467071,-0.023655604571104,0.5664032697677612,1,-0.0025270355399698,0.0037706526927649,0.0010779798030853,0,0.3457656800746918,-0.1010420173406601,1.064092755317688,1,0.0032156195957213,-0.0045396611094474,-0.0277026835829019,0
0.3172067999839782,0.3029834330081939,1.7408512830734253,0.451917439699173,0.5817343592643738,1.2796283960342407,1,-0.1222881600260734,-0.0161733496934175,0.0333463661372661,0,0.0002728533290792,0.0045518903061747,-0.0101645216345787,0,-0.0616965144872665,-0.3670493066310882,0.5299000144004822,1,-0.0013375391718,-0.0017610678914934,-0.0548031441867351,0,0.0042766379192471,-0.0019313168013468,0.0040860986337065,0,0.0153303984552621,-0.088633045554161,0.0507750436663627,0,0.0101187173277139,0.1952040344476699,-0.0626892298460006,0,0.0206129848957061,-0.0029587305616587,-0.0292278360575437,0
0.902734875679016,0.6293166279792786,13.502741813659668,0.019407495856285,-0.4177355766296386,1.7224065065383911,1,-0.0268707647919654,0.1062175780534744,-0.026036724448204,0,0.0003230228903703,-0.0045439847745001,-0.0101841120049357,0,0.0081377746537327,0.002725682221353,-0.0123878652229905,0,0.7717978954315186,0.7951978445053101,9.93460464477539,1,0.0136048886924982,-0.001669704914093,0.014401065185666,0,-0.0013289871858432,0.1235464736819267,-0.0065025761723518,0,0.3027765452861786,-0.5932888984680176,0.6675906181335449,1,-0.1851129531860351,0.6188672184944153,1.218850016593933,1
-3.760586500167847,-6.062381744384766,13.539422988891602,-0.1501625776290893,0.2082773745059967,-0.4616817235946655,0,0.9056547284126282,-0.6590667366981506,1.431325078010559,1,-1.086727261543274,0.6129178404808044,3.1060492992401123,1,0.003562216181308,-0.0132373040542006,0.0169180501252412,0,0.56930011510849,-0.3475848138332367,0.2916293442249298,0,-1.0989265441894531,-0.4796275198459625,4.258409023284912,1,0.0155957285314798,0.0436250977218151,0.097394049167633,0,0.6498790979385376,-0.456288993358612,0.9253955483436584,1,-3.5687620639801025,-4.9713969230651855,3.8739848136901855,1
1.3430880308151243,0.7709089517593384,11.037880897521973,0.0059812944382429,-0.0028313258662819,-0.0148550774902105,0,0.3107272386550903,0.4652784764766693,0.6311440467834473,1,-0.7580234408378601,-0.2116475850343704,2.1055173873901367,1,-0.0022688650060445,0.0047984765842556,-0.0607650876045227,0,1.628210425376892,0.4327175915241241,4.141791820526123,1,-0.3764210045337677,0.0374535992741584,2.301035165786743,1,0.0057288724929094,0.0019318968988955,0.0021425543818622,0,0.6112658977508545,0.152098923921585,1.415574312210083,1,-0.0821124464273452,-0.1088911145925521,0.5162954330444336,1
0.449641466140747,-0.2807804346084595,6.586885929107666,0.0526118874549865,-0.003233678638935,-0.0253118649125099,0,-1.8489975929260252,1.8926624059677124,2.629486322402954,1,0.0036733539309352,-0.0067938780412077,-0.022794859483838,0,-0.0066014039330184,0.0049752783961594,-0.028479091823101,0,1.1809977293014526,-1.5730552673339844,3.5072555541992188,1,0.0159984212368726,0.0046288836747407,-0.0108974911272525,0,-0.0021518324501812,0.0641393139958381,-0.0626749247312545,0,1.0756701231002808,-0.6961812376976013,0.6192178726196289,1,-0.0215590540319681,0.0320776626467704,-0.018915195018053,0
2.161733865737915,-1.3669787645339966,17.95482635498047,0.7664531469345093,-0.5484925508499146,0.6046277284622192,1,-0.5896567106246948,-0.3700766861438751,3.348358631134033,1,-0.043559692800045,0.0713390037417411,1.5590053796768188,1,1.3291887044906616,-0.6178654432296753,0.5320261120796204,1,-0.4607802927494049,0.1744327098131179,3.681509733200073,1,-0.089022509753704,0.4740715026855469,3.437612771987915,1,1.5152792930603027,-0.6486164331436157,0.3890236616134643,0,-0.1922777593135833,0.0171226244419813,2.7545528411865234,1,-0.0738904029130935,0.0811064392328262,1.6481096744537354,1
0.946515679359436,0.5256513357162476,12.357309341430664,0.5341168642044067,0.0867935568094253,0.859024167060852,1,-0.1845737248659134,0.7194778323173523,0.9453328847885132,1,0.0003457851998973,0.0045727426186203,0.0159146636724472,0,0.5030481219291687,-0.0957528427243232,0.4427880942821502,0,0.3011742234230041,0.4587531387805938,6.510337829589844,1,0.0060521592386066,-0.0007463043439202,0.0347865410149097,0,0.0065520349889993,-0.155872955918312,-0.0681638866662979,0,-0.2197652757167816,-0.5048678517341614,3.5923550128936768,1,-0.0004345324996393,0.0132939256727695,0.0249352250248193,0
1.286009430885315,-3.74176287651062,8.79054069519043,-0.0055164415389299,-0.0306888986378908,0.0186657458543777,0,-0.5168383121490479,-0.6444419622421265,0.5486792325973511,1,0.0018946727504953,-0.0333202704787254,-0.0355540178716182,0,1.0912504196166992,-1.5970429182052612,4.22459888458252,1,-0.0028978723566979,0.0038340592291206,0.0247006528079509,0,0.0023012952879071,-0.0087986001744866,-0.0131037700921297,0,0.6772221326828003,-1.2013232707977295,3.9884979724884033,1,0.0492060407996177,-0.2495690137147903,0.0400556363165378,0,-0.0106123462319374,0.019587930291891,-0.0059982039965689,0
1.5599137544631958,-1.655211329460144,15.809602737426758,0.0030192423146218,0.0086104311048984,-0.0107968989759683,0,1.4867216348648071,-0.5225693583488464,10.48268985748291,1,-0.0082184756174683,-0.0121120950207114,0.0072711589746177,0,0.0141737358644604,0.0043114526197314,-0.0090078990906476,0,-0.2107544392347335,-0.728201150894165,3.294312000274658,1,0.0071771326474845,-0.0159353874623775,0.0220482386648654,0,0.4551360607147217,-0.1086201295256614,0.5479970574378967,1,-0.1886142343282699,-0.2804571688175201,1.481334924697876,1,0.0012731052702292,-0.0002379970246693,-0.0062470249831676,0
-0.0921635925769805,-0.5777343511581421,11.142483711242676,0.0402166508138179,0.0134807853028178,-0.0123640047386288,0,0.7598889470100403,-0.373181939125061,1.225510597229004,1,-1.040898084640503,1.0513193607330322,3.9969112873077393,1,0.0017774982843548,-0.0087026758119463,-0.0015463760355487,0,0.656644880771637,-0.5176519751548767,0.6291109919548035,1,-0.4396038651466369,-0.230701133608818,3.0288727283477783,1,-0.0067711784504354,0.0414623692631721,-0.0736383348703384,0,0.1841004788875579,-0.4277023375034332,0.4571285843849182,0,-0.2475188970565796,-0.12605682015419,1.8924980163574217,1
0.3224769234657287,-0.1675758063793182,4.676146030426025,-0.0018428324256092,0.0039928727783262,-0.0077268192544579,0,0.0886221751570701,-0.0533437430858612,0.1203945279121398,0,0.000346831686329,-0.0023466106504201,-0.0462880246341228,0,-0.0015612966381013,0.006686148699373,-0.010534937493503,0,0.0116853192448616,0.0020947835873812,-0.0403039567172527,0,-0.0964151695370674,0.045013029128313,2.7917394638061523,1,0.0018187451642006,-0.0018016848480328,-0.0049168150871992,0,0.0153769711032509,0.0002859124506358,-0.0493427999317646,0,0.3044461905956268,-0.1681565195322036,1.923125386238098,1
1.0532419681549072,-0.4043295085430145,5.1996026039123535,0.0086016366258263,-0.0015280593652278,-0.0354543775320053,0,0.0070417989045381,0.0059304991737008,-0.0209279041737318,0,0.0057141571305692,0.0083192391321063,0.0261302180588245,0,0.001534130773507,0.0012413613731041,0.0156629867851734,0,0.5927696824073792,-0.1067234277725219,1.8300315141677856,1,-0.0091373892500996,0.0065586171112954,-0.0007445345399901,0,-0.0033701700158417,-0.0025445863138884,-0.0092013226822018,0,0.4469215869903564,-0.3130365312099457,3.3896286487579346,1,0.0031665989663451,-0.0025466268416494,0.0044774329289793,0
-0.4377437829971313,-4.586331844329834,18.6926498413086,0.051526091992855,-0.0037337422836571,0.0240770522505044,0,1.0503093004226685,-1.9783813953399656,4.294323444366455,1,-0.1174446269869804,0.0213219039142131,0.1270707845687866,0,0.0009698073845356,-0.0052536553703248,0.0240774843841791,0,-0.0039542629383504,0.0330858416855335,0.0095851803198456,0,-1.6311715841293335,-0.4262464046478271,7.889620304107666,1,0.0101898293942213,-0.0976057276129722,0.094613566994667,0,0.0202101785689592,0.0986390188336372,-0.0723968669772148,0,0.1816214919090271,-2.228157520294189,6.3016791343688965,1
0.8761324286460876,-1.5614941120147705,4.713054656982422,2.583294153213501,-1.365970492362976,1.45149028301239,1,-0.0002925545559264,-0.0053813075646758,0.0159651339054107,0,0.0003178905462846,0.0061239539645612,-0.0423529632389545,0,1.242862343788147,-0.9898173213005066,0.7169596552848816,1,-0.6515755653381348,0.2149965465068817,0.6102665066719055,1,0.0041223401203751,0.0125301061198115,-0.037579271942377,0,0.2328699678182602,-0.149965763092041,0.3569986224174499,0,-2.537259578704834,0.7116589546203613,1.6119507551193235,1,0.0017935395007953,0.0043313377536833,0.0293559432029724,0
-0.7979602813720703,-3.8363945484161377,5.189925193786621,0.0035314355045557,0.0139645431190729,-0.0212517865002155,0,2.547619342803955,-2.775287389755249,1.1049004793167114,1,-0.0051116128452122,-0.0091099049896001,-0.0358877405524253,0,0.0013454920845106,0.0046757720410823,-0.0189741216599941,0,0.5487720966339111,-1.2829586267471311,-1.4229485988616943,0,-0.5780306458473206,0.572788655757904,2.6034493446350098,1,0.005282980389893,0.0342942737042903,0.024280097335577,0,0.0789620950818061,-0.2217091470956802,0.0429746098816394,0,-3.400331258773804,-0.1730528175830841,2.9133830070495605,1
0.7056925296783447,0.159881129860878,12.962000846862791,-0.002687162021175,-0.0159349367022514,0.0223910864442586,0,-0.0108578819781541,0.1393910646438598,-0.081609345972538,0,0.0057251276448369,-0.0268329586833715,-0.0015125138452276,0,-0.0040398384444415,0.0011731679551303,-0.0019847929943352,0,0.3645768761634826,0.9148851037025452,11.831926345825195,1,0.0142482491210103,0.0018314216285943,0.0071078459732234,0,-0.0014596538385376,-0.1331287026405334,0.0264745540916919,0,0.3388516008853912,-0.743622899055481,1.1326895952224731,1,0.0013351751258596,0.0221198331564664,0.0265174899250268,0
1.0885858535766602,-0.1989132314920425,6.074601173400879,0.0016016829758882,0.0257808659225702,-0.0459569990634918,0,0.1434953659772873,0.8829607963562012,0.8184155821800232,1,-0.0011670672101899,0.0059572695754468,-0.0073839155957102,0,0.0064374152570962,0.0047314087860286,0.0160764120519161,0,0.5437895059585571,-0.917104721069336,5.194119453430176,1,0.013744288124144,-0.0016608387231826,0.0076271593570709,0,0.0072536771185696,0.0330245234072208,0.0114274211227893,0,0.3662865161895752,-0.2740905880928039,0.1041933000087738,0,0.0071444767527282,0.0414880812168121,-0.0239169187843799,0
0.5794116258621216,-1.091745376586914,12.171253204345703,0.0038091491442173,0.0022137979976832,-0.0380328558385372,0,0.3549441695213318,-0.1213370412588119,0.1798860728740692,0,0.0034615437034517,-0.0119430487975478,-0.0113260550424456,0,-0.0037561100907623,0.0021760235540568,-0.0219102259725332,0,0.4629199802875519,0.6249964833259583,4.814900875091553,1,0.0148144960403442,-0.0029032675083726,0.0015602045459672,0,-0.0040709641762077,0.030282188206911,-0.0758560672402381,0,-0.2523715794086456,-1.6367485523223877,7.415082454681396,1,-0.0003390180936548,0.0215179398655891,-0.0930506736040115,0
0.3989500105381012,0.2851978540420532,7.227867603302002,-0.0096348421648144,0.0036006201989948,0.0178221017122268,0,-0.0994640886783599,-0.0473772995173931,0.55622398853302,1,-0.0051015638746321,-0.0145320100709795,0.0168851353228092,0,0.0048354133032262,-0.0053694765083491,0.0238756779581308,0,-0.0349974818527698,-0.1607414931058883,3.419743299484253,1,0.0128279915079474,0.0048164064064621,-0.0383096151053905,0,0.0023222214076668,1.445170710212551e-05,0.0002865692949853,0,0.5272656083106995,0.5131683349609375,3.262050151824951,1,0.0008967512985691,-0.0083816805854439,-0.0307095609605312,0
0.5888557434082031,1.345477819442749,11.25997543334961,0.0047387089580297,-0.0020629817154258,-0.0455059632658958,0,2.1330268383026123,0.5385622978210449,1.4539016485214231,1,-0.1323021948337555,0.0667296573519706,0.2209645062685012,0,0.0005477558588609,0.0004199534887447,-0.0316801182925701,0,2.284707546234131,-0.2320123016834259,2.5194547176361084,1,-1.5689679384231567,0.5213807225227356,2.8569672107696533,1,0.0006865411414764,-0.0003209434216842,-0.0008796837064437,0,1.08370041847229,-0.3897499144077301,0.9956009387969972,1,-3.217282056808472,0.8425313234329224,3.2911524772644043,1
2.357746362686157,0.6352540254592896,10.77590274810791,-0.0039843465201556,-0.0015621072379872,-0.0270501673221588,0,0.625552773475647,0.2797833681106567,1.251760959625244,1,-0.6143872141838074,-0.1221369206905365,1.0118706226348877,1,0.002154174959287,0.0124860052019357,0.7922503352165222,1,1.4602545499801636,0.2776336371898651,3.070308208465576,1,-0.5855796933174133,0.1439809799194336,2.7656354904174805,1,0.0051428000442683,-0.0072916797362267,-0.0171096269041299,0,1.6439918279647827,0.0652868375182151,1.3156020641326904,1,-0.1753986477851867,-0.0129260206595063,0.6126348972320557,1
1.5893625020980835,0.6403728723526001,11.636041641235352,0.0289107579737901,-0.0647272989153862,0.3599919080734253,0,0.0931161195039749,1.3936492204666138,0.8153926730155945,1,0.0003468330251052,-0.0110416235402226,-0.0121712824329733,0,-0.0039719496853649,0.0029053101316094,-0.0119148157536983,0,0.8119625449180603,0.4057198464870453,8.366852760314941,1,0.0093256067484617,0.0014984203735366,0.0214149840176105,0,-0.00182098406367,-0.0433089584112167,-0.0008571911021135,0,0.6137727499008179,-1.076149821281433,2.103135108947754,1,0.0377207733690738,0.0318276733160018,-0.0058024781756103,0
0.9297694563865662,1.487424612045288,13.387001037597656,0.2623991072177887,0.1868915110826492,1.5173900127410889,1,-0.9458239674568176,-0.3214383721351623,0.505895733833313,1,-0.0004420080222189,-0.0009204213856719,-0.0327313877642154,0,0.0745771750807762,-0.8130536675453186,9.470070838928224,1,-0.0182794239372015,0.0338136255741119,-0.019085269421339,0,0.0065822219476103,-0.0038683449383825,-0.0109380865469574,0,1.617617964744568,2.236335039138794,2.281686305999756,1,-0.0667104423046112,0.1580640375614166,-0.2607214450836181,0,-0.0001510964211774,0.011601161211729,-0.0645677298307418,0
-0.0745305120944976,0.3312309086322784,5.043623447418213,-0.0191726982593536,-0.0026731172110885,-0.010592283681035,0,-0.7896980047225952,-0.0882594212889671,1.6064937114715576,1,-0.0059143602848052,-0.0013700814452022,-0.0067966994829475,0,0.4596539139747619,0.3275316059589386,0.5556672811508179,1,0.0002481564588379,0.0374158807098865,0.0035530796740204,0,0.0076416605152189,-0.0083014508709311,-0.0109477806836366,0,0.2827210426330566,0.0836204215884208,2.903665065765381,1,-0.0017305563669651,-0.0106869889423251,0.0330097638070583,0,-0.0082797463983297,-0.0060459757223725,-0.0304286032915115,0
-0.5625432729721069,-0.6874910593032837,10.584649085998535,0.0259079411625862,-0.0256660263985395,0.1000680774450302,0,0.2436378598213195,0.2850941717624664,2.5101258754730225,1,0.0051173460669815,-0.0074372412636876,0.0135317873209714,0,-0.0012517079012468,0.0064237234182655,-0.0253523811697959,0,0.3955491185188293,-0.4088774025440216,3.6226792335510254,1,0.0197668466717004,0.000878685794305,0.0215394552797079,0,-0.0051910625770688,0.0385846942663192,-0.0624383091926574,0,0.4931683540344238,-0.4193348586559295,1.098147988319397,1,-1.7392479181289673,-0.1571568548679351,3.306347608566284,1
0.5434441566467285,1.4896866083145142,16.58935546875,0.221464142203331,0.3192005753517151,1.217121720314026,1,0.0645434334874153,0.062222272157669,0.0110690910369157,0,-0.0015931198140606,0.0044984300620853,-0.019260736182332,0,2.00323748588562,-2.089723587036133,8.262772560119629,1,0.0079716406762599,0.0380880236625671,-0.0498593114316463,0,0.0039883852005004,0.0057796407490968,-0.0104670133441686,0,0.0095580471679568,0.0642370283603668,0.0133913354948163,0,-1.7365909814834597,2.998910427093506,7.235679626464844,1,-0.0291348788887262,0.0864738747477531,-0.0710934326052665,0
0.3109292984008789,4.330619812011719,7.595298767089844,-0.3997473418712616,0.3166762590408325,-0.6102249026298523,0,0.740976870059967,0.0608700029551982,-0.7599260210990906,0,-0.4673701226711273,0.0693423002958297,1.3351845741271973,1,-0.0151418419554829,0.0048066978342831,-0.0131588755175471,0,0.1152257397770881,-0.0122527014464139,0.0386185981333255,0,0.0148813519626855,0.0456773452460765,1.1982405185699463,1,0.0042136525735259,0.1311995834112167,-0.0140682030469179,0,0.5876933336257935,-0.0232649873942136,0.370673656463623,0,-0.2698023319244385,3.737565517425537,6.049959182739258,1
1.0476945638656616,-0.9237019419670104,11.939620018005373,0.0112430248409509,0.0016218955861404,-0.0390338748693466,0,-0.3236008286476135,-1.0670723915100098,3.216825008392334,1,0.0017819536151364,-0.0102545171976089,-0.0155830746516585,0,1.3524845838546753,0.1565691083669662,8.784512519836426,1,-0.0039484589360654,-0.0018772102193906,0.0138277476653456,0,0.0060936515219509,-0.0010197520023211,0.0103268269449472,0,0.0017296955920755,-0.006600210443139,-0.0194656122475862,0,0.001265620929189,0.0015027254121378,-0.0103232180699706,0,0.0006452962988987,0.0034284035209566,-0.0014649373479187,0
0.4815235137939453,0.3566892147064209,4.683633327484131,0.0154263461008667,-0.0009558943565934,-0.0158829018473625,0,0.9118694067001344,0.0584844574332237,1.7138347625732422,1,-0.0049470667727291,0.0071186013519763,0.0003705045091919,0,0.0013410646934062,0.0062443953938782,-0.0180385243147611,0,0.4545013010501861,-0.095759816467762,1.6258279085159302,1,-0.1682539284229278,0.1233829706907272,0.3263934850692749,0,0.0070939692668616,-0.0011717684101313,-0.0102704558521509,0,0.0051599205471575,-0.0249713640660047,0.1688126325607299,0,-0.7406675815582275,0.2843176424503326,0.8925858736038208,1
0.2526614069938659,-0.933674931526184,6.405857563018799,-0.0037084205541759,-0.0224473141133785,0.0473242104053497,0,0.2013070583343505,-0.375419944524765,2.0069377422332764,1,-0.040806982666254,0.0027107067871838,-0.0364320203661918,0,-0.0022672528866678,0.0005898078088648,0.0116019370034337,0,0.0468158051371574,-0.1719878315925598,2.6708531379699707,1,-0.0051462487317621,0.0013233382487669,-0.0086281299591064,0,0.0543250069022178,0.0724205002188682,-0.0785863324999809,0,-0.0192755609750747,-0.4437644183635711,1.744136095046997,1,0.0214180089533329,0.0029001832008361,0.0486502237617969,0
2.843003034591675,1.184987187385559,14.924493789672852,0.0580558963119983,-0.0510228164494037,0.062806136906147,0,1.0344001054763794,4.405093669891357,6.6426215171813965,1,2.2070347768021747e-05,-0.0061084125190973,-0.0330601595342159,0,-0.0014189918292686,-0.005996277090162,0.002111391397193,0,1.4505559206008911,-2.7182750701904297,7.493966102600098,1,0.0208639688789844,0.0148290144279599,0.0267202965915203,0,-0.0033372731413692,0.0016750284703448,-0.0522137098014354,0,0.4833844304084778,-0.6799455881118774,0.6277729868888855,1,-0.1995230317115783,0.2247376888990402,0.1537685692310333,0
-0.9498502016067504,-1.395193576812744,7.185519695281982,-0.0101684052497148,-0.0035557465162128,-0.0090339025482535,0,-0.8943725824356079,-1.20918869972229,2.8731460571289062,1,-0.0108344266191124,-0.0012212358415126,-0.0199234429746866,0,0.1350523382425308,0.0651948973536491,2.817288637161255,1,-0.0064661926589906,-0.0070951152592897,0.0102870231494307,0,-0.0123073207214474,-0.0052320733666419,-0.0062921298667788,0,-0.149813562631607,-0.228209763765335,1.610468864440918,1,0.0023789266124367,0.0058760507963597,-0.0622809492051601,0,-0.0033189277164638,-0.0117618450894951,-0.0281395278871059,0
1.5559648275375366,-0.2012955844402313,6.396254062652588,-0.0105582103133201,0.0023123966529965,0.0202732048928737,0,0.276402860879898,0.02958794683218,1.0676627159118652,1,-0.1856554895639419,-0.0507447458803653,0.456395149230957,0,0.0061312862671911,-0.0068334778770804,0.0186422243714332,0,1.164139747619629,0.0307082515209913,2.8133432865142822,1,-0.1148155257105827,-0.094385802745819,0.8835660219192505,1,0.0017063961131498,-0.0034482609480619,-0.005653697066009,0,0.4439851343631744,-0.1092535033822059,1.0704548358917236,1,-0.0253713373094797,0.0007616095826961,0.0715709552168846,0
0.5806521773338318,0.2314236760139465,14.717991828918455,0.0017873306060209,0.004903654102236,-0.0258932560682296,0,0.8513542413711548,0.7513005137443542,5.124749660491943,1,-0.0058156261220574,0.010068298317492,0.0290730074048042,0,0.0033037208486348,0.0034477328881621,0.0063303071074187,0,-0.6543595790863037,-0.770214855670929,7.897416591644287,1,0.0021491709630936,-0.0044557666406035,-0.009336401708424,0,0.37326180934906,0.2270025908946991,1.764142394065857,1,0.0070711779408156,0.0029757069423794,-0.0769463703036308,0,0.0018999634776264,0.0063958088867366,0.0084548834711313,0
1.9269436597824097,-0.6045648455619812,12.211535453796388,1.9509406089782717,-0.266722559928894,1.284286379814148,1,-0.8753262758255005,-0.2451837360858917,2.8547229766845703,1,-0.0042225359939038,0.0019039569888263,-0.0101417386904358,0,1.9960100650787356,-0.0711952671408653,0.5554218292236328,1,-1.8201570510864256,0.2066269814968109,3.0140926837921143,1,-0.0002061093109659,0.0056975181214511,-0.0239071380347013,0,2.393773317337036,-0.2382910698652267,1.1541599035263062,1,-1.7055803537368774,-0.0073337047360837,3.3831164836883545,1,-0.0082879159599542,0.0099329948425292,-0.0002167764614569,0
1.140968680381775,2.265952587127685,12.058323860168455,0.4256444275379181,0.220668613910675,0.4321091175079345,0,-0.092029184103012,0.0077390070073306,0.6486746072769165,1,-0.0002288962132297,-0.001743764616549,-0.0460527651011943,0,1.6983647346496582,0.2864623665809631,2.266770124435425,1,-0.3951166570186615,0.3276941776275635,1.7478164434432983,1,-0.0088626919314265,0.0026395446620881,-0.0076145860366523,0,1.610498309135437,0.6762401461601257,3.051886558532715,1,-2.101225614547729,0.7560691833496094,4.018839359283447,1,0.0039242627099156,-0.0098167089745402,-0.0541048236191272,0
1.9066665172576904,1.0414520502090454,5.239664554595947,0.0089499894529581,-0.0042809834703803,-0.0193936936557292,0,0.3860419988632202,0.3501335084438324,0.8337875604629517,1,-0.0065670842304825,0.0093488078564405,-0.0023253492545336,0,-0.0006837776745669,0.0021482892334461,-0.0229869224131107,0,0.7566475868225098,0.3825990855693817,2.222651481628418,1,-0.0815032944083213,0.0115805091336369,0.1144521608948707,0,1.0073231351270806e-05,-0.0066369492560625,-0.0168389212340116,0,0.8414402604103088,0.2829928398132324,2.1180288791656494,1,0.0023307241499423,0.0135668944567441,0.0122894430533051,0
0.9257641434669496,0.8091044425964355,16.110774993896484,1.687633991241455,-0.0123790455982089,3.718684673309326,1,-0.0416343286633491,0.1515588015317917,0.0314152725040912,0,0.0014055276988074,-0.0107878921553492,0.0145931905135512,0,1.3037868738174438,-0.4755986034870147,1.9233391284942627,1,-0.0634617656469345,0.5212103724479675,5.790887355804443,1,0.0025677056983113,0.0031672420445829,-0.0071840472519397,0,0.0015239635249599,0.0410835593938827,-0.0348709449172019,0,-1.9764058589935305,0.5891770124435425,4.700573921203613,1,0.010348143056035,0.0016729559283703,-0.0266652628779411,0
1.491443157196045,-0.1704284101724624,2.155716896057129,-0.0037931480910629,0.0023008449934422,-0.0166867282241582,0,0.154776781797409,0.0646467953920364,0.0574193820357322,0,-0.0331605859100818,0.002125552855432,0.0352374948561191,0,-0.0025223805569112,-0.0012231472646817,-0.0199273247271776,0,0.8897229433059692,0.0033798266667872,1.2812730073928833,1,-0.2261362820863723,-0.0700375959277153,0.5589739084243774,1,-0.0035443056840449,-0.0015017116675153,-0.0128561872988939,0,0.7182815670967102,-0.1643618941307068,0.2987796366214752,0,-0.0021813753992319,-0.0057570748031139,-0.0264962669461965,0
0.2699949443340301,-0.6189007759094238,8.679780960083008,0.0004564122064039,0.0076095960102975,0.0040192054584622,0,-0.537528932094574,-0.8094713091850281,4.39923906326294,1,0.005460771266371,-0.0077261072583496,0.0102126542478799,0,0.6246558427810669,-0.0026344356592744,1.855743646621704,1,-0.1823697090148925,0.023271994665265,0.7740713357925415,1,0.0147706372663378,-0.0137323196977376,0.014015763066709,0,0.3265836536884308,0.1749931871891021,1.6151126623153689,1,0.0176864620298147,-0.0005741045461036,-0.0085205128416419,0,0.0002798078930936,0.0093626705929636,0.0158875919878482,0
1.33870530128479,-0.4508982598781585,13.085366249084473,1.2830829620361328,-0.8738507628440857,1.7653496265411377,1,0.0005213124095462,0.0259229950606822,-0.0048364615067839,0,0.0008880402892827,0.0044438014738261,0.0084264343604445,0,-0.0075927749276161,0.00164181785658,-0.0082049677148461,0,0.5928001999855042,0.6153746247291565,5.464197635650635,1,0.0104881506413221,0.002383325016126,0.0125254150480031,0,0.0047237752005457,0.0949377045035362,0.0186278708279132,0,-0.5426176190376282,-0.3619147837162018,5.853222370147705,1,-0.0035886184778064,0.0401629731059074,-0.0239424128085374,0
0.1945787668228149,-0.5094502568244934,17.374330520629883,-0.0093501089140772,0.0011399405775591,0.019079053774476,0,0.1926821917295456,-0.1287053972482681,4.918009281158447,1,0.0046830037608742,-0.0152467368170619,-0.0826276093721389,0,-0.0039073540829122,0.0041985553689301,-0.0350636728107929,0,0.0236478652805089,-0.1816683858633041,6.46646785736084,1,0.0036781732924282,0.0091830799356102,-0.0211674217134714,0,0.0020153278019279,-0.0038430811837315,-0.006817624438554,0,-0.0156356114894151,-0.1835317611694336,6.142880916595459,1,-0.003234711010009,-0.0109764840453863,-0.0264308247715234,0
0.5695883631706238,0.1849500089883804,9.545884132385254,0.4470618665218353,-0.2702979445457458,1.6319295167922974,1,-0.1521753072738647,0.1365024149417877,0.1040145084261894,0,-0.0001610786130186,0.0083823055028915,-0.0005893958732485,0,0.05655113235116,-0.0707398131489753,0.1382228285074234,0,0.220993623137474,0.2830709218978882,2.927712917327881,1,0.0030972061213105,0.0052568865939974,-0.0170550178736448,0,-0.0052415402606129,0.1298350840806961,-0.0440250411629676,0,-0.0025169905275106,-0.0681385770440101,4.83281135559082,1,0.0019794795662164,0.0310787372291088,-0.0271374955773353,0
1.3539540767669678,-0.0278656184673309,17.531911849975586,-0.0106936153024435,0.0012014990206807,0.0026998408138751,0,0.5834179520606995,-0.2698173522949219,8.160110473632812,1,-0.0061205779202282,-0.0074380962178111,-0.0310413800179958,0,-0.0002777035406325,0.0046655512414872,0.032984510064125,0,0.4347148239612579,-0.4981087744235992,1.3420801162719729,1,-0.2531993389129638,1.0496994256973269,3.840214729309082,1,0.0081310486420989,-0.0126510104164481,-0.0012884518364444,0,0.0012393536744639,0.0119610596448183,-0.0463644154369831,0,0.5967421531677246,-0.3073779642581939,4.232516288757324,1
-0.5114471912384033,-2.6808876991271973,8.290421485900879,0.1201175674796104,0.0178294777870178,-0.0220533329993486,0,1.27271831035614,-1.2279731035232544,2.2882280349731445,1,-0.5946412086486816,0.2407949119806289,0.9526824355125428,1,0.0183380171656608,-0.0083938296884298,-0.0086821503937244,0,0.7615451812744141,-0.7350386381149292,1.317127704620361,1,-0.5444487929344177,-0.1110274121165275,0.9287400245666504,1,0.0082495911046862,0.0188527721911668,0.0508995167911052,0,0.403742253780365,-0.2040705382823944,0.516658365726471,1,-1.9570679664611816,-0.671861469745636,2.266820907592773,1
1.875884771347046,0.6876333951950073,4.743608951568604,0.0004393285489641,0.0035365587100386,-0.0153280831873416,0,0.3998915553092956,0.1913248747587204,0.3411514461040497,0,-0.4710743129253387,-0.0087040578946471,0.5375311970710754,1,0.006847274955362,0.0046346364542841,0.1508247703313827,0,1.1572000980377195,0.2554406225681305,1.804603219032288,1,-0.461984783411026,0.0988516584038734,1.3011173009872437,1,0.0051030926406383,-0.0008712791022844,-0.008746420033276,0,1.318873405456543,0.1327847987413406,0.5341199040412903,1,-0.0794109404087066,0.0106356311589479,0.0983355417847633,0
1.01781165599823,2.866609573364258,7.731935024261475,0.0346756801009178,0.0135234082117676,-0.0419168248772621,0,0.4986651837825775,1.1385507583618164,2.1233270168304443,1,0.0005542226717807,-0.0056164036504924,-0.0205088667571544,0,0.0062070586718618,0.001924367621541,0.0152107859030365,0,0.5110504627227783,1.2950726747512815,4.561007976531982,1,0.0101644862443208,0.0048255599103868,-0.0046274228952825,0,0.0230593457818031,0.0294576771557331,0.0491633974015712,0,-0.0635069385170936,0.3982757031917572,1.0581339597702026,1,-0.0030578633304685,-0.0094039728865027,-0.0078555662184953,0
1.7933515310287476,1.914942502975464,14.359237670898438,0.0078177405521273,0.0039363424293696,-0.0314989201724529,0,1.4454140663146973,0.7609143853187561,1.0440213680267334,1,-2.10363507270813,-0.5609004497528076,1.5850526094436646,1,-0.0053748185746371,0.0975948199629783,1.1195387840270996,1,2.121605396270752,0.9261438250541688,3.4898667335510254,1,-0.6427764892578125,0.3418052792549133,3.584033966064453,1,-0.0063685085624456,-0.0028447660151869,0.0153012834489345,0,1.115453600883484,0.1771871745586395,2.2556746006011963,1,-0.1387844234704971,0.1711058020591735,1.297247290611267,1
2.2759039402008057,0.0847409963607788,12.801262855529783,0.0184981431812047,-0.0079681444913148,0.0080977790057659,0,0.6453251838684082,0.3754827082157135,1.8030245304107664,1,-0.7333601713180542,-0.1381185203790664,1.476557374000549,1,0.0039906953461468,0.0051670996472239,-0.0261523202061653,0,2.618881225585937,0.3900717198848724,4.098095893859863,1,-0.362931340932846,-0.0345187708735466,1.2070903778076172,1,0.0069712805561721,-0.0036415557842701,-0.0080745331943035,0,0.3547858297824859,-0.5051921606063843,3.806591033935547,1,-0.2762570977210998,0.0034586212132126,0.4360334575176239,0
0.7143407464027405,-0.4029746353626251,3.7360293865203857,0.0760087966918945,-0.0119259413331747,0.0069834655150771,0,-0.5780481100082397,-0.2726736068725586,1.0559886693954468,1,0.0029812483116984,-0.0091051692143082,-0.0162248443812131,0,0.5944019556045532,-0.0899803712964057,0.1916790753602981,0,-0.2496779114007949,0.0579858422279357,1.0379292964935305,1,-0.0124369477853178,0.036420602351427,0.4439937472343445,0,0.9047629833221436,-0.1079757362604141,0.7161134481430054,1,-0.0344640277326107,-0.0173321384936571,0.2856018841266632,0,0.0108126886188983,0.0116118425503373,0.0139645868912339,0
0.2310377657413482,0.1429258286952972,20.57480430603028,-0.5397878885269165,0.7445711493492126,8.330183029174805,1,-0.0701794326305389,0.0015299074584618,-0.0864199623465538,0,0.0064990376122295,-0.003748973365873,-0.0368036590516567,0,0.9424640536308287,-0.8825748562812805,10.27090549468994,1,-0.0173824410885572,0.0362165905535221,0.0192714314907789,0,0.0041840062476694,-0.004069069866091,-0.0109417745843529,0,0.1418851166963577,-0.2244819849729538,0.6256579756736755,1,-0.2143095582723617,0.4667862057685852,1.4877504110336304,1,-0.0223350822925567,0.00869682431221,-0.0247999094426631,0
0.2005364894866943,0.6446036100387573,15.021076202392578,-0.0529816634953022,0.2064923793077469,-0.3076584637165069,0,1.9484204053878784,-1.1327098608016968,2.762392044067383,1,-0.2625479102134704,0.2871004641056061,0.6736854910850525,1,0.0083276480436325,-0.0047503015957772,-0.0041302181780338,0,0.237021341919899,-0.6095566153526306,-0.3600583076477051,0,-0.3301232755184173,0.4286909103393554,3.338130235671997,1,0.00330151617527,-0.1122387424111366,-0.0077999345958232,0,0.0234007686376571,0.0114286970347166,-0.0684655234217643,0,-1.3742823600769043,1.5701466798782349,8.994980812072754,1
0.0294794477522373,-0.2011788338422775,16.561481475830078,0.9428989887237548,-0.4438164532184601,5.768331050872803,1,-0.0059620467945933,0.0032666723709553,-0.016495481133461,0,-0.0038515736814588,0.0064979190938174,0.0021608241368085,0,1.478017807006836,-0.431036502122879,2.109938859939575,1,-0.4730871617794037,0.2439735829830169,0.7826488614082336,1,-0.0148827666416764,-0.01108611933887,-0.0049330410547554,0,0.1330374777317047,-0.0177535526454448,0.0587166026234626,0,-2.0275192260742188,0.4362728297710418,7.8539958000183105,1,0.0008279724861495,0.0125027131289243,0.0071184048429131,0
-1.7521967887878418,1.833614945411682,14.6056489944458,-0.0009535501012578,0.0041560349054634,0.0030992308165878,0,-0.0124862445518374,0.0061281733214855,-0.0255625732243061,0,-0.1108423173427581,0.5429596304893494,0.6813338994979858,1,0.0022864092607051,0.0047907936386764,0.0031939533073455,0,0.5132939219474792,2.362945079803467,1.393174171447754,1,-1.3815630674362185,-1.8416905403137207,5.538930416107178,1,0.0018711914308369,0.0050829658284783,0.0071302121505141,0,-0.761403501033783,0.729322075843811,7.0076117515563965,1,-0.0023997018579393,0.0199206806719303,-0.0032623924780637,0
-2.155488967895508,-0.4928911328315735,17.948833465576172,0.0352712571620941,-0.0108406050130724,-0.0169963706284761,0,0.087832435965538,-0.0442176833748817,0.9557482004165648,1,0.0093003092333674,-0.0138982106000185,0.0560406222939491,0,-2.3134429454803467,2.9825963973999023,2.671127796173096,1,0.217417910695076,0.2127578109502792,2.4543306827545166,1,0.1212108433246612,0.1139527037739753,1.673547625541687,1,-0.3123040497303009,-3.5672085285186768,9.767507553100586,1,-0.0219962112605571,-0.1646862179040908,0.4330487847328186,0,0.0212214458733797,-0.0013466500677168,-0.0455214418470859,0
2.635413646697998,0.1067800745368003,20.92333030700684,1.0540144443511963,0.9080407023429872,6.418069362640381,1,-0.1235540062189102,0.1433983445167541,0.0295501686632633,0,0.0037988144904375,-0.0068188807927072,-0.0336610339581966,0,1.463011384010315,-0.8680208325386047,9.748546600341797,1,-0.0299657993018627,0.052063975483179,-0.0368100181221962,0,0.0004574114864226,0.0046628261916339,-0.0031620089430361,0,0.3218640983104706,-0.1083260774612426,4.871046543121338,1,-0.0770284458994865,0.0240742508322,-0.1152016669511795,0,0.0228157248347997,-0.0422942265868186,0.0449530407786369,0
0.7465081214904785,0.181503415107727,6.7410569190979,0.0040728552266955,0.0137767912819981,-0.02263112552464,0,0.143739253282547,-0.2248200625181198,3.372936964035034,1,-0.0006756774382665,-0.0168259721249341,0.0171194411814212,0,0.2138779312372207,0.0236579459160566,0.210495039820671,0,-0.0061495848931372,0.0068738088011741,-0.0199134238064289,0,0.0137882009148597,0.0107851577922701,0.0090036839246749,0,0.3741783797740936,0.3625929951667785,3.2003135681152344,1,-0.0084763085469603,-0.0061182025820016,0.0220541525632143,0,0.012153104878962,0.0115809459239244,-0.0483211800456047,0
0.8040211200714111,4.676355361938477,20.832908630371094,-0.0015706821577623,0.0180422198027372,0.0129131684079766,0,-0.6703289151191711,2.097602367401123,4.082315921783447,1,0.1208673045039177,0.0125125404447317,1.0709903240203855,1,0.8910999894142151,0.0561655201017856,1.6548832654953003,1,-0.4012588560581207,0.5813775062561035,8.057755470275879,1,0.2804329693317413,0.1481322795152664,4.023858547210693,1,0.6924439668655396,1.9009231328964236,-1.1301047801971436,0,-0.2310262024402618,-0.2547233700752258,2.217937469482422,1,0.1233615651726722,0.116323597729206,0.8423583507537842,1
0.5469780564308167,-0.7100630402565002,13.755598068237305,0.1981414258480072,-0.0324488766491413,0.098002016544342,0,-1.1008784770965576,-0.5530334711074829,3.370783567428589,1,-0.0046498742885887,-0.015961218625307,0.4765925705432892,0,0.8683997392654419,-0.1916600316762924,0.7073577046394348,1,-0.3692781925201416,0.2261483669281005,2.530344724655152,1,-0.0191408339887857,0.2102099508047104,2.1582863330841064,1,1.1354172229766846,-0.3661327064037323,2.1795833110809326,1,-0.1391762048006057,0.0178473275154829,1.6537398099899292,1,-0.0218568090349435,-0.0050323461182415,0.5809082984924316,1
-0.4235061407089233,-2.456573009490967,7.836942195892334,0.8906900882720947,-0.4709849953651428,1.95245099067688,1,-1.862008810043335,-0.6343972682952881,2.699391841888428,1,-1.3218933418102097e-05,-0.0122096501290798,-0.0136966286227107,0,0.6770254969596863,-0.8928365111351013,1.953315496444702,1,-0.0908452346920967,-0.2981078028678894,1.2493295669555664,1,0.0008704055217094,0.0064577371813356,-0.0119164334610104,0,0.0070866718888282,-0.1253104954957962,0.0321902893483638,0,-0.0243566278368234,-0.0129030700773,-0.0132838590070605,0,-0.0219548903405666,-0.0162810981273651,-0.0108394036069512,0
2.679529428482056,-1.4390251636505127,16.601499557495117,0.0070272199809551,-0.0001516368065495,-0.014875522814691,0,0.2484742999076843,0.2582833170890808,5.302000522613525,1,0.0035241127479821,-0.0018163897329941,-0.0833133310079574,0,0.0050764284096658,0.0008370988070964,0.0308881439268589,0,1.78811514377594,-1.5785259008407593,5.276645183563232,1,-0.0074277915991842,-0.0047822194173932,0.0277531500905752,0,0.0025104808155447,-0.002586034592241,-0.0017140711424872,0,-0.0014880935195833,0.0024126558564603,-0.0275025442242622,0,0.6337175965309143,-0.1126962080597877,6.091618537902832,1
-2.238487243652344,0.4477280974388122,12.609277725219728,-0.0008789536659605,0.0069696130231022,-0.0034269394818693,0,-0.0064422041177749,0.0142231844365596,-0.0146876107901334,0,-0.0018984649796038,-0.0070128175429999,-0.0261639542877674,0,-0.0762980580329895,0.0420224592089653,2.071922063827514,1,-0.0275440718978643,0.0339223779737949,-0.0064661647193133,0,-0.0057730278931558,-0.0149451969191432,0.0299454927444458,0,0.0003734050842467,-0.0020393074955791,-0.0131604056805372,0,-2.117147445678711,0.3919520676136017,10.60838794708252,1,-0.002878522966057,-0.0173642840236425,-0.0370733067393302,0
0.0910008996725082,-0.7503970861434937,8.444218635559082,0.0107988528907299,-0.0059255305677652,-0.0518482849001884,0,-0.3388891220092773,-0.5609439015388489,5.478863716125488,1,-0.0035334303975105,-0.0012834364315494,-0.0185071863234043,0,0.4413325488567352,0.1563350111246109,0.7904112339019775,1,-0.1356249749660492,-0.185621291399002,0.3440552055835724,0,-0.0024923232849687,0.0001180829567601,0.0163571052253246,0,0.1133567690849304,-0.1353715062141418,1.8942619562149048,1,0.010920725762844,-0.0150850741192698,0.0181656014174222,0,-0.0048681437037885,-0.0026193920057266,-0.0275399759411811,0
0.3965291976928711,-2.7479066848754883,17.214441299438477,0.0414422266185283,0.0060109891928732,-0.004999965429306,0,0.6157717704772949,-1.0028667449951172,2.4614834785461426,1,-0.0511915162205696,0.0257745888084173,0.0915789678692817,0,-0.0023356857709586,0.0035765038337558,-0.0214508939534425,0,-0.0013953188899904,0.0398283787071704,0.0717962086200714,0,-1.011297345161438,-0.8908780217170715,8.666275024414062,1,-0.0078422632068395,0.092760294675827,-0.0683638677000999,0,-0.0019740886054933,-0.0065744733437895,0.0465129204094409,0,0.8153514266014099,-1.0155383348464966,5.971610069274902,1
1.7038216590881348,0.9884790778160096,8.973246574401855,-0.2782060503959656,0.3467547595500946,-0.7145079970359802,0,1.145607590675354,1.1985788345336914,3.3457202911376958,1,0.0022499859333038,-0.0122028952464461,-0.01207060739398,0,-0.0040575833991169,0.0095981145277619,-0.0254746805876493,0,0.4894827902317047,-0.2920603156089782,5.129523754119873,1,0.0091597698628902,0.0132219484075903,0.0291185919195413,0,0.0079604303464293,0.0541670061647892,0.0045329355634748,0,0.298133373260498,-0.4394902884960174,1.2115724086761477,1,0.0334912687540054,0.1099118813872337,0.0048323757946491,0
-1.8683514595031736,3.360279560089112,19.355525970458984,0.0673776194453239,-0.0112552335485816,0.1934555768966674,0,0.3918677270412445,-0.6825602054595947,1.9541183710098269,1,-1.4328351020812988,1.0434980392456057,3.657464265823364,1,0.0036531162913888,4.756290218210779e-05,0.0170364528894424,0,0.6444001197814941,-0.0253546983003616,1.6186683177947998,1,-0.5204018950462341,0.1125167459249496,2.2364444732666016,1,-0.0105737820267677,-0.1706243902444839,-0.0500188618898391,0,1.138823628425598,-0.5654165148735046,2.7596020698547363,1,-2.150662899017334,3.659428119659424,6.968754768371582,1
1.908626198768616,0.227909505367279,18.409400939941406,-0.0181339066475629,-0.0045539177954196,0.0928916856646537,0,-0.081310361623764,1.3007845878601074,1.0577298402786257,1,0.0072087356820702,-0.0234537497162818,-0.0412257798016071,0,-0.0044657974503934,0.0097305616363883,-0.0124048730358481,0,0.7366363406181335,0.6535005569458008,12.932540893554688,1,0.0235490053892135,0.0069435066543519,0.0013723609736189,0,-0.0061955759301781,0.0173100437968969,-0.0676178857684135,0,1.2149258852005005,-1.7911988496780396,4.554563999176025,1,0.0364118516445159,0.0588467679917812,-0.1084504649043083,0
0.2506027817726135,-1.1489806175231934,8.443706512451172,-0.0033355643972754,0.0062748659402132,0.0086864409968256,0,-1.6782628297805786,-1.0567795038223269,4.4562530517578125,1,0.000107125393697,-0.0012824379373341,-0.0081069748848676,0,0.7630230784416199,0.1390928328037262,1.0898077487945557,1,-0.4708076417446136,-0.3846622705459595,0.8230652809143066,1,-0.0060154842212796,0.0010817697038874,-0.0107778115198016,0,1.6745790243148804,0.1407772153615951,2.033076763153076,1,-0.0280532389879226,0.0006762210978195,0.0551167093217372,0,-0.0006316903745755,0.0058407145552337,-0.003414450911805,0
1.0439013242721558,0.8996846079826355,18.210176467895508,-0.0068335211835801,0.0170314703136682,0.0175977759063243,0,-0.0151275945827364,0.0042996914125978,-0.0211475472897291,0,-1.9920058250427248,-1.502049684524536,5.88197660446167,1,0.0061271036975085,0.0034574803430587,0.0078047597780823,0,1.7153639793395996,1.4060704708099363,7.003633975982666,1,-0.0060657006688416,0.0001236081006936,-0.0254182331264019,0,0.0152054149657487,-0.0055709211155772,-0.0013567091664299,0,1.3240598440170288,0.9620738625526428,5.320201873779297,1,0.0031777706462889,0.0142486682161688,0.0268837101757526,0
0.943682849407196,-0.6688231825828552,17.812589645385742,0.4623377919197082,-0.3783335089683532,4.482232093811035,1,-0.0665611922740936,0.0770082995295524,-0.2167095094919204,0,-0.0001345712225884,0.0034769738558679,-0.0427195765078067,0,0.8825967311859131,-0.2421504408121109,1.2926403284072876,1,0.0899332836270332,0.495947390794754,5.968728542327881,1,0.0066667185164988,0.001873288070783,-0.0294166281819343,0,0.0041599003598093,0.0232373103499412,-0.0727809965610504,0,-0.4367989301681518,-0.6558499932289124,6.494381904602051,1,0.0014831506414338,0.0059674740768969,-0.06376663595438,0
0.5166503190994263,3.0208919048309326,15.099581718444824,0.0156261473894119,0.0104976342990994,-0.0448580607771873,0,-1.3657753467559814,-0.0406753718852996,3.640676736831665,1,-0.0034531324636191,-0.0105491308495402,-0.0690542832016944,0,1.1370295286178589,1.3639211654663086,3.460866928100586,1,-0.0007516230107285,0.0070429877378046,-0.0460926219820976,0,0.0299797356128692,0.00388466543518,-0.0364803187549114,0,0.6997317671775818,1.6804463863372805,8.213464736938477,1,0.0007412053528241,0.007374404463917,-0.0258526410907506,0,0.003522012149915,-0.0010508205741643,0.0069114351645112,0
-0.0766621083021164,1.6668059825897217,16.680496215820312,1.5374345779418943,0.2976729869842529,3.068035840988159,1,-0.3519813120365143,0.8271443843841553,0.667292594909668,1,-0.0075735603459179,0.0131110707297921,-0.0274756867438554,0,1.2090245485305786,-0.5624899864196777,2.182431697845459,1,-0.4564797282218933,0.6310516595840454,7.007007598876953,1,-0.0034286840818822,-0.000667363172397,-0.0118667669594287,0,0.0918553471565246,-0.1039557456970214,0.1467923820018768,0,-2.092115879058838,0.5091679692268372,3.677952289581299,1,-0.0033972698729485,0.055770918726921,-0.0296742785722017,0
-0.5430620908737183,0.0829579830169677,11.34521198272705,0.0445827953517437,0.0768386870622634,-0.063755840063095,0,0.9883044958114624,-1.1690140962600708,1.4502336978912354,1,-0.6618430614471436,0.6097897291183472,2.673586845397949,1,0.0099523654207587,-0.005486930720508,0.0009428752236999,0,0.2143831402063369,-0.4696623682975769,-0.3461465835571289,0,-0.3758866190910339,-0.0857203379273414,3.1703007221221924,1,-0.0061810594052076,0.0170537512749433,0.0415018014609813,0,-0.0381481647491455,-0.0578487142920494,-0.034665796905756,0,-0.7182260155677795,1.1670081615447998,4.453214168548584,1
1.3213567733764648,1.7696449756622314,16.081233978271484,0.0092205554246902,-0.0028841290622949,-0.0297385863959789,0,-0.474158227443695,1.7561516761779783,6.381444454193115,1,0.0009308258886449,0.0103420997038483,0.0064618620090186,0,0.0006898991414345,-0.0015490741934627,-0.0066184271126985,0,1.4837937355041504,-1.3565020561218262,5.009441375732422,1,-0.0463820286095142,0.992871880531311,1.5484493970870972,1,0.0028290045447647,-0.0048554586246609,-0.0288604199886322,0,0.0036898583639413,0.0086297513917088,-0.040447648614645,0,0.3407431244850158,0.367440402507782,3.2411012649536133,1
1.6046596765518188,-1.10529887676239,18.3671875,-0.0086215510964393,0.0180978123098611,0.0701617300510406,0,-0.0309662334620952,0.143828272819519,-0.004514982458204,0,0.0942083522677421,-0.0302182119339704,-0.3034806251525879,0,1.3327010869979858,-1.9713118076324463,9.996871948242188,1,0.0166482497006654,0.037170547991991,0.1127247661352157,0,0.0016522855730727,-0.0080703040584921,0.0953797325491905,0,0.0057053756900131,0.1176499351859092,-0.0209863297641277,0,0.1754400879144668,0.5680514574050903,8.464938163757324,1,0.0178920533508062,0.0195034556090831,-0.0439064502716064,0
-1.033687949180603,-1.5135067701339722,6.769923210144043,0.037700243294239,-0.0168604254722595,0.0350409969687461,0,-0.2709187269210815,0.2214613556861877,-0.1839842051267624,0,0.0013475684681907,0.0881961956620216,0.9708152413368224,1,0.003856030292809,-0.0036416733637452,0.0227502267807722,0,-0.0090249581262469,0.047199685126543,0.0789566561579704,0,0.2761268019676208,-0.0439053773880004,1.975797295570373,1,0.0070159677416086,-0.1457568556070327,0.0528900474309921,0,-0.0561767145991325,-0.0922353789210319,0.0632676556706428,0,-1.0236141681671145,-1.5679643154144287,3.754389524459839,1
-0.5882979035377502,-0.1257207095623016,12.920121192932127,0.007589123211801,0.0001237912947544,-0.0234012231230735,0,0.0592983812093734,0.0174098070710897,1.8420950174331665,1,-0.0002319629711564,-0.0035092555917799,-0.0127983102574944,0,0.0060534379445016,-0.0010729301720857,0.0315871499478817,0,-0.2513415813446045,-0.1061951890587806,5.652925968170166,1,-0.0127477450296282,-0.0045712953433394,-0.0050276592373847,0,-0.0011323341168463,0.0041606277227401,0.0035745080094784,0,-0.4068142473697662,-0.0448933653533458,5.423820018768311,1,0.0110290804877877,0.0128271020948886,0.0073460056446492,0
0.9624992609024048,-0.1897349953651428,7.923904418945312,0.946949541568756,-0.2183439284563064,2.434746265411377,1,-0.0073558469302952,0.033970583230257,-0.049329575151205,0,0.0032594250515103,0.0072731869295239,-0.0422529503703117,0,0.780820906162262,-0.5162689685821533,3.152421712875366,1,-0.0157827213406562,0.0111105432733893,0.0266814585775136,0,0.0119585543870925,-0.005868321750313,-0.0216461513191461,0,0.0610849447548389,0.0130370371043682,0.0622493885457515,0,-0.823871374130249,0.4806735515594482,2.3588340282440186,1,0.0054357186891138,0.0046813441440463,0.002200064714998,0
0.1942641884088516,-0.5013615489006042,14.505481719970703,-0.0047054081223905,0.0025647864677011,0.0079867541790008,0,0.0388609245419502,0.0650568455457687,0.2350990623235702,0,0.0051902243867516,-0.0026279601734131,-0.0126400403678417,0,-0.0011875457130372,-0.0010394485434517,-0.021744068711996,0,0.5451591610908508,0.2612813115119934,6.241045475006104,1,-0.0042551956139504,-0.0242034532129764,0.0403054803609848,0,0.0022248097229748,-0.0052404361777007,-0.0134625872597098,0,-0.3831698000431061,-0.7980278134346008,8.021735191345215,1,-0.0038529788143932,0.00087455479661,0.0071565811522305,0
1.3517192602157593,0.6461144685745239,17.497817993164062,0.8125784397125244,-0.0220735948532819,6.691052436828613,1,-0.0051800617948174,-0.0032708614598959,-0.0166787095367908,0,0.0012265715049579,0.0109940404072403,0.0371696949005126,0,2.0892465114593506,-1.275841474533081,6.575815200805664,1,0.0001411149569321,0.0045890030451118,-0.0384827069938182,0,0.0041725276969373,0.0156760327517986,-0.0278466716408729,0,0.0491055622696876,-0.0270234178751707,0.0181620642542839,0,-1.5929728746414185,1.9441713094711304,4.268412590026856,1,-0.006598740350455,-0.0011064904974773,-0.0097848605364561,0
0.0732223987579345,-8.726228713989258,23.26034545898437,0.0060264114290475,-0.0039216289296746,0.0021047403570264,0,1.6095378398895264,-2.0469889640808105,5.440713882446289,1,0.0074584428220987,-0.0296877734363079,-0.130388393998146,0,0.0011520222760736,-0.0037440110463649,0.003874932648614,0,-0.0095311645418405,0.0653300061821937,-0.050087321549654,0,-2.7324695587158203,-1.442991018295288,10.654648780822754,1,0.0071546672843396,-0.0612803511321544,0.0348639860749244,0,0.011554148979485,-0.0251301769167184,0.0548636987805366,0,1.1723395586013794,-5.17781400680542,7.249751091003418,1
-0.2292248755693435,2.7221057415008545,9.44124984741211,0.0251041781157255,-0.0031515464652329,0.0291518382728099,0,-0.4164424240589142,1.6607348918914795,1.726870059967041,1,0.0049938652664422,0.003726698923856,0.0073382724076509,0,0.3456260561943054,0.1268162280321121,0.3168017566204071,0,-0.1174363046884536,0.5621572732925415,5.637516975402832,1,0.0998266264796257,0.0455613657832145,1.192610502243042,1,0.2899402976036072,0.2168896645307541,-0.0937265455722808,0,-0.4481474459171295,0.113591194152832,0.635031521320343,1,-0.0126896910369396,-0.004220011178404,-0.0103457802906632,0
0.7724918723106384,-0.4336366057395935,8.419995307922363,-0.001684462185949,0.0038311576936393,-0.0008057181257754,0,-1.463245511054993,-0.9775899648666382,4.037436485290527,1,-0.0024492510128766,-0.0008901632972992,-0.0420003905892372,0,1.107625961303711,0.5236768126487732,2.198700189590454,1,-0.111319214105606,-0.2778630554676056,0.6202079653739929,1,0.0092155272141098,0.0008167306077666,-0.0034426166675984,0,1.2372223138809204,0.2975479662418365,1.6568949222564695,1,-0.0010425399523228,0.0067529189400374,-0.0286516640335321,0,-0.0018309507286176,-0.0099189709872007,-0.0183434896171093,0
0.3809050917625427,-0.1897962689399719,10.090496063232422,-0.0166589245200157,0.0108677521347999,0.0404147282242774,0,-0.6911181211471558,0.1208286508917808,0.8737869262695312,1,0.0043171793222427,-0.0054360413923859,0.0183349475264549,0,-0.0071233515627682,0.0039209621027112,-0.0745485201478004,0,-0.6423155069351196,0.1544509977102279,5.250675678253174,1,-0.0013320667203515,0.0032012292649596,-0.0198855623602867,0,0.0041565424762666,-0.0002387541462667,-0.0122860493138432,0,1.7273133993148804,-0.4848131835460663,4.004749774932861,1,0.0036658789031207,0.0074221258983016,0.0092546325176954,0
2.224730491638184,1.4452786445617676,13.84091854095459,-0.0627219527959823,-0.008132915943861,0.0984721630811691,0,0.8936024308204651,4.32753849029541,5.448404312133789,1,-0.0018730306765064,0.0021849982440471,-0.0170779880136251,0,0.000712631677743,0.0046100248582661,-0.0162264741957187,0,2.013447999954224,-3.778507947921753,3.425708055496216,1,0.0179243702441453,0.0097176590934395,0.0126296561211347,0,-0.0007902721408754,-0.0229872409254312,-0.0054387520067393,0,0.0326457247138023,-0.1336307227611541,-0.0792905315756797,0,-0.6682170629501343,1.044486403465271,4.973737716674805,1
-0.5617764592170715,0.4969412088394165,8.06075668334961,0.6501443982124329,-0.0759529545903205,0.852561891078949,1,-0.3671351075172424,0.2979847490787506,0.6475428342819214,1,0.0129105718806386,-0.0261715073138475,-0.0163368564099073,0,0.3853628635406494,-0.0191708877682685,0.2857360541820526,0,-0.3812297880649566,0.2077424079179763,4.155687808990479,1,0.0794504657387733,0.0712983533740043,0.9617868661880492,1,-0.0040275105275213,-0.088627703487873,0.0013754689134657,0,-0.9705479741096495,0.0967456921935081,1.1814862489700315,1,0.0332955680787563,0.0330930054187774,-0.0090840132907032,0
1.95683753490448,-2.816956043243408,11.484514236450195,1.356964349746704,-0.184636041522026,1.916934847831726,1,-1.8067036867141724,-0.871812641620636,4.681522846221924,1,-0.0051274043507874,-0.0086769275367259,0.0018392992205917,0,2.466567039489746,-0.5164730548858643,0.3009954392910003,0,-0.489512026309967,-0.4047568440437317,2.8138134479522705,1,-0.0171018205583095,-0.0007292105583474,-0.0082753133028745,0,0.6019642949104309,-0.4542598724365234,0.719437301158905,1,-0.1495431959629058,-0.3785105943679809,1.0661556720733645,1,-0.0006701570237055,0.0028991384897381,-0.0079098856076598,0
-5.646250247955322,-8.460566520690918,15.26938819885254,0.002879430539906,0.0066374824382364,-0.0001009721527225,0,1.23182475566864,-1.1453588008880615,2.137717962265014,1,-1.151847004890442,0.2583344280719757,1.4463461637496948,1,0.0373938009142875,0.0202526617795228,0.4982019662857055,0,0.6749395132064819,0.1174236610531807,2.93890380859375,1,-0.7848028540611267,-0.0055658216588199,3.3365652561187744,1,0.0129622276872396,0.0774285271763801,0.0171782337129116,0,0.3456000387668609,-0.289023756980896,1.0693858861923218,1,-6.015200138092041,-7.50069522857666,3.825190305709839,1
-0.430252194404602,0.693882942199707,21.050025939941406,-0.6127341985702515,0.0363900400698185,3.1907312870025635,1,-0.0018862647702917,0.0100628901273012,-0.0093891657888889,0,0.0031732330098748,-0.0041020233184099,-0.0065815583802759,0,-0.0254978667944669,0.7835456728935242,10.517260551452637,1,-0.0099799027666449,-0.0018374224891886,0.02912806160748,0,0.0112280547618865,0.0189365968108177,-0.0383849181234836,0,0.2105096280574798,-0.1489221304655075,7.423464775085449,1,-0.0027953279204666,0.0046504754573106,-0.0345472283661365,0,-0.0022695867810398,-0.0048410696908831,-0.0216545388102531,0
0.1348253190517425,-0.6042523384094238,16.47342872619629,0.0959032922983169,-0.4100819230079651,2.349252939224243,1,-0.0099137239158153,0.0265898630023002,-0.0215498190373182,0,0.0096059944480657,-0.0226117074489593,-0.0634310618042945,0,0.0014937012456357,-0.0053895460441708,-0.0158465094864368,0,-0.979698896408081,0.9316617846488952,10.42973518371582,1,0.013472338207066,0.0017693943809717,-0.0290979985147714,0,0.0033692670986056,-0.0075752330012619,-0.0149294966831803,0,1.1165305376052856,-1.1730315685272217,3.7574963569641113,1,-0.1159372106194496,0.0544165559113025,0.0817978009581565,0
-2.327731847763061,-1.9198637008666992,8.381308555603027,-0.0641109198331832,-0.0015398473478853,-0.0057361344806849,0,-0.6405591368675232,-0.7351254820823669,5.493982791900635,1,0.0046578431501984,-0.0168687794357538,-0.0057905572466552,0,-0.0034428134094923,0.0043851658701896,-0.0074987253174185,0,-1.454713225364685,-1.2720444202423096,2.830841541290283,1,0.0153421983122825,-0.0004220675909891,-0.0037875936832278,0,-0.0904585868120193,0.1225740313529968,0.0696188136935234,0,-0.0971563979983329,-0.0424923710525035,0.015860978513956,0,0.0027090574149042,0.021669827401638,-0.0061819679103791,0
-0.0120967794209718,0.115202784538269,6.584621906280518,-0.0039165816269814,0.0036996894050389,-0.0001898897025967,0,0.0047427550889551,0.0181965343654155,-0.0132330451160669,0,0.000231233483646,-0.0155367581173777,0.0133739542216062,0,0.2028566151857376,0.294210821390152,3.349383592605591,1,0.0024914718233048,0.0078462203964591,-0.026898019015789,0,-0.0125918546691536,0.0119282640516757,-0.0488114804029464,0,-0.2169104814529419,-0.2015438973903656,3.2770371437072754,1,0.0111444722861051,-0.0113849742338061,0.0265359971672296,0,-0.0001444067747797,0.0077869035303592,0.0074235703796148,0
1.9107903242111208,-1.0129597187042236,9.673068046569824,-0.0133358454331755,0.0054040215909481,0.0286633819341659,0,0.0922912582755088,0.0625215917825698,0.3248381614685058,0,-1.6750242710113523,-1.2446868419647217,3.423658847808838,1,0.0041844835504889,-0.0023944973945617,0.0245211124420166,0,1.844764351844788,0.7485532164573669,2.5635578632354736,1,-0.2236714661121368,-0.5093538761138916,1.2570477724075315,1,0.0046248896978795,-0.001748094218783,-0.0106920897960662,0,1.877356767654419,-0.0625696927309036,2.0953660011291504,1,-0.0003997944877482,-0.0086854984983801,-0.03389273583889,0
1.7018386125564575,-1.211493968963623,22.31723594665528,-0.2009268850088119,0.0819870084524154,-0.2500134706497192,0,0.8845387101173401,-0.2935932576656341,6.843181133270264,1,-0.0004746323393192,-0.0135833593085408,-0.0046304841525852,0,0.0041094711050391,0.0037662822287529,0.0127212088555097,0,0.7943316698074341,0.4202381670475006,7.874182224273682,1,0.0233618840575218,0.0084554040804505,0.0357270203530788,0,-0.0184329431504011,-0.1152219846844673,-0.0075646773912012,0,0.1798176318407058,-1.3611997365951538,7.790152072906494,1,0.0355136841535568,0.0576574765145778,0.0234805364161729,0
0.7485170364379883,0.3022220432758331,22.25737190246582,-0.3444057404994964,0.6617746353149414,6.700826644897461,1,-0.0337546803057193,0.0395893529057502,-0.0153463631868362,0,-0.0012956148711964,-0.0010487617691978,0.0267781838774681,0,1.648964762687683,-1.125742793083191,11.885461807250977,1,0.0154836615547537,0.0078478856012225,0.0501453392207622,0,0.0016301446594297,-0.004595573991537,0.0217467844486236,0,0.3624475300312042,-0.2829895317554474,0.7593430280685425,1,-0.9935064911842346,1.0102471113204956,2.782796859741211,1,0.092953473329544,-0.0028602806851267,0.0456176437437534,0
-0.2918358445167541,-3.5060060024261475,5.318317890167236,1.0209431648254397,-1.6069377660751345,1.2794933319091797,1,-0.6334969997406006,-0.4474882483482361,0.7457779049873352,1,0.0010437869932502,-0.016696972772479,0.3979912400245666,0,0.1764903962612152,-0.2878553867340088,0.3522116541862488,0,-0.2835315465927124,-0.4252979755401611,0.6522738933563232,1,0.0058565195649862,-0.0094654401764273,0.0107074929401278,0,0.0024404532741755,0.0731071308255195,-0.02468978241086,0,-0.5943690538406372,-0.8280537128448486,1.9329118728637693,1,0.012787414714694,0.0426822714507579,-0.0283599402755498,0
-0.0579971596598625,0.1595927774906158,7.1552252769470215,0.3040611743927002,0.0748495310544967,1.5775691270828247,1,-0.0011817896738648,-0.0026392233557999,-0.0191052127629518,0,0.005631370935589,-0.006645054090768,-0.011114589869976,0,0.4231664836406708,-0.0507406182587146,0.5344681143760681,1,-0.1951770633459091,0.0869258940219879,0.3556611239910126,0,0.0024609775282442,0.0022939769551157,-0.0132874734699726,0,-0.003788829781115,0.0015000281855463,-0.0071832863613963,0,-0.5949679017066956,0.0398167520761489,4.715680122375488,1,0.0017984582809731,0.0142314983531832,0.0225375108420848,0
0.2423799335956573,-0.001931719481945,2.8415443897247314,-0.0042339260689914,0.004351464100182,-0.008047804236412,0,0.0353844426572322,0.0913726612925529,0.6683605313301086,1,0.0069848741404712,-0.0021903777960687,0.0064183892682194,0,-0.0099927885457873,-8.703527419129387e-05,-0.0060159801505506,0,0.2113710194826126,-0.0769865289330482,1.794443964958191,1,-0.0068755066022276,0.0102334842085838,0.0079522859305143,0,-0.004960925783962,0.0589859336614608,-0.0148301599547266,0,0.0355179235339164,-0.1632916331291198,0.3541456460952759,0,-0.0208151899278163,0.0756803154945373,0.0391176044940948,0
1.5659563541412354,-2.843534469604492,5.3565850257873535,0.8904745578765869,-0.3309815526008606,1.3777989149093628,1,-0.3706711828708648,0.203780859708786,0.1072268486022949,0,0.2166795432567596,0.088761381804943,-0.8775312304496765,0,0.819665253162384,-2.4657387733459477,4.331732273101807,1,-0.0260104518383741,-0.0077824667096138,-0.0532795712351799,0,-0.0071433437988162,-0.0027254547458142,-0.0229777079075574,0,0.0679918751120567,-0.3050087988376617,0.4583339989185333,0,-0.020835880190134,-0.0491418279707431,0.0500060655176639,0,-0.0041941972449421,0.0253021586686372,-0.0147242732346057,0
-2.992893695831299,-5.018314838409424,12.290433883666992,-0.03525997325778,0.0090390900149941,-0.0207796990871429,0,1.7232186794281006,-1.3139766454696655,3.999178409576416,1,-0.0727876499295234,0.0724745318293571,-0.1690243333578109,0,-0.001465163193643,0.0038956650532782,-0.0137384990230202,0,0.486372172832489,-0.7906700372695923,-0.3076061606407165,0,-0.9868305325508118,0.1643517762422561,3.317803144454956,1,0.0008635555859655,0.0760354846715927,-0.008725537918508,0,-0.0696655288338661,-0.0041903825476765,0.0207215119153261,0,-4.037339210510254,-3.235274314880371,5.472605228424072,1
0.1542867869138717,-0.3767083883285522,6.909468173980713,-0.0061440500430762,0.0047980905510485,-0.0168625265359878,0,-0.0569700226187706,0.090088240802288,-0.0727671757340431,0,0.3864816725254059,-0.1857649832963943,2.52301025390625,1,-0.0034002210013568,0.0020195990800857,0.0080377776175737,0,-0.0148344859480857,0.0252340510487556,-0.0062021054327487,0,-0.283596396446228,-0.4871381819248199,0.2498285621404647,0,0.0118510331958532,0.0627466291189193,0.0717925801873207,0,0.1226400509476661,0.0945034101605415,4.253163814544678,1,-0.0017407967243343,0.0168047565966844,-0.1005332097411155,0
1.4570800065994265,0.4862476587295532,17.592281341552734,0.0023741519544273,0.0061220950447022,-8.259186870418489e-05,0,-0.0003321759286336,0.0412960164248943,-0.031990572810173,0,0.765504777431488,0.5727672576904297,4.447187900543213,1,0.0029301550239324,-0.0035351307597011,0.0039291097782552,0,0.0021003929432481,0.0632950961589813,0.0456776805222034,0,1.3347069025039673,-0.0280902441591024,6.616956233978272,1,0.0081342523917555,-0.0687380656599998,0.0227758530527353,0,0.01223886013031,0.0265578161925077,-0.0161356199532747,0,-0.6705774068832397,-0.1234272047877311,6.503963470458984,1
-2.7401375770568848,-0.0956435799598693,9.988906860351562,0.0025102477520704,0.0002811177109833,0.0139315193518996,0,0.3278778791427612,-0.0980726778507232,0.5871495008468628,1,-4.119744777679443,1.77399742603302,3.431989908218384,1,-0.0030003550928086,-0.0095404321327805,0.0116884065791964,0,0.7530934810638428,0.2858389914035797,1.4706073999404907,1,-1.755900263786316,-1.0183384418487549,2.4519295692443848,1,0.0036964693572372,-0.0887709110975265,0.0014246217906475,0,2.6675171852111816,-0.2921903729438782,0.859165370464325,1,-0.6161876320838928,-0.6488482356071472,1.1610199213027954,1
-0.2237124145030975,-1.7355542182922363,5.211691856384277,0.0393274500966072,-0.0005529161426238,0.0198903083801269,0,0.0092137018218636,0.4627322554588318,0.3201103210449219,0,-0.0010454822331666,0.0085898283869028,-0.0227745100855827,0,0.0057920706458389,-0.0178803950548172,0.023988077417016,0,0.3174997568130493,-1.635648488998413,1.120376706123352,1,0.0141795957460999,0.0114547070115804,-0.0046357754617929,0,0.0145715810358524,0.0095403417944908,0.0787900388240814,0,-0.0718548893928527,0.0600085332989692,-0.0164915435016155,0,-0.5513961911201477,-0.6337980031967163,3.692438125610352,1
1.2832578420639038,-0.3212745785713196,10.812348365783691,0.0128487301990389,0.0093493526801466,-0.0014078863896429,0,0.772097110748291,0.2268765568733215,2.841588258743286,1,-0.0050759343430399,-0.003914110828191,-0.0417279936373233,0,0.0082116080448031,-0.0041636354289948,0.0001789086236385,0,0.5964930653572083,0.0316405110061168,5.029660701751709,1,0.0048835719935595,-0.0107032805681228,0.0079770404845476,0,0.0093048540875315,-0.0171726960688829,-0.0626865848898887,0,-0.1131402403116226,-0.6197639107704163,3.0625905990600586,1,-0.0023650145158171,0.0665766671299934,-0.0238248258829116,0
0.6223086714744568,-0.1595093458890915,3.098346710205078,0.0011806499678641,0.0019957604818046,-0.0033285503741353,0,-0.0143484761938452,-0.1099686175584793,0.9245851039886476,1,0.0019243790302425,-0.0024924657773226,-0.0617037713527679,0,0.3382018208503723,-0.002705939579755,0.3014160692691803,0,0.0002011840406339,0.0030866842716932,0.0263791717588901,0,-0.0042140884324908,-0.0139074483886361,0.0310265999287366,0,0.2972524464130401,-0.0199225302785635,1.8098841905593872,1,-0.0015808703610673,-0.007774656638503,0.0894418582320213,0,0.0036916930694133,-0.0078201433643698,-0.0193538889288902,0
-1.5437932014465332,0.5651125311851501,13.476439476013184,-0.0307364054024219,-0.0273358635604381,0.050155084580183,0,0.0931942984461784,0.0609442070126533,0.1979436725378036,0,-2.465182304382324,1.5540269613265991,4.900496006011963,1,-0.0069145336747169,0.0062108407728374,0.0007736079860478,0,0.846656084060669,-0.0082710394635796,1.8813509941101076,1,-1.4083631038665771,-0.592615008354187,2.443311214447021,1,0.0051754624582827,0.0370564013719558,-0.0796781927347183,0,1.831968069076538,-0.4447208940982818,3.7017745971679688,1,-0.4095904231071472,-0.02018304169178,0.3803127110004425,0
1.5254125595092771,0.4181901514530182,9.304903984069824,0.0079403519630432,0.0033133325632661,-0.0024731624871492,0,0.1538597196340561,0.0577237121760845,0.1872385144233703,0,-0.0792510583996772,-0.0707803145051002,0.5275728106498718,1,0.003651977982372,-0.0016136928461492,0.0195619221776723,0,1.21143639087677,0.5565484166145325,5.337126731872559,1,-0.0103670740500092,-0.0134570943191647,0.0214097574353218,0,0.0017945792060345,-0.004888791590929,-0.0079351123422384,0,0.2320809513330459,-0.1158662661910057,3.217458486557007,1,0.0042667025700211,0.00721085537225,0.0049440679140388,0
1.8802226781845093,-1.5559561252593994,10.905495643615724,0.0209740325808525,-0.0049178041517734,-0.0301898624747991,0,0.7332282066345215,0.1526177674531936,1.0696312189102173,1,-1.183496594429016,-0.6760643124580383,1.9804903268814087,1,0.010036077350378,-0.0107611482962965,9.444929310120642e-05,0,1.7248010635375977,-0.0008712296257726,2.283318519592285,1,-1.0850787162780762,-0.7237282395362854,2.963042497634888,1,0.0062067667022347,0.0016403567278757,0.0026869527064263,0,2.106541872024536,0.0214690715074539,1.5233616828918457,1,-0.4529902040958404,-0.3153404593467712,1.1130611896514893,1
-0.0498354136943817,-0.0129236690700054,6.771113395690918,0.1575610339641571,0.3165260255336761,1.602035641670227,1,0.0057751080021262,-0.0055226255208253,0.0034805010072886,0,0.0024347463622689,-0.0083401910960674,-0.0230269711464643,0,-0.2101337313652038,-0.3549162149429321,5.204517841339111,1,-0.0085002174600958,0.0058214808814227,0.0313113257288932,0,0.0029158794786781,0.0166495814919471,-0.0294299591332674,0,-0.0003600862110033,0.0009315688512288,-0.0239573437720537,0,-0.0020558692049235,0.0030252272263169,-0.0139132728800177,0,0.0025277256499975,0.0129014812409877,0.0200946610420942,0
-0.2609820365905761,1.7523653507232666,6.233206748962402,-0.0509342849254608,-0.0323922857642173,0.0286936871707439,0,-0.2349941581487655,1.1956744194030762,1.3076093196868896,1,0.0005587488994933,-0.0175141189247369,-0.0010748995700851,0,0.1805869936943054,-0.0350823551416397,0.1586238294839859,0,-0.2327704727649688,0.2741852402687073,4.1727681159973145,1,0.0235240459442138,-0.0094571774825453,0.2798430323600769,0,0.2571613192558288,0.3501795530319214,0.1020959094166755,0,-0.2213211953639984,-0.0218909382820129,0.2011802792549133,0,0.0172069426625967,0.0486628636717796,-0.0165329352021217,0
1.9805644750595093,0.3692013025283813,8.141701698303223,0.017036460340023,-0.0064148604869842,-0.0458105206489563,0,0.5849388241767883,0.2335651665925979,0.3705259561538696,0,-0.62644362449646,0.0236044377088546,1.1850241422653198,1,0.0030410792678594,0.0034775210078805,0.0311423111706972,0,1.4106972217559814,0.1190097406506538,2.19758939743042,1,-0.6762571930885315,-0.0188422054052352,1.635978937149048,1,-0.0023962154518812,-0.0029402878135442,-0.020153360441327,0,1.6952396631240845,-0.0363167524337768,2.1639034748077397,1,-0.4252916276454925,0.0540585443377494,0.623500645160675,1
0.8170624375343323,-0.0664940699934959,19.78647804260254,-0.0039947899058461,0.0012819422408938,-0.0113503420725464,0,1.1559044122695925,0.4848991632461548,8.611770629882812,1,-0.0035647940821945,-0.0013906823005527,-0.0475477389991283,0,0.0006918053259141,0.004823419265449,-0.0211890917271375,0,-1.130420446395874,-0.9036593437194824,9.654909133911133,1,0.0032774647697806,-0.0032318956218659,-0.0082178907468914,0,0.7867746353149414,0.3283586204051971,1.6080561876296997,1,0.0031075880397111,0.0066072423942387,-0.0257201232016086,0,0.0052866446785628,0.0158174633979797,0.025768719613552,0
0.8973261117935181,2.3334174156188965,4.139423847198486,0.2480940818786621,0.4138727486133575,0.5705071091651917,1,-0.3133823275566101,0.1917824447154998,0.5451024174690247,1,-0.006740151438862,-0.0012729177251458,0.0575836896896362,0,1.0806630849838257,1.017132043838501,1.9088224172592163,1,-0.332271546125412,0.2968306243419647,0.283953994512558,0,-0.0134490244090557,0.005052629392594,-0.0229545291513204,0,0.3120980858802795,0.3351922929286957,0.6432343125343323,1,-0.0815244019031524,0.0686522051692009,0.1459648013114929,0,0.0038382830098271,0.0061752428300678,0.0072098714299499,0
0.0214596483856439,-0.1583380848169326,8.019335746765137,0.0072004329413175,-0.0068708877079188,-0.0331657081842422,0,0.231101781129837,0.2626679241657257,2.717299461364746,1,0.001299318158999,-0.0066223107278347,-0.0377800464630126,0,-0.0032811507117003,0.0066997949033975,-0.0266781244426965,0,-0.3077961206436157,-0.4747504889965057,5.314887046813965,1,0.0044206636957824,0.0142666362226009,-0.0419993065297603,0,0.0861918106675148,0.0306953154504299,0.1410080194473266,0,-0.000805647810921,0.0034669551532715,-0.0301885660737752,0,0.0031285546720027,0.0121089871972799,0.0159528832882642,0
1.3999507427215576,0.6827681064605713,12.258217811584473,0.0306726470589637,-0.0073049901984632,0.0317619629204273,0,0.2821696400642395,0.1516908258199691,5.413081169128418,1,-0.0013405585195869,-0.0173228494822978,-0.040938951075077,0,0.9230044484138488,0.6638365387916565,5.690564155578613,1,-0.0071610631421208,0.0244570206850767,-0.0310607329010963,0,0.0059306272305548,0.0074564111419022,-0.001016016700305,0,0.177003264427185,-0.0753419026732444,1.2130591869354248,1,0.0052270353771746,-0.0251059811562299,-0.0606011115014553,0,-0.0155554031953215,-0.0395970270037651,0.0433675982058048,0
0.0492989048361778,1.0112969875335691,16.38590431213379,-0.0135891642421484,-0.0123968282714486,0.0068628308363258,0,-0.0945263653993606,-0.0047065438702702,-0.0659229308366775,0,-0.8721904754638672,0.0299261342734098,1.085322022438049,1,-0.0014070102479308,-0.0041474155150353,0.0146193150430917,0,1.0084599256515503,1.4450763463974,6.317081928253174,1,0.0192659758031368,-0.0051143807359039,0.0117335580289363,0,-0.034810122102499,0.0862773284316062,-0.0665507316589355,0,0.0156143316999077,-0.582533597946167,9.164596557617188,1,0.0224818512797355,0.0589159913361072,-0.0818394571542739,0
0.1291236281394958,-1.174250602722168,7.665559768676758,6.927293725311756e-05,0.0066223205067217,-0.0217548217624425,0,0.000285994115984,0.0075235953554511,-0.0162144172936677,0,0.0150671927258372,0.0027076336555182,0.0445600189268589,0,0.0037024428602308,0.0006186983082443,0.0321460664272308,0,0.0781491473317146,0.0847133249044418,0.0198285896331071,0,-0.2030428946018219,-0.713690996170044,2.237739562988281,1,0.0015084182377904,-0.0029805095400661,-0.0085147535428404,0,0.2358364015817642,-0.5613319873809814,5.391000270843506,1,-0.0024523485917598,0.0015674037858843,-0.0132307214662432,0
-0.5850913524627686,1.2820309400558472,22.615184783935547,0.0229967162013053,0.0054022204130887,-0.0378981567919254,0,0.0041697081178426,0.0248248893767595,-0.0226150806993246,0,-0.5307208895683289,0.621892511844635,10.246931076049805,1,-0.0059984289109706,0.0125909056514501,-0.0287922248244285,0,0.6619977951049805,1.3832250833511353,0.9353742599487304,1,0.0113276140764355,-0.0005133161903358,0.0055245915427803,0,-0.0094806915149092,-0.0094237178564071,0.0094191683456301,0,-0.7431889772415161,-0.7645766139030457,11.507723808288574,1,0.0038058443460613,0.0086092185229063,-0.0004822186019737,0
-0.4713053703308105,0.1242866069078445,6.962464809417725,-0.0896397978067398,0.204828992486,-0.2389669120311737,0,0.5414289236068726,0.1435235440731048,0.0010269506601616,0,-0.9751080870628356,0.4585544764995575,2.7665908336639404,1,-0.0010490725981071,0.0038678885903209,-0.0067970380187034,0,0.2856433391571045,-0.0877415388822555,1.1807013750076294,1,-0.2434468865394592,0.0124102532863616,1.3320125341415403,1,0.0094015952199697,-0.215151160955429,0.0474755316972732,0,0.2635695934295654,-0.362665981054306,1.1044409275054932,1,-0.2621049582958221,-0.0333398170769214,0.7759804129600525,1
-5.480437755584717,-6.965632438659668,9.146991729736328,0.0237433537840843,0.0086400574073195,-0.0192980878055095,0,1.2262251377105713,-1.2015974521636963,0.7451738119125366,1,-1.9509851932525637,0.9737560749053956,2.274509906768799,1,0.0015094761038199,-0.0049546966329216,-0.0014049892779439,0,0.5204155445098877,-0.0255072973668575,1.2201106548309326,1,-0.7998900413513184,-0.0992516875267028,1.8668313026428225,1,-0.0030595071148127,0.0035240191500633,0.0390305630862712,0,0.5823647379875183,-0.0482986830174922,0.0126324007287621,0,-5.080761432647705,-6.5719428062438965,3.009405851364136,1
0.6410976052284241,-0.2253095507621765,12.327123641967772,0.8379446864128113,-0.2763598263263702,0.6997769474983215,1,-0.385834276676178,-0.192949578166008,2.036285161972046,1,-0.0149520384147763,0.0368595719337463,0.6337208151817322,1,0.8247466087341309,-0.2859889268875122,1.0855307579040527,1,-0.5651071667671204,0.1186249256134033,3.0134172439575195,1,-0.0442259758710861,0.3022584617137909,2.300708055496216,1,0.187183529138565,-0.0897525548934936,0.0909482464194297,0,-0.1752167493104934,0.1228483766317367,1.7046021223068235,1,-0.0234409589320421,0.0391500033438205,0.7621344327926636,1
1.6022820472717283,-0.2811266481876373,15.308032035827637,-0.0432274714112281,0.0071855466812849,0.0266432333737611,0,0.5010031461715698,2.4574766159057617,8.305164337158203,1,-0.0019026343943551,-0.0247534047812223,-0.0424481183290481,0,-0.0127039374783635,0.020496604964137,0.0034893688280135,0,1.7135173082351685,-2.896496295928955,4.434310436248779,1,0.0217102710157632,0.0151266809552907,0.0239053200930356,0,-0.0242372713983058,-0.1028280705213546,0.0886466652154922,0,-0.0215571895241737,-0.167989581823349,0.140964075922966,0,-0.5303202271461487,0.4106552302837372,2.3273556232452397,1
1.580904245376587,0.4400581419467926,11.145305633544922,-0.0106862671673297,0.0049401884898543,-0.0080276438966393,0,0.2883845269680023,0.1356599777936935,1.1349351406097412,1,-1.1958178281784058,-0.1884496659040451,1.1936814785003662,1,0.0105018354952335,0.0186958853155374,0.7679318189620972,1,1.4804251194000244,0.3737837374210357,2.787301778793335,1,-0.9585251212120056,0.0297949574887752,3.363805294036865,1,0.0054228892549872,-0.0013514693127945,0.0065566301345825,0,2.024211883544922,0.0533369407057762,1.3352382183074951,1,-0.0630128011107444,0.0136475954204797,0.5638833045959473,1
1.1246293783187866,-1.3114936351776123,21.753875732421875,-0.0048892288468778,0.0025724126026034,-0.0116828419268131,0,0.7593856453895569,-1.0826979875564575,14.95156478881836,1,-0.0088313855230808,0.0042028790339827,-0.0663086548447609,0,0.0037237056531012,-0.0012827488826587,0.0291209537535905,0,-1.179632544517517,-0.853326141834259,3.6773386001586914,1,0.0052918940782547,0.0046401428990066,-0.0144172115251421,0,1.5501384735107422,0.6049607992172241,3.1514339447021484,1,-0.0016036398010328,-0.0047148652374744,0.0111060934141278,0,0.001046520541422,0.0141518153250217,0.025719866156578,0
-0.8207298517227173,-0.3330177068710327,7.219570159912109,-0.0029644686728715,0.0111689083278179,0.0162583272904157,0,-1.5819629430770874,-1.0018147230148315,5.089823722839356,1,0.0032365976367145,-0.0024629503022879,0.0144530525431036,0,0.2203225046396255,0.3012654781341553,0.5596461892127991,1,-0.0204451456665992,0.019792241975665,-0.0164159052073955,0,-0.0061430037021636,0.0065217199735343,-0.0240028835833072,0,0.544011116027832,0.3348761796951294,1.5291595458984375,1,0.0196328572928905,-0.0111005222424864,0.037804789841175,0,0.0035825183149427,0.0087359454482793,0.0128439543768763,0
1.2786121368408203,2.834282159805298,20.459321975708008,0.0067573878914117,0.0141197433695197,-0.0368091538548469,0,0.1409472376108169,0.2219198495149612,-0.1187361851334571,0,0.0263884998857975,1.218961238861084,5.39357328414917,1,-0.0029863966628909,0.0101500144228339,-0.0227948278188705,0,0.857377290725708,0.4731168448925018,12.454534530639648,1,0.0232060831040143,0.0027090054936707,0.0057745007798075,0,0.2084449082612991,0.9033028483390808,2.921702146530152,1,0.0097223874181509,-0.0707736015319824,-0.1088642477989196,0,0.0087547516450285,0.0607763342559337,-0.029058976098895,0
0.6145549416542053,2.0933072566986084,11.562943458557127,0.1134445667266845,-0.0284934062510728,0.5014089941978455,1,-0.1984718143939972,0.8785196542739868,-0.6077553629875183,0,0.1651595681905746,0.063937209546566,-0.5838867425918579,0,0.0017207190394401,-0.0145711675286293,0.0165812317281961,0,0.1373829543590545,0.2136000543832779,8.615372657775879,1,0.0470406748354435,0.077891431748867,-0.0404798462986946,0,0.0002508479228708,0.0114923240616917,-0.0148723879829049,0,0.0950506180524826,-0.031992420554161,-0.0552683435380458,0,0.2529768347740173,0.9229236245155334,3.731843233108521,1
3.341947793960572,-2.050848484039306,17.513011932373047,1.5199967622756958,-0.7519503831863403,3.919915199279785,1,-0.0117419017478823,0.0899293050169944,-0.0383852049708366,0,0.0033444084692746,0.0069172838702797,-0.0124965328723192,0,0.3121188282966614,-0.2518579065799713,0.3215919435024261,0,0.5273380875587463,0.6947904229164124,5.328309059143066,1,0.0138223422691226,-0.0122248912230134,0.036057811230421,0,0.0023086722940206,-0.0425626449286937,-0.0141935190185904,0,0.990378737449646,-1.8343466520309448,7.991564273834228,1,-0.0156181557103991,0.0504570305347442,-0.0193502083420753,0
1.449602127075195,-1.1625373363494873,4.423399925231934,0.0323841385543346,-0.0200486071407794,-0.043812096118927,0,0.4984166622161865,-0.0471020378172397,0.4015933573246002,0,-0.0987099036574363,-0.0807511880993843,0.0156871899962425,0,0.0026238069403916,-0.0272074062377214,0.1689702272415161,0,1.0031863451004028,-0.3144718408584595,1.7001705169677734,1,-0.4803527891635895,-0.2165528982877731,1.3383241891860962,1,0.0064893793314695,-0.0059860623441636,0.0023579369299113,0,0.7318883538246155,-0.3036107718944549,0.5749170184135437,1,-0.2463238537311554,-0.1468066424131393,0.265191376209259,0
-0.0551343411207199,-0.0173988323658704,8.069772720336914,0.0066050989553332,-0.0009370403713546,-0.0191418807953596,0,-0.0477118194103241,0.0615692734718322,0.985116958618164,1,-2.018329905695282e-05,-0.009650376625359,-0.0233440697193145,0,0.0009040305158123,0.000851318181958,0.0143520254641771,0,-0.1130172237753868,0.0252310633659362,3.403723955154419,1,0.0037655546329915,0.0043701184913516,-0.0413055047392845,0,0.0031292643398046,-0.0053177145309746,-0.0124954851344227,0,0.0924724489450454,-0.0920199826359748,3.774508237838745,1,-0.0012615006417036,-0.0014954863581806,-0.0116416988894343,0
0.1067079156637191,2.459046602249145,14.304443359375,-0.0330715924501419,0.0081580383703112,0.0311723984777927,0,0.2181018441915512,0.162902370095253,2.059879302978516,1,-0.1457585543394088,-0.0289987940341234,0.3720285892486572,0,-0.0006694027106277,0.0096519831568002,0.0351522155106067,0,0.0857481658458709,2.290522336959839,11.253525733947754,1,0.0170200876891613,0.007944107055664,0.0260475371032953,0,0.0408172234892845,0.189128041267395,0.3423499763011932,0,-0.0732631385326385,-0.2112676054239273,0.2237673699855804,0,-0.0022167146671563,0.0310062486678361,-0.0394799783825874,0
-2.758185863494873,-6.570206642150879,12.070905685424805,0.0399847999215126,-0.0172588657587766,0.0259691774845123,0,1.2588454484939575,-1.3663936853408811,8.209714889526367,1,-0.0037433207035064,-0.0170430578291416,-0.0301359929144382,0,0.0098921954631805,-0.005889244377613,0.0025988616980612,0,0.2995968163013458,-0.6279995441436768,-0.7254303097724915,0,0.0121674379333853,0.0093768490478396,0.0252696070820093,0,-0.0314206071197986,-0.048512764275074,-0.006344289984554,0,0.0823075100779533,0.0172121133655309,-0.0949304550886154,0,-4.425816059112549,-4.513698577880859,4.664194583892822,1
-0.0351470224559307,0.2531132996082306,8.039318084716797,0.3722303211688995,-0.4373108446598053,2.8000807762146,1,0.4472950994968414,0.4496543407440185,-0.5463512539863586,0,0.0146005619317293,-0.0145929856225848,0.040154505521059,0,0.3209439218044281,-0.3626101016998291,1.1167336702346802,1,-0.0996107310056686,0.2860488593578338,1.6110925674438477,1,-0.0030571597162634,0.0047282096929848,-0.0022900293115526,0,-0.0006409031921066,0.0434029400348663,-0.0310867875814437,0,-1.0816768407821655,0.2621274292469024,3.053565502166748,1,-0.0052314521744847,0.0216654352843761,-0.0025802783202379,0
1.4125792980194092,-1.00992751121521,21.7220401763916,-0.0062205693684518,-0.0187621675431728,0.0464819222688674,0,0.7939529418945312,-0.011345425620675,7.012154579162598,1,0.001323863165453,-0.0116147026419639,-0.0198559165000915,0,-0.002834573155269,0.0016491548158228,-0.0018929613288491,0,0.5960111618041992,-0.3602878451347351,7.236501216888428,1,0.0202384777367115,0.0031938522588461,0.018853560090065,0,0.0036890865303575,0.0617996044456958,0.0383532792329788,0,0.0035368520766496,-0.7080175876617432,7.433284759521484,1,0.0028819907456636,0.033457688987255,-0.0418394394218921,0
-0.4933696687221527,3.0433199405670166,14.043194770812988,0.0078159412369132,-0.0023054105695337,-0.0192599296569824,0,-0.0419501401484012,1.6896066665649414,7.935922145843506,1,-0.0010026658419519,-0.0009441340225748,-0.0512108132243156,0,0.1606886237859726,0.3546712696552276,0.3021145164966583,0,-0.6699039340019226,-0.1320938020944595,2.8599894046783447,1,0.0008556827669963,-0.0077329259365797,0.0228932481259107,0,0.0531945824623107,1.1266541481018066,3.052738904953003,1,0.0016366698546335,0.0146541818976402,-0.0510045960545539,0,-0.0047044474631547,0.0008100165287032,-0.0089882705360651,0
0.9095281362533568,-0.1704796552658081,25.64475440979004,-0.0008618870633654,0.006845761090517,-0.0005965317832306,0,1.4804646968841553,0.6030386686325073,9.62097454071045,1,0.0054653990082442,0.0018530852394178,-0.0262594129890203,0,0.0017635528929531,-0.0034566223621368,-0.0071814646944403,0,-0.8521321415901184,-0.6414849758148193,13.487969398498535,1,-0.0295661557465791,0.0125469760969281,-0.0419273674488067,0,0.6863730549812317,0.2222187966108322,0.990256369113922,1,-0.3800392746925354,-0.3696496784687042,1.6278594732284546,1,-0.001939121983014,-0.0023916617501527,-0.0063393306918442,0
-0.8076412677764893,3.25190544128418,5.776379585266113,0.0051728961989283,0.0092831030488014,0.0001369427336612,0,-1.0575065612792969,2.318910837173462,1.7763240337371826,1,0.002197194378823,-0.0114096421748399,-0.0164860375225543,0,0.2053582966327667,-0.0195579510182142,0.424266517162323,0,-0.2404757738113403,0.2527555525302887,2.6004292964935303,1,0.0559953935444355,0.02175098285079,0.5928858518600464,1,0.2382538318634033,0.5532994866371155,0.3611258268356323,0,-0.0292940717190504,0.1404758840799331,0.0399724841117858,0,0.0126577103510499,-0.0136027932167053,-0.0022753400262445,0
1.8005566596984863,0.6400577425956726,17.80316734313965,0.0577367171645164,0.0628880187869072,-0.0450600646436214,0,2.755362272262573,1.3181461095809937,11.556979179382324,1,-0.0026705281343311,-0.0009077753638848,0.0181818027049303,0,0.0072736390866339,0.0027050657663494,0.0135980499908328,0,-0.1321479380130767,-0.7842121124267578,4.952359199523926,1,0.00947648845613,0.0099031534045934,0.0410470515489578,0,-0.0075123501010239,-0.0242118537425994,0.0480125434696674,0,-0.9011082053184508,0.0314078591763973,1.2149460315704346,1,0.0141468467190861,0.0243392437696456,0.0031036338768899,0
-1.947205662727356,-2.1332342624664307,7.522007942199707,-0.0365002527832984,-0.0079489890486001,0.0006976185832172,0,0.8645010590553284,-0.748634397983551,0.8713166117668152,1,-0.2249892503023147,0.2193725407123565,0.5582517385482788,1,0.006644613109529,0.0029301354661583,0.0292921494692564,0,0.323734700679779,0.1122755259275436,1.7094510793685913,1,-0.6799178719520569,0.0222769957035779,2.0581488609313965,1,0.0023370482958853,0.0792661234736442,0.0215661711990833,0,-0.0195568781346082,-0.1315989047288894,0.205703780055046,0,-2.1834588050842285,-1.681173324584961,2.067579984664917,1
0.6619985103607178,0.0050299344584345,17.000715255737305,-0.0124466950073838,0.0172125473618507,-0.0161150526255369,0,0.0665309205651283,-0.6418495774269104,10.210970878601074,1,-0.0088561670854687,-0.0142157450318336,-0.0308477766811847,0,1.3241643905639648,1.3626996278762815,3.6964383125305176,1,0.012910159304738,-0.0060519143007695,-0.0120735643431544,0,-0.0139868482947349,-0.0005756488535553,-0.0059361727908253,0,-0.706104576587677,-0.6944034099578857,3.084882974624634,1,0.0036878881510347,-0.0238146372139453,0.0586817152798175,0,-0.0039004667196422,0.0060286885127425,0.0147124156355857,0
-0.0261225700378417,2.1716067790985107,8.527327537536621,-0.0404518917202949,-0.0051269670948386,0.0134033327922225,0,-0.0443312413990497,0.1805631220340728,-0.1024498343467712,0,0.0040005897171795,0.0233418531715869,-0.0021663843654096,0,-0.0437196195125579,2.120105028152466,5.426092624664307,1,0.0605170540511608,0.0036924623418599,0.4880721569061279,0,0.0096005648374557,0.0042025884613394,0.0385776199400424,0,0.654900312423706,-1.3667385578155518,1.2303112745285034,1,-0.6618685722351074,1.2320455312728882,1.4335148334503174,1,0.0352302193641662,-0.0204780921339988,0.0019713442306965,0
-1.7790998220443726,-0.5774497389793396,18.11941146850586,-0.0049252016469836,0.0018272298621013,0.021188948303461,0,0.50331711769104,-0.1010998636484146,1.7095184326171875,1,-1.012176513671875,0.7101663947105408,2.7572689056396484,1,0.0585263930261135,0.010629522614181,0.7849423885345459,1,0.7790276408195496,0.0584728829562664,3.4390382766723637,1,-1.320010542869568,-0.1248566284775734,6.017312049865723,1,0.0249788425862789,0.0332940928637981,0.0044162003323435,0,0.9624171853065492,-0.5280836820602417,1.5746376514434814,1,-1.7702547311782837,-0.6377996802330017,1.81108820438385,1
0.8621540069580078,-4.427099704742432,3.064598321914673,0.07010979950428,-0.0014436248457059,-0.0194533076137304,0,-0.521476149559021,0.7122852802276611,1.0056439638137815,1,0.0052914153784513,-0.0062076761387288,-0.0036386845167726,0,-0.0080193802714347,0.0076453951187431,-0.0158291812986135,0,1.316064715385437,-5.1169633865356445,2.147874593734741,1,0.0124091058969497,0.0009696948691271,-0.0127025879919528,0,-0.0074227363802492,0.051237553358078,0.0062785865738987,0,-0.0025653715711086,-0.0749193355441093,0.0253580138087272,0,-0.0022372971288859,0.0002962496364489,-0.0689328163862228,0
0.2869832515716553,-0.2121869474649429,16.279924392700195,0.0117940548807382,0.0020215867552906,-0.0247099157422781,0,0.2124109268188476,0.4566359221935272,1.546613335609436,1,-0.0019311772193759,-0.0128240017220377,-0.0107272546738386,0,-0.0051212036050856,0.0019649027381092,-0.0809846371412277,0,-0.0050891498103737,-0.6867281198501587,11.159564971923828,1,-0.023435715585947,-0.0035536393988877,-0.0094226701185107,0,-0.0012347868178039,0.0009473991231061,-0.0024988551158457,0,0.0940360054373741,0.0338939651846885,3.71007776260376,1,0.0055543035268783,-0.0045449654571712,-0.0079877693206071,0
-0.9285706877708436,1.7590663433074951,14.867424964904783,-0.0021852641366422,-0.00402516964823,-0.0021520613227039,0,-0.001757814316079,-0.0228980705142021,0.0022408987861126,0,0.3632369041442871,2.0882368087768555,4.975587368011475,1,0.0025751776993274,0.0005919800023548,-0.008351351134479,0,0.1163244470953941,0.3567261695861816,-0.0092137334868311,0,-1.617579221725464,-1.5484941005706787,6.291041374206543,1,0.0143637023866176,-0.0054472712799906,-0.0196620468050241,0,0.2378984689712524,0.8970873355865479,3.611665964126587,1,-0.0414470881223678,-0.0027114090044051,0.0262690316885709,0
0.7959601283073425,-0.546495795249939,7.21558952331543,-0.0410864353179931,0.0082091465592384,0.130970686674118,0,0.1667405813932418,-0.2386868447065353,0.2686587572097778,0,0.010078240185976,-0.0181598383933305,-0.0627815052866935,0,-0.0008936194935813,-0.0065843919292092,0.0152437668293714,0,-0.0090137990191578,0.046032078564167,0.0554418340325355,0,0.0860057547688484,0.1253185868263244,3.8266584873199454,1,-0.0002265994553454,0.0789060592651367,-0.0152328042313456,0,0.0258577186614274,0.0467988923192024,0.0024591484107077,0,0.5584983229637146,-0.5883294939994812,2.994171619415283,1
0.2209197580814361,-0.246414840221405,6.196036338806152,0.0114516913890838,-0.0051415818743407,-0.0282377693802118,0,-0.01478888746351,0.038616981357336,1.939155340194702,1,-0.0028536694590002,-0.0129351699724793,-0.0421952418982982,0,0.0004464468802325,-0.0009569581015966,-0.0228682719171047,0,0.958098828792572,-0.0759323984384536,2.1902647018432617,1,-0.4028273522853851,-0.0630337819457054,0.641226053237915,1,0.0009647318511269,-0.006035968195647,-0.0176196042448282,0,0.0807004868984222,-0.0773347169160842,0.1965182721614837,0,-0.4102725684642792,-0.043661244213581,1.3397934436798096,1
2.7309515476226807,0.3248739838600158,9.703044891357422,-0.0164501313120126,0.0201437883079051,0.0496159084141254,0,0.5813941955566406,0.5220378041267395,1.007866144180298,1,-0.2541795670986175,-0.002238513668999,1.049889326095581,1,0.0031911116093397,-0.0031086895614862,-0.0103771295398473,0,2.4361724853515625,0.061743788421154,3.8911733627319336,1,-0.3062279522418976,-0.0390870682895183,1.81911039352417,1,-0.0021556378342211,0.001688057789579,0.0115062491968274,0,0.4479406177997589,-0.1473872512578964,1.4764314889907837,1,-0.1587336957454681,-0.088917963206768,0.4078293442726135,0
0.9628990292549132,-0.8113396167755127,23.25628089904785,0.0003156730963382,0.000427277496783,-0.0259559024125337,0,0.5495806932449341,0.0681223645806312,11.182729721069336,1,-0.0114183723926544,-0.0153102362528443,0.0381613858044147,0,0.003925799857825,-0.0004811174294445,-0.0242652241140604,0,-0.3195133209228515,-0.214323952794075,7.326188564300537,1,-0.0057237581349909,-0.0078963031992316,-0.0009863878367468,0,1.1634753942489624,0.1302315890789032,2.337358236312866,1,-0.4221802353858948,-0.7779479622840881,2.3954014778137207,1,0.0044371108524501,0.0058387489989399,0.0276482533663511,0
-3.2583024501800537,-5.663263320922852,7.099098205566406,0.0416231602430343,0.0015666250837966,-0.0376665666699409,0,0.5670377016067505,-0.7551311254501343,0.7741510272026062,1,-0.9026691913604736,0.1292314380407333,0.9397145509719848,1,-0.0091202640905976,0.035520140081644,0.0914012566208839,0,0.5414817333221436,-0.3651836216449737,1.4448165893554688,1,-0.9992403388023376,-0.6923220157623291,1.6078028678894043,1,-0.0111825494095683,-0.082528181374073,-0.019994493573904,0,0.3014864027500152,-0.2832111120223999,0.2740526497364044,0,-2.787719249725342,-3.651205778121948,2.02482008934021,1
2.203437089920044,3.5464582443237305,27.115697860717773,0.3804290890693664,-0.0731184855103492,5.570666313171387,1,-0.0208467729389667,0.1589162349700927,-0.0453338809311389,0,0.0069242431782186,-0.0259454045444726,-0.0906357616186142,0,0.0702609270811081,-0.1321869641542434,0.0679838731884956,0,1.2008397579193115,4.137516975402832,15.103367805480955,1,0.0184812787920236,0.0161283127963542,-0.0030095065012574,0,-0.0011025450658053,0.2014020085334777,-0.0103080319240689,0,1.0220744609832764,-2.3432092666625977,4.025290489196777,1,-0.4736231863498688,1.6069546937942505,2.4976749420166016,1
0.5096380114555359,-0.4882595241069793,12.936697006225586,-0.5744212865829468,0.932990550994873,4.871400356292725,1,-0.1264659613370895,0.1212932989001274,-0.050601527094841,0,-0.0099057471379637,-0.0258624050766229,0.002501115668565,0,1.191426157951355,-1.4747143983840942,4.074219703674316,1,0.0246725548058748,0.0167509317398071,0.092162549495697,0,-0.0059749116189777,-0.0099384132772684,-0.0385631434619426,0,0.0049594589509069,0.0181500446051359,-0.0310728084295988,0,0.0734924003481864,-0.0804582610726356,4.029487609863281,1,-0.0681445971131324,0.0135292187333107,-0.0128375412896275,0
0.4316696524620056,-0.4456420540809631,15.442337989807127,-0.0021410197950899,0.0047345124185085,0.0197169426828622,0,-0.1660823374986648,-0.3649508655071258,10.15389633178711,1,-0.0062867226079106,0.0074509964324533,0.0109081249684095,0,0.0019911595154553,-0.0012795277871191,0.0023107081651687,0,1.4446817636489868,-0.7085347175598145,3.139697790145874,1,0.018437111750245,0.0083160735666751,-0.0296363681554794,0,0.001624742639251,-0.0026796197053045,-0.0086948778480291,0,-0.0032405706588178,-0.0047218962572515,0.0070302281528711,0,-0.85731440782547,0.6160230040550232,2.1471080780029297,1
0.0123186875134706,1.5389615297317505,15.435904502868652,1.0684804916381836,-0.3839594721794128,0.906357765197754,1,-0.6554241180419922,1.6185567378997805,3.948748588562012,1,0.0240451581776142,0.020844904705882,0.0628288686275482,0,0.8881863355636597,-0.5676035284996033,1.5071282386779783,1,0.4871894717216491,0.5113072991371155,5.2150492668151855,1,0.0151136415079236,-0.0136058740317821,0.0282606352120637,0,-0.0214549954980611,-0.2721277177333832,0.093937911093235,0,-1.8168350458145144,0.5586461424827576,3.66163969039917,1,0.0230178404599428,0.0669030472636222,0.0119540598243474,0
0.9908816814422609,-0.66595059633255,10.27397346496582,0.0392898879945278,0.0156577266752719,0.0684043318033218,0,-0.4141824543476105,-0.4144880771636963,0.2493749558925628,0,0.0005653008120134,-0.0228681378066539,0.0065552531741559,0,1.2359927892684937,-0.0261072665452957,8.891127586364746,1,-0.0074297408573329,0.0200369786471128,-0.0328205935657024,0,0.0125666307285428,0.0035305025521665,0.0146309193223714,0,0.1559316515922546,-0.1919595599174499,1.050283432006836,1,-0.0028996511828154,-0.0103168664500117,0.03377640619874,0,-0.0289527270942926,-0.0394359342753887,-0.0073590180836617,0
1.920823574066162,-0.0134979300200939,12.628066062927246,0.0180990733206272,-0.0057051610201597,-0.0134016219526529,0,1.1350324153900146,-0.305822879076004,8.285404205322266,1,0.0005797063931822,0.0103088794276118,0.0269235167652368,0,0.2205491811037063,-0.0201674234122037,0.1435286998748779,0,-0.1440750956535339,0.0079184072092175,2.10432243347168,1,0.0078789088875055,0.0128328511491417,-0.0483514815568923,0,0.678364098072052,0.2851012647151947,2.1478617191314697,1,0.0035361847840249,-0.0006579236942343,-0.0064991158433258,0,0.0008590063080191,0.0026940067764371,-0.0117218615487217,0
-1.238282322883606,-3.32698655128479,18.86667251586914,0.0278203506022691,-1.245732307434082,7.795312404632568,1,-0.0133198769763112,0.0061432756483554,0.0007702739094384,0,-0.0009562643826939,-0.0105735994875431,0.0317264795303344,0,0.9983623027801514,-1.5242998600006104,3.503615379333496,1,-0.3578470349311828,0.0259902272373437,1.587429165840149,1,0.0044909054413437,-0.0015057718846946,0.0076655829325318,0,0.0094246212393045,0.0069347843527793,0.0219041444361209,0,-1.9136898517608645,-0.6355445981025696,5.965453624725342,1,0.0074326172471046,0.0516011528670787,-0.0472045242786407,0
0.1890363693237304,0.0259946640580892,9.76554012298584,0.0009956593858078,0.0076262564398348,0.0122023141011595,0,-0.2324083894491195,0.0436448715627193,3.672523021697998,1,-0.0024021579883992,-0.0094826454296708,-0.032600287348032,0,0.0016587420832365,-0.0031473794952034,-0.0111750038340687,0,0.1379708796739578,0.0307815857231616,4.227476119995117,1,-0.0041782800108194,-0.0071079577319324,0.0021977219730615,0,-0.0027971344534307,-0.0006553259445354,-0.0076119629666209,0,0.2959403693675995,-0.0325000397861003,1.9197989702224727,1,-0.0057433182373642,-0.0031647034920752,-0.0172713212668895,0
0.1195172891020774,-1.418597936630249,19.3663272857666,-0.007198266685009,0.0045590479858219,0.0149179100990295,0,0.9916638731956482,3.0070858001708984,1.8530166149139404,1,-0.8628637194633484,-2.631701231002808,4.300355911254883,1,0.0034556731116026,0.0014011448947712,-0.005612816195935,0,0.079645074903965,-1.8793671131134035,10.594122886657717,1,-0.0034909059759229,-0.0045982068404555,-0.0404783301055431,0,0.2717002630233764,0.3324477076530456,0.4430164694786072,0,-0.3518204092979431,-0.2543404996395111,2.204985857009888,1,-0.0015742575051262,0.0059155654162168,0.0020035754423588,0
1.2065163850784302,-1.052024483680725,13.057936668395996,0.0072229574434459,-0.0022969010751694,0.0163161102682352,0,-0.467697411775589,-0.7981089353561401,6.614755153656006,1,-0.0030737840570509,0.008765060454607,0.0524595715105533,0,0.9244844913482666,0.0068170726299285,0.8921188116073608,1,-0.5086916089057922,-0.0930755510926246,1.538673758506775,1,-0.0085779214277863,0.0023893970064818,-0.0191145483404397,0,1.272862195968628,-0.1640029102563858,3.9497976303100586,1,-0.0118346773087978,-0.008208998478949,0.037353154271841,0,0.0018220606725662,-0.0043025934137403,-0.0244235452264547,0
0.6109098196029663,-0.6516047716140747,12.85319709777832,-0.0434487648308277,-0.0311158150434494,-0.0599179491400718,0,0.0669865012168884,1.2499427795410156,7.9965362548828125,1,-0.0009028591448441,-0.0106626013293862,-0.0192791242152452,0,-0.0018438651459291,0.0050330278463661,0.0270738825201988,0,0.9413837790489196,-1.8377858400344849,2.014094829559326,1,0.023817891255021,0.0024801704566925,0.0439658276736736,0,0.0041998159140348,-0.0476024895906448,-0.0020117482636123,0,0.0678700283169746,-0.0722870230674743,0.0119783701375126,0,-0.4471527636051178,0.0903929769992828,2.8407559394836426,1
0.7118474245071411,-0.5000688433647156,22.633087158203125,0.0035828447435051,0.0006635268800891,0.0289140865206718,0,-0.0018850731430575,0.0054884552955627,-0.0277131050825119,0,0.2223675400018692,0.1888161748647689,10.759570121765137,1,0.0086564254015684,-0.0022974151652306,0.0510141141712665,0,0.3256731331348419,0.3552044034004211,0.2873927652835846,0,-0.1387239396572113,-0.1613818258047104,0.4175997972488403,0,0.0117748044431209,-0.00095828686608,-0.0040034921839833,0,0.2819699645042419,-0.8900390863418579,11.13443660736084,1,-0.0015682999510318,0.0044352328404784,-0.0141228605061769,0
0.6903648972511292,-1.707829475402832,9.473516464233398,1.0622540712356567,-0.7245023250579834,2.494131326675415,1,-1.3792927265167236,-1.1278709173202517,3.936889171600342,1,0.0056186062283813,-0.0105712572112679,-0.0270525980740785,0,1.1649099588394165,-0.0226430520415306,2.540040969848633,1,-0.2550784349441528,0.1420391201972961,0.3633102476596832,0,0.0077583030797541,0.0016598810907453,-0.0103415688499808,0,0.0930112302303314,0.0382687114179134,0.1419001221656799,0,-0.0087441718205809,-0.0053471294231712,0.0359094552695751,0,-7.18939263606444e-05,0.0011374956229701,-0.0012715407647192,0
1.6970086097717283,-0.3514398634433746,6.932466506958008,-0.0068691172637045,-0.0065121250227093,-0.0017272531986236,0,0.4047479927539825,0.0630711466073989,0.5326917171478271,1,-0.8969212174415588,-0.2715844511985779,1.0221607685089111,1,0.0055030188523232,-0.0273728035390377,0.3526706993579864,0,1.2309917211532593,0.0962152406573295,2.16813325881958,1,-0.5753028392791748,-0.0366434082388877,1.8494046926498413,1,0.0014628004282712,-0.0088098905980587,-0.0182107929140329,0,1.5547692775726318,-0.1250447630882263,1.0168488025665283,1,-0.021373039111495,-0.0347587950527668,0.0104941232129931,0
-1.0051932334899902,0.6412030458450317,5.622524738311768,0.0135529581457376,-0.0083922930061817,0.0394803844392299,0,0.1382292211055755,0.0639738589525222,0.2573379278182983,0,-0.4610931277275085,0.4710769951343536,0.9202144742012024,1,0.0006059715524315,0.0007927568512968,0.0180983282625675,0,0.2389687448740005,-0.271446943283081,0.3714905977249145,0,-0.2465982586145401,0.1307266503572464,1.59723961353302,1,0.0075086187571287,0.0340625531971454,0.0760742723941803,0,-0.0475515723228454,-0.0441016592085361,0.06710846722126,0,-0.6488158106803894,0.2645111978054046,2.2754807472229004,1
1.41828715801239,-2.4851763248443604,11.488842964172363,0.0759116783738136,-0.1024543195962905,0.6681351661682129,1,0.010067630559206,-0.0848131999373436,-0.0907259732484817,0,1.2765066623687744,1.526026487350464,2.5067138671875,1,-0.0036527023185044,-0.0071692233905196,0.002868021139875,0,0.2657234668731689,0.119767315685749,0.8819473385810852,1,-0.6504935622215271,-2.7829267978668213,0.1893189847469329,0,0.0073548187501728,0.1633403897285461,0.019923148676753,0,0.4241347312927246,-1.306645750999451,7.3856201171875,1,0.0127343647181987,-0.0103013161569833,-0.0749580189585685,0
1.8069990873336792,-0.9581968784332277,15.942350387573242,0.1381760686635971,0.3838751316070556,-0.6055064797401428,0,1.1428213119506836,-0.5092782378196716,8.636775016784668,1,-0.0001603011914994,-0.0282439365983009,0.0838338062167167,0,0.0069462726823985,-0.002052838448435,-0.0110457371920347,0,0.1001011133193969,-0.8099649548530579,5.42682695388794,1,0.0216287430375814,0.0100755980238318,0.0072396658360958,0,-0.0020387852564454,0.1206663995981216,-0.0441472083330154,0,0.3733738958835602,-0.1646159589290619,2.5009491443634038,1,0.0261507891118526,0.0413420312106609,-0.0525744445621967,0
0.1114208847284317,-0.6687237024307251,9.670581817626951,0.0059737488627433,-0.0056865634396672,-0.0007730079232715,0,0.1823001056909561,-0.2637834846973419,3.239225387573242,1,0.0013666716404259,0.0058031002990901,-0.0002991469227708,0,-0.0066749271936714,0.0044008996337652,-0.0221718531101942,0,0.1786012053489685,-0.1743879169225692,0.6190726161003113,1,-0.3417404294013977,0.228916049003601,1.6504476070404053,1,0.0043588234111666,-0.0058859311975538,0.0035676371771842,0,0.0041987178847193,-0.0019201610703021,0.0021329924929887,0,0.0830369889736175,-0.4561797380447387,4.179379940032959,1
-2.3213210105896,4.1061553955078125,16.322643280029297,-0.0323326326906681,0.0016402569599449,0.0096987141296267,0,0.2613390386104584,0.0616083331406116,0.7471990585327148,1,-2.5183842182159424,3.8355226516723633,6.653326988220215,1,-6.934413249837235e-05,0.008838478475809,-0.0081620477139949,0,0.7678266763687134,0.4584740102291107,3.9216232299804688,1,-0.4233021736145019,0.1817737072706222,1.9218862056732176,1,-0.0059803947806358,0.0369144417345523,-0.0251048095524311,0,0.0478262901306152,-0.4397885799407959,2.292898654937744,1,-0.4182444512844085,-0.0388277545571327,0.8092774152755737,1
1.2146081924438477,0.3802748024463653,5.663791656494141,0.0034220323432236,0.0008095449884422,-0.0154487220570445,0,0.6193746328353882,0.1185045912861824,0.4271863400936126,0,-0.1503975391387939,0.1208655163645744,0.6094557046890259,1,0.0019866176880896,-0.0003408537304494,0.0053903455846011,0,0.9023084044456482,-0.012476734817028,1.1080883741378784,1,-0.1617200076580047,0.0296450816094875,1.2437506914138794,1,0.0022779807914048,-0.0072130179032683,-0.0187679436057806,0,0.1359534561634063,-0.0499675087630748,0.1227735355496406,0,-0.1385973393917083,0.1804481744766235,2.181363105773926,1
2.360356092453003,-0.5233113169670105,12.351581573486328,-0.0041863825172185,0.007630209904164,0.002159021096304,0,0.5474554896354675,0.0843352973461151,1.4671348333358765,1,-0.895774245262146,-0.2722645699977875,2.1778345108032227,1,-0.0018421313725411,0.0006429873174056,-0.0531864427030086,0,2.2361960411071777,0.5101155638694763,2.6778430938720703,1,-0.4024362564086914,-0.1785421967506408,1.8072589635849,1,0.0020860736258327,-0.0031007919460535,-0.0136589435860514,0,1.105704665184021,-0.6393692493438721,3.644528150558472,1,-0.2268471419811248,-0.0327585078775882,0.641667902469635,1
0.134412482380867,0.7985015511512756,5.258193492889404,-0.0112315835431218,0.1733251363039016,1.3881614208221436,1,-0.0109390188008546,0.0114427972584962,-0.0408787317574024,0,-0.0040232264436781,0.007901051081717,0.0213025491684675,0,0.0035705957561731,-0.0008715887670405,-4.676816752180457e-05,0,-0.2540148496627807,0.9982304573059082,2.3211889266967773,1,0.0224762186408042,0.0130286831408739,-0.032179158180952,0,-0.0003642766969278,-0.006007092539221,-0.0152005404233932,0,0.4488056004047394,-0.5002253651618958,1.500940442085266,1,-0.059866975992918,0.1016774401068687,0.1149051561951637,0
1.3719547986984253,-1.9161884784698489,17.425121307373047,1.655591368675232,1.8985167741775515,2.605390787124634,1,-0.1384311020374298,-1.5961471796035769,4.063982963562012,1,0.0029066337738186,0.0184325277805328,0.0539200194180011,0,-0.1144510731101036,-2.214073896408081,10.588818550109863,1,-0.0229980703443288,0.003122923662886,0.0096594374626874,0,0.022525729611516,-0.0048478026874363,-0.0047254487872123,0,-0.008979519829154,-0.0004888853291049,0.0105888368561863,0,-0.0237736143171787,-0.0252273548394441,0.098899096250534,0,-0.0004355891724117,0.0045243808999657,-0.0014129331102594,0
-3.629716396331787,0.8890533447265625,15.314056396484377,-0.001610426348634,-0.008185607381165,0.0341606028378009,0,0.63644939661026,-1.210957169532776,2.4378976821899414,1,-2.865157127380371,2.5764780044555664,4.412209510803223,1,0.0057285288348793,0.0048077036626636,0.0096979541704058,0,0.6295745372772217,-0.2955824434757232,1.376488208770752,1,-0.5269116759300232,-0.0074853729456663,1.5203733444213867,1,-0.0006312908953987,-0.0469421781599521,0.0032558436505496,0,0.4623304307460785,-0.4235147535800934,1.5332822799682615,1,-1.9694887399673464,0.3004351556301117,3.9866905212402335,1
2.0591604709625244,2.220925092697144,18.07071113586425,0.073689304292202,-0.1068698614835739,0.6657620072364807,1,1.6101837158203125,3.1617233753204346,6.040578365325928,1,-0.1532462239265442,0.7065990567207336,3.3662667274475098,1,0.1627929508686065,0.1727842986583709,0.8726228475570679,1,0.1735453158617019,-1.1307889223098757,1.6898345947265625,1,0.0079030701890587,-0.0048836003988981,0.0120944958180189,0,0.1839231550693512,-0.7781164646148682,5.559958934783936,1,-0.0090128667652606,0.1982745677232742,-0.114595428109169,0,0.0093819294124841,0.0022026794031262,-0.021811431273818,0
0.5943890810012817,0.4469425678253174,15.83877182006836,0.6172713041305542,0.5378816723823547,3.6500556468963614,1,-0.0006284174742177,-0.0166126973927021,0.0223645884543657,0,-0.0034016228746622,-0.0042293649166822,-0.0117954611778259,0,0.3226644396781921,-0.146240085363388,6.903819561004639,1,0.0054085538722574,0.0068170153535902,-0.0516282618045806,0,-0.0001490194699726,0.0074806460179388,-0.0070600812323391,0,-0.329577773809433,0.0819635912775993,5.309549808502197,1,-0.0129083842039108,-0.016003331169486,0.0513266250491142,0,-0.0042898985557258,-0.0041148643940687,-0.0278605036437511,0
1.2784816026687622,-1.2904176712036133,17.203462600708008,0.8489570617675781,-0.1113779842853546,0.5855604410171509,1,-1.4174994230270386,-0.7737301588058472,6.135996341705322,1,-0.0014404912944883,-0.0161492303013801,-0.0358677841722965,0,1.6065642833709717,-0.0507406741380691,0.4533382952213287,0,-0.2757726609706878,-0.2416013479232788,3.13120436668396,1,0.0137322852388024,0.005601065699011,-0.0478842966258525,0,1.2425090074539185,-0.1070381999015808,0.8845702409744263,1,-0.7362847924232483,-0.0037800003774464,6.068984508514404,1,-0.0022839410230517,0.0083989324048161,0.0275618247687816,0
0.072086788713932,-0.2370418012142181,7.421577453613281,-0.0144701516255736,0.0040591689758002,-0.0074327960610389,0,0.4908038675785064,0.1299588978290558,4.4441328048706055,1,-0.0080018816515803,0.0057063209824264,-0.0196969918906688,0,0.0029399849008768,0.0016982768429443,0.0058518457226455,0,-0.4209726452827453,-0.4211092591285705,3.100588321685791,1,-0.0122760655358433,0.0094039095565676,-0.0205007549375295,0,0.0018413811922073,0.0026209454517811,0.0068417484872043,0,0.035028263926506,0.0173576697707176,-0.0984618589282035,0,-0.002805953612551,0.013262272812426,0.0102555574849247,0
2.0958378314971924,1.403571844100952,6.892992496490479,0.2479368150234222,0.0244007781147956,0.930042326450348,1,-0.0394869558513164,0.0155490925535559,-0.0223626811057329,0,0.00535982940346,-0.0079037146642804,-0.0139332171529531,0,1.0720120668411257,0.4809843003749847,1.5232828855514526,1,-0.3423003852367401,0.0975138545036315,0.336632490158081,0,0.0015758798690512,0.0093473643064498,0.0097038587555289,0,1.6454635858535769,0.4586065709590912,2.5781402587890625,1,-0.4905710816383362,0.3267499208450317,1.5755935907363892,1,-0.0041521228849887,-0.0016763736493885,-0.0241069924086332,0
0.7367757558822632,0.0211241841316223,5.20806360244751,0.0054293125867843,-0.0054381717927753,-0.0197237879037857,0,0.4154346287250519,0.1647354662418365,0.5786312818527222,1,-0.6393739581108093,-0.0845714434981346,1.2483731508255005,1,-0.0012203151127323,0.0023430332075804,-0.0084535693749785,0,0.8645608425140381,0.0994903892278671,1.3719295263290403,1,-0.6289650201797485,-0.1405817121267318,1.3596526384353638,1,0.0040281945839524,-0.0019553652964532,-0.0090115908533334,0,0.729458749294281,-0.0204141940921545,0.6900138258934021,1,-0.0125766154378652,0.0075161848217248,-0.0033480389975011,0
0.5077838897705078,1.658970832824707,13.446609497070312,0.560076892375946,0.2591323852539062,1.8533872365951536,1,-0.4268998205661773,0.2504844069480896,2.19382905960083,1,-0.0349819809198379,0.0045776860788464,-0.0385747067630291,0,0.1074604019522667,0.0248989909887313,2.8320300579071045,1,-0.062482189387083,-0.0168341882526874,0.5620128512382507,1,0.0038383489008992,0.0029091101605445,0.0011864943662658,0,0.3225117027759552,1.1200846433639526,6.032631874084473,1,0.0143040940165519,-0.007635960355401,0.0288179814815521,0,0.0239564627408981,0.021353730931878,-0.018710721284151,0
-0.6108341217041016,-1.9272804260253904,7.656622409820557,-0.4810452461242676,-0.3238579034805298,2.8231608867645264,1,-0.0396518856287002,0.1309774667024612,-0.0071836686693131,0,0.0031959016341716,-0.0001132221368607,-0.0370264016091823,0,-0.0136697692796587,-1.5645992755889893,4.580660343170166,1,-0.0265554152429103,0.0314401239156723,0.0294526647776365,0,0.0013384487247094,-0.0128750465810298,-0.0160676427185535,0,-0.0070331902243196,-0.1443966776132583,-0.0724991112947464,0,-0.0750348269939422,0.0223874598741531,0.3105555474758148,0,0.0276218466460704,-0.0662434548139572,0.045569397509098,0
0.2892250418663025,-0.1664579957723617,6.7982177734375,0.0111364284530282,3.0963856261223555e-05,-0.0193116310983896,0,0.3987271189689636,-0.1626953035593032,2.8284144401550293,1,0.0009462088346481,0.0033137442078441,-0.0509585589170455,0,-0.0026955418288707,-0.0037069879472255,-0.0526024624705314,0,-0.1186266764998436,0.0156085574999451,3.1620430946350098,1,0.0093164509162306,0.0002832679019775,-0.0054828454740345,0,0.0698869079351425,0.0183328669518232,0.0546254552900791,0,-0.0790094509720802,-0.0479279570281505,0.8539761304855347,1,-0.000456414418295,0.0103028435260057,0.0275138057768344,0
1.3624398708343506,-0.3512932956218719,16.887203216552734,0.2896049916744232,-0.2707442045211792,1.9979966878890991,1,-0.0331667847931385,0.0890826284885406,-0.0062899980694055,0,0.0086553459987044,-0.0154835544526577,-0.0791939720511436,0,0.1136077642440795,-0.0966388434171676,0.2255007475614547,0,0.3704856932163238,0.7578653693199158,7.716638565063477,1,0.0148701863363385,0.0035556750372052,0.0245254207402467,0,-0.0028373268432915,-0.0221021324396133,-0.0491849035024642,0,0.5881807208061218,-0.8396273851394653,7.04901647567749,1,0.0130394054576754,0.0427991561591625,0.008194494061172,0
1.4103364944458008,-0.4427931308746338,13.980169296264648,2.0857622623443604,-1.269961714744568,3.328654766082764,1,-0.025380291044712,0.0215923674404621,0.0342308580875396,0,0.0045104110613465,0.0067875878885388,-0.0058662262745201,0,0.4823201894760132,-0.5879541635513306,1.045877456665039,1,0.374944120645523,0.8851250410079956,5.2788286209106445,1,0.0058367648161947,0.0019894039724022,-0.0021990907844156,0,-0.0085853785276412,0.1224209666252136,-0.0158202741295099,0,-1.5302183628082275,0.3295657634735107,4.333752632141113,1,0.0211467817425727,0.0476416461169719,-0.017289126291871,0
0.7730419635772705,-0.0527108609676361,10.257184028625488,-0.0117188394069671,0.0101415421813726,0.0388309843838214,0,0.0125371450558304,0.1539355814456939,0.5962021946907043,1,0.0002417918876744,0.0153261944651603,0.0406469739973545,0,0.0084171807393431,-0.0036271926946938,0.0353136025369167,0,0.9565799236297609,-0.4210289716720581,8.461051940917969,1,-0.0041748937219381,0.0109648732468485,-0.0188524257391691,0,-3.860887773043942e-06,0.0017669465159997,0.0015066110063344,0,0.144089326262474,-0.221232384443283,0.4995776712894439,0,-0.332925796508789,0.4010425508022308,0.6029060482978821,1
1.913076877593994,0.0952305644750595,7.897555351257324,0.0142947770655155,-0.0028492712881416,-0.023226598277688,0,0.2071463018655777,0.0429801829159259,0.6780037879943848,1,-0.7242676019668579,-0.1791420429944992,0.9615888595581056,1,0.0061941798776388,-0.010228824801743,0.3904516994953155,0,1.0935587882995603,0.158743754029274,2.573607444763184,1,-0.4574885070323944,0.086036741733551,1.8439488410949707,1,0.0093508278951048,-0.0022483062930405,-0.0213437024503946,0,1.7813259363174438,-0.0034955600276589,1.3848713636398315,1,-0.0170378983020782,0.0054338914342224,0.1096533834934234,0
1.612810134887695,1.858054161071777,15.427518844604492,0.0101782390847802,-0.0008410962182097,-0.0333147905766963,0,0.2973170578479767,0.2369018346071243,0.0707508474588394,0,-0.5150859355926514,0.5971860885620117,1.8552443981170652,1,-0.0031703754793852,0.0065274429507553,-0.0142397861927747,0,1.949413061141968,1.0060676336288452,2.0286879539489746,1,-0.3849270641803741,0.0855827555060386,3.65213680267334,1,0.0005802911473438,-0.0024774146731942,-0.0161264110356569,0,1.7113580703735352,-0.1309421062469482,1.910505294799805,1,-1.4528532028198242,0.0600490495562553,5.973874568939209,1
-1.2049403190612793,4.047570705413818,9.218950271606444,0.0386267900466918,-0.0310671869665384,0.0917860344052314,0,0.0763514190912246,0.0003880738804582,-0.0255099274218082,0,-4.181135177612305,3.5012047290802,4.55187463760376,1,-0.0016277582617476,0.0123263048008084,-0.011239556595683,0,0.9974695444107056,0.8320158123970032,2.105773448944092,1,-0.0474869348108768,-0.3059272170066833,1.4151071310043335,1,0.0082236649468541,-0.1323249489068985,-0.0725953206419944,0,1.869205474853516,0.2326745092868805,0.8466108441352844,1,0.0354328602552413,-0.0617189221084117,0.3171431124210357,0
-4.589621543884277,0.8805193901062012,17.64246368408203,-0.0118932770565152,-0.0082234907895326,0.0291424486786127,0,0.9014123678207396,-0.7480084300041199,2.4260642528533936,1,-3.209392547607422,2.9049806594848637,4.356529235839844,1,0.0033328183926641,-0.0007735674153082,0.0075853490270674,0,0.8002346754074097,-0.1488444209098816,2.1788105964660645,1,-0.5215098857879639,0.1059106737375259,1.864481806755066,1,-0.0009650525753386,-0.0320647023618221,-0.0005661161267198,0,0.4269156455993652,-0.3832882940769195,1.511197566986084,1,-2.97775673866272,-0.8091691732406616,5.269217491149902,1
1.8002166748046875,-3.632502794265747,19.31740951538086,0.0035833679139614,0.0013074277667328,-0.0260606724768877,0,0.0113348457962274,0.0029477626085281,-0.0240273494273424,0,0.5134098529815674,-1.58059823513031,8.583439826965332,1,-0.0045704571530222,0.0040032477118074,-0.0127592049539089,0,0.48820960521698,0.2383481562137603,0.3811103999614715,0,-0.6515129208564758,-1.565824031829834,3.226177453994751,1,-0.0030059623531997,-0.0038484947290271,-0.0238247606903314,0,1.4423503875732422,-0.7340843677520752,7.218728065490723,1,0.0004179457610007,0.0052457540296018,-0.005374792497605,0
0.3691073358058929,0.966053545475006,21.945846557617188,0.00834556017071,0.0049394345842301,-0.0123959342017769,0,1.3604321479797363,0.6579479575157166,6.150442600250244,1,0.0017592294607311,-0.0078124096617102,-0.0510825179517269,0,-0.0033987113274633,-0.0016953408485278,-0.0487597770988941,0,-0.532699465751648,-0.1915881484746933,10.862730979919434,1,0.013538459315896,0.0013348542852327,-0.021620973944664,0,-0.0030020712874829,0.0004122456302866,0.0066067199222743,0,-0.4804604947566986,0.4954974055290222,5.068866729736328,1,0.0045925960876047,0.007017561700195,-0.0089420024305582,0
-0.1872393190860748,2.3699371814727783,19.76222419738769,1.0438157320022583,-0.1513725966215133,0.8115350604057312,1,-0.2331896126270294,1.2019389867782593,2.6314194202423096,1,0.0404202416539192,-0.018548272550106,0.503536581993103,1,0.426102876663208,-0.0829630345106124,1.0554440021514893,1,-0.1075093448162078,0.8118242025375366,8.813189506530762,1,0.2103610932826995,0.1347723454236984,3.0486676692962646,1,0.000518788176123,-0.0474716164171695,-0.0005657462752424,0,-1.6812752485275269,0.4813157916069031,2.449211359024048,1,0.1135161742568016,0.0404416136443614,0.4497875571250915,0
1.551457166671753,0.1233007758855819,4.17109489440918,-0.0011259809834882,0.0067720166407525,0.0170818548649549,0,0.5762438774108887,0.175198346376419,0.9638394713401794,1,-0.0014703547349199,-0.0060628983192145,-0.0289743263274431,0,-0.0007774881087243,0.002228187629953,-0.0207168515771627,0,0.9289550185203552,-0.0405238941311836,1.693776249885559,1,-0.3245506882667541,0.0081418948248028,0.6410239338874817,1,-0.0018985623028129,0.0025857125874608,0.0043055298738181,0,0.6039557456970215,-0.0457295849919319,0.5887095928192139,1,-0.2278745621442794,0.0206910166889429,0.312049388885498,0
-1.3640738725662231,-2.9935593605041504,9.50230312347412,0.0221133753657341,0.0033317054621875,-0.0016818901058286,0,1.6587258577346802,-1.3360576629638672,4.690079689025879,1,0.0016410169191658,-0.0014794564340263,-0.0222142022103071,0,0.0004616589285433,0.0006730387103743,-0.0002675381547305,0,0.5384429693222046,-0.9571974873542786,-0.0736582204699516,0,-0.4289723336696625,0.2467492967844009,1.5696723461151123,1,0.0125298602506518,0.0971459001302719,0.1159927770495414,0,0.0273685343563556,-0.0539969243109226,-0.0740865916013717,0,-3.196384906768799,-0.9927276372909546,3.298466920852661,1
0.8651180267333984,-0.556415855884552,8.528341293334961,0.0137651348486542,-0.0064859739504754,-0.0439245551824569,0,0.0017234124243259,0.0206693485379219,-0.0354148149490356,0,-0.8684996962547302,-0.4718581736087799,2.8602490425109863,1,0.002683269791305,0.0033426156733185,0.0274290572851896,0,0.8673968315124512,0.1204193085432052,1.5523452758789062,1,-0.5958863496780396,-0.2385947853326797,1.3482176065444946,1,-0.0011943565914407,-0.0024971500970423,-0.0196673851460218,0,1.4348167181015017,0.0184763446450233,2.844467163085937,1,0.0103130619972944,0.0001125415001297,-0.0053610270842909,0
-0.0788093283772468,-0.6238164901733398,7.649979591369629,-0.3280560374259949,-0.2139882594347,2.171225547790528,1,-0.0091898767277598,0.0052076331339776,-0.0250763483345508,0,-0.0016397775616496,0.0004647667519748,0.0111415432766079,0,0.0595672726631164,-0.1948215216398239,4.597667694091797,1,-0.0029564953874796,-0.0112768597900867,0.0113411955535411,0,0.0084650069475173,0.0010630046017467,-0.0083441957831382,0,0.1962284594774246,-0.21713387966156,0.938770592212677,1,0.0007538616191595,0.0074667567387223,-0.0329960212111473,0,-0.0019817422144114,-0.0007981018279679,-0.0137502308934926,0
0.1818294823169708,-3.007394790649414,11.07547378540039,0.1029546856880188,0.5741355419158936,-1.1420162916183472,0,0.8900319337844849,-2.2085886001586914,3.987728357315064,1,0.0004840852052439,-0.0048648682422935,-0.018709260970354,0,0.0014711770927533,-0.0084024304524064,0.0113755194470286,0,0.0268032290041446,-0.2535265982151031,-0.3576952517032623,0,-0.5041366219520569,-0.2437214404344558,2.2706031799316406,1,0.0122709842398762,0.0298253409564495,0.0621527843177318,0,0.0271570552140474,-0.0416654050350189,-0.0586238093674182,0,-0.3752070367336273,-0.8505867123603821,6.320657730102539,1
-1.43451726436615,3.558982610702514,14.316670417785645,2.045928478240967,-0.2161789387464523,1.8245623111724851,1,-0.3278053998947143,1.3812642097473145,0.9913524985313416,1,0.0014133754884824,-0.0197324138134717,-0.0106999641284346,0,1.2507399320602417,-0.834732711315155,3.359766721725464,1,-0.2046261131763458,0.8247720003128052,4.881093502044678,1,0.0058200736530125,0.0048205503262579,0.0103310272097587,0,-0.0107966382056474,-0.0973057895898819,0.2782075107097626,0,-4.165053844451904,2.49774169921875,2.9934661388397217,1,-0.0301371552050113,0.0183339174836874,-0.0114110289141535,0
-0.857516348361969,1.8240420818328853,5.089386463165283,-0.0002993631351273,0.0001842847996158,0.0021713464520871,0,-0.0048707639798521,0.0119254887104034,-0.0335423685610294,0,0.0055312030017375,0.005079323425889,0.0105354897677898,0,-0.0027320240624248,0.0032127248123288,0.004947816953063,0,-0.0108643919229507,0.0039028734900057,-0.068581685423851,0,-1.1469275951385498,0.3988862633705139,3.795621633529663,1,-0.0028393527027219,0.0039078146219253,0.0003545767685864,0,0.2973292469978332,1.3829033374786377,1.3676952123641968,1,0.0081566404551267,0.0140399783849716,0.0101843858137726,0
-1.160926103591919,-1.719953179359436,5.801840782165527,0.0264708623290061,-0.016151275485754,0.0243985205888748,0,2.1765174865722656,-1.890954613685608,0.7488399147987366,1,-0.0021079445723444,-0.0065898415632545,-0.0054033058695495,0,-6.734563794452697e-05,-0.0003949752135667,-0.0190223827958107,0,0.3078328967094421,-0.6224654316902161,-0.8481081128120422,0,-0.3464161455631256,0.4397472441196441,2.217430591583252,1,-0.007326204329729,-0.0649874657392501,-0.0396044626832008,0,0.0236654616892337,-0.0364472605288028,0.0359491892158985,0,-3.3394954204559326,0.4782904088497162,3.687361001968384,1
0.0578237362205982,-0.9294759035110474,12.455400466918944,0.6714392304420471,-0.4965627193450928,3.1191961765289307,1,0.0039549400098621,0.079361967742443,0.0095586013048887,0,0.003109224140644,0.0165636669844388,-0.0006729493034072,0,0.121951900422573,-0.2663194835186004,0.2426095455884933,0,0.3002451658248901,0.674907922744751,3.5485119819641118,1,0.0105394450947642,0.0034679560922086,0.0079971821978688,0,-0.0043696141801774,0.1230826675891876,-0.0646842718124389,0,-1.0309640169143677,-1.06645667552948,5.606423377990723,1,-0.018082421272993,0.0024787515867501,-0.0135379107668995,0
0.3637657165527344,0.1875421702861786,17.447261810302734,-0.0089981043711304,0.0063680699095129,-0.0262156762182712,0,0.278758555650711,-0.1642047464847564,9.488390922546388,1,0.0003121965273749,0.0007485332316718,-0.0138042084872722,0,0.654560923576355,0.994019329547882,2.7489774227142334,1,-0.0995297282934188,-0.2353557348251342,0.6151114106178284,1,-0.0007110646693035,0.0041861748322844,-0.0204011984169483,0,-0.457707017660141,-0.4244601428508758,4.672373294830322,1,-0.0006051902309991,-0.0027676983736455,-0.0178340636193752,0,-0.0023148676846176,0.0090084252879023,0.000663737533614,0
-1.1656032800674438,-0.3954457938671112,12.713239669799805,-0.0100225461646914,-0.0016093084122985,-0.0272997412830591,0,0.0991359800100326,0.1897365003824234,0.3183309137821197,0,-3.9386374950408936,-1.859324932098389,4.864171504974365,1,0.0032734123524278,0.0005298531614243,-0.0138375125825405,0,1.712261438369751,1.290621638298035,4.119119167327881,1,-0.2956714034080505,-0.3885656893253326,0.7105333209037781,1,0.0039562205784022,-0.0086451591923832,-0.0194487143307924,0,1.2652395963668823,0.3690763711929321,2.738447666168213,1,-0.0051386803388595,0.0127349216490983,0.0232221838086843,0
-2.503391742706299,2.21531629562378,16.922990798950195,-0.0054932511411607,0.0005693581770174,-0.0024849898181855,0,-0.0069627803750336,0.0022377783898264,-0.0163694024085998,0,-6.881405830383301,-0.6640430688858032,10.174595832824709,1,0.0003393027000129,-0.0007377135334536,-0.028212271630764,0,1.0061296224594116,1.6637389659881592,1.04829204082489,1,-0.975053369998932,-1.2157527208328247,2.204309225082397,1,0.0052547412924468,-0.0001434236473869,-0.0140595464035868,0,4.347478866577148,2.4281365871429443,3.554288387298584,1,0.0063203768804669,0.0013105842517688,0.0026319317985326,0
0.491232305765152,1.4570749998092651,12.510443687438965,1.237850546836853,-0.1430822908878326,2.5899574756622314,1,-0.4561461806297302,0.9050549864768982,0.542446494102478,1,-0.0388717763125896,0.0050452593713998,-0.0807292163372039,0,0.7773733139038086,-0.3888275921344757,1.8936280012130735,1,0.0754028111696243,0.5327344536781311,3.981847524642944,1,0.0045091179199516,0.0033851752523332,-0.0594992861151695,0,0.0368506759405136,0.0265724211931228,-0.0576220341026783,0,-1.1334229707717896,0.4704720675945282,3.736978769302368,1,-0.0123133277520537,0.0457206256687641,-0.036562792956829,0
-0.3057485818862915,-3.589648485183716,15.302202224731444,0.0541570223867893,0.0026243629399687,-0.0150573179125785,0,0.1010343059897422,-0.0353042408823967,-0.001235359814018,0,0.2911039590835571,0.1238815858960151,0.2331563234329223,0,-0.0078242188319563,0.0009608799009583,0.0032157553359866,0,0.0096666114404797,0.0924537405371666,0.1303131431341171,0,-1.4726351499557495,-4.196415901184082,6.81387996673584,1,-0.0052327164448797,-0.093619018793106,-0.0424953326582908,0,0.7276715636253357,0.4525593817234039,8.310354232788086,1,-0.0036899319384247,0.0632106214761734,-0.1299283504486084,0
2.788236856460572,0.9595612287521362,7.173182964324951,0.045962881296873,-0.0133685553446412,0.0193947851657867,0,1.5878748893737793,0.6311687231063843,3.8694450855255127,1,0.012122044339776,-0.0162438191473484,-0.0248525124043226,0,-0.0016131167067214,-0.0011892947368323,-0.003636663313955,0,0.2513827681541443,-0.1630338877439499,1.48357093334198,1,-0.0188212804496288,-0.0021815735381096,0.0248138289898633,0,0.8136951327323914,0.4232918918132782,1.880512237548828,1,0.0643906518816948,0.1177271008491516,-0.09449003636837,0,0.0332427062094211,-0.016609389334917,0.0184255260974168,0
1.3001788854599,1.8775057792663568,16.569477081298828,0.069269873201847,0.3303473889827728,2.151354551315308,1,-0.3561683595180511,0.0450140610337257,0.5384017825126648,1,-0.0015066099585965,-0.0101533513516187,-0.0638743042945861,0,1.2585535049438477,0.3454753756523132,1.446021556854248,1,-1.0013155937194824,0.3191968500614166,2.78246545791626,1,0.002336788456887,-0.0056592794135212,-0.0002827908028848,0,0.5114653706550598,0.0936409085988998,0.2293197214603424,0,0.8200783133506775,0.7508383989334106,9.503129959106444,1,-0.002534516621381,0.0088053531944751,-0.0170591454952955,0
-1.8429526090621948,2.6777358055114746,10.709999084472656,0.0015060757286846,0.0029847654514014,-0.0304062496870756,0,-0.0055625913664698,0.0329606272280216,-0.0598101094365119,0,0.0021939752623438,-0.0197152215987443,-0.0098297279328107,0,-1.9404759407043457,2.57574462890625,4.278196811676025,1,-0.0178653914481401,0.0411804914474487,-0.0923127233982086,0,0.0049204137176275,-0.0055694160982966,0.0179919265210628,0,1.1178184747695925,-1.7035789489746094,4.457361698150635,1,-1.0113394260406494,1.7905930280685425,2.172975778579712,1,0.0058518415316939,-0.0368642210960388,-0.024167975410819,0
-1.101088285446167,-1.0440287590026855,8.130514144897461,-0.0526663325726985,-0.026490407064557,0.0985518991947174,0,0.5456714630126953,-0.704194962978363,1.6094458103179932,1,-0.919718623161316,0.3619068264961242,1.850847840309143,1,-0.0005879045347683,0.0128110162913799,-0.0116899581626057,0,0.287367582321167,-0.2826662361621856,1.2174122333526611,1,-0.4761826992034912,-0.0067585632205009,1.327605962753296,1,0.0030260530766099,-0.0068253665231168,0.0084655620157718,0,0.1178152412176132,-0.4118297696113586,0.6661033630371094,1,-0.6058131456375122,0.0200187135487794,1.3637713193893433,1
1.665616154670715,0.3624802529811859,3.8987958431243896,0.0081605287268757,-0.0001850408298196,-0.0352032855153083,0,0.3772427439689636,0.1757313907146453,0.0976171121001243,0,-0.8801101446151733,-0.1009638607501983,0.6715725660324097,1,0.0095575004816055,-0.0022461016196757,0.0589927099645137,0,1.2815003395080566,0.260649174451828,1.743030071258545,1,-0.3441847562789917,0.0171850677579641,0.8041251301765442,1,0.0130140287801623,-0.0065671759657561,-0.0118437968194484,0,1.1952009201049805,0.014154652133584,0.5440055131912231,1,0.005235125310719,0.004722177516669,0.0264999121427536,0
0.3187754452228546,-0.3773601055145263,8.392749786376953,-0.3356758058071136,0.0047043575905263,2.935917615890503,1,-0.0052306749857962,-0.0194775741547346,0.0044675851240754,0,-0.0011456137290224,-0.0027499340940266,0.0114045497030019,0,0.2623732686042785,-0.1805020719766616,0.3979090452194214,0,-0.0177625436335802,0.0004520545189734,0.0788245499134063,0,0.0107942158356308,-0.0034700774122029,0.0061768013983964,0,-0.0030593757983297,0.0047216350212693,-0.0020105703733861,0,0.4085186421871185,-0.1897193789482116,4.949303150177002,1,-3.6678859032690525e-05,0.0086808828637003,0.010757285170257,0
-0.9971822500228882,-0.8864097595214844,12.99228572845459,-0.0221670903265476,0.0130263520404696,0.0025763905141502,0,-1.6495214700698853,0.1804791837930679,2.7099499702453613,1,0.0086014876142144,-0.0092789065092802,-0.0485037267208099,0,0.0024790787138044,0.0016498265322297,0.0030499112326651,0,-0.3462010324001312,-0.4384122788906097,8.828070640563965,1,-0.0083726560696959,0.0020446323323994,-0.0192355904728174,0,-0.0046990262344479,0.0065612127073109,0.0046897269785404,0,1.0192852020263672,-0.6326161623001099,1.5192487239837646,1,0.0034130725543946,-0.0098635945469141,-0.0075603923760354,0
0.9180344343185424,0.7370240092277527,18.37681579589844,-0.6131237745285034,1.157536864280701,5.898193359375,1,-0.0154761597514152,0.1798698902130127,-0.0420603305101394,0,2.049272006843239e-05,0.0070934477262198,-0.0318035706877708,0,2.1373627185821533,-2.2901947498321533,6.539531230926514,1,0.0230565592646598,0.028278300538659,0.1279320269823074,0,0.0049805357120931,0.0015485968906432,0.0064545744098722,0,-0.0007390231476165,-0.2363071292638778,-0.0646274462342262,0,-0.6125666499137878,1.8395535945892332,5.989995002746582,1,-0.0054803774692118,0.0496452189981937,-0.0467995181679725,0
-1.1026015281677246,0.446678876876831,7.147634506225586,-0.0082535045221447,0.0075706141069531,-0.0733516290783882,0,0.1324780881404876,0.2530148923397064,0.4006337523460388,0,-1.0322884321212769,0.2965998351573944,1.1579957008361816,1,-0.0026671343948692,0.0033896290697157,-0.0199133940041065,0,-0.0434000566601753,-0.0938017666339874,2.555640935897827,1,-0.0149953989312052,0.0221837889403104,0.0862368941307067,0,0.0133872982114553,-0.1185862571001052,-0.0438713207840919,0,-0.1569167524576187,0.0074919643811881,3.115601062774658,1,0.0100542958825826,0.0688161626458168,-0.0313379764556884,0
1.3468178510665894,-2.18713116645813,7.275532245635986,0.0037405292969197,0.0056204092688858,-0.0246081929653882,0,0.8511576652526855,-0.5816384553909302,2.779376983642578,1,-0.0076179550960659,0.0090657025575637,0.0733518898487091,0,-0.0048547443002462,0.0039442987181246,-0.0106125613674521,0,0.0104376375675201,-1.5907845497131348,3.667269229888916,1,0.0055460813455283,0.0014681842876598,-0.0035058604553341,0,0.4831495583057403,-0.0269891545176506,0.8033022880554199,1,0.0041461852379143,-0.0077954903244972,-0.005693819373846,0,0.0011128488695248,-2.190464874729514e-05,-0.003348066471517,0
-5.635578155517578,10.002016067504885,8.564573287963867,1.0113376379013062,-0.7580970525741577,1.7013951539993286,1,-0.0446390248835086,0.2363267391920089,0.000962104066275,0,0.0032829954288899,-0.0172407198697328,-0.038663987070322,0,1.0010504722595217,-0.601652204990387,2.918287992477417,1,-0.5198866724967957,0.5304095149040222,2.3705954551696777,1,0.0175641793757677,-0.0014184978790581,-0.0087247258052229,0,0.0467708185315132,-0.2220358401536941,0.7128905653953552,1,-7.15177583694458,10.770624160766602,1.0140483379364014,1,0.0007172173354774,0.0650997757911682,-0.1062177941203117,0
0.0667624250054359,1.510185718536377,10.760234832763672,1.3009318113327026,-0.019823133945465,1.0769357681274414,1,-0.0202361177653074,0.3065477013587951,0.7570722103118896,1,-0.0027413123752921,-0.0248178392648696,-0.037684790790081,0,0.3646498620510101,-0.0403063744306564,0.3519979417324066,0,-0.2736192345619201,0.6120563745498657,6.0756025314331055,1,0.0933161005377769,0.0804466754198074,1.203817367553711,1,-0.0139207523316144,0.1384615153074264,-0.1757376194000244,0,-1.3949816226959229,0.4311116635799408,1.572168231010437,1,0.0133638186380267,0.0265092179179191,-0.0639367997646331,0
0.4046179950237274,-0.1791434437036514,19.782114028930664,-0.0037654649931937,0.0019009792013093,-0.0022790958173573,0,0.2477332651615142,0.251221626996994,0.2756675779819488,0,-0.0262353494763374,-0.0281306449323892,0.2787377834320068,0,0.0022788674104958,0.0004240062262397,-0.0179861318320035,0,1.3441011905670166,0.6758559346199036,8.239005088806152,1,0.0183752886950969,0.0121443103998899,-0.0468203201889991,0,0.0156109072268009,-0.0028144195675849,-0.0076478389091789,0,-1.189706563949585,-1.088504433631897,11.064898490905762,1,-0.0037742028944194,-0.0012408019974827,-0.0014634329127147,0
-2.9318766593933105,-2.920287609100342,11.231736183166504,0.0702689290046691,0.0059043280780315,-0.0180060975253582,0,0.4901972711086273,-0.1072028577327728,1.2060155868530271,1,-1.112925410270691,0.3416813611984253,1.275791883468628,1,0.0188274346292018,0.0252141896635293,0.3246944844722748,0,0.6936061382293701,0.1314039677381515,2.689842462539673,1,-1.001343846321106,0.0815264955163002,3.039193630218506,1,0.0027790723834186,-0.0088659180328249,0.0314271859824657,0,0.6511719822883606,-0.3736241161823272,0.7972484230995178,1,-2.7444581985473637,-3.016324996948242,1.885527849197388,1
0.347482293844223,0.1649900376796722,16.467756271362305,0.0097057009115815,-0.002255527768284,-0.0252609737217426,0,0.1322503983974456,0.1329144090414047,0.5020715594291687,1,-0.0159961096942424,-0.0134450225159525,-0.0367248430848121,0,-0.0002241881738882,-0.0040459893643856,-0.0483680963516235,0,1.2209532260894775,0.4306888282299042,5.031322002410889,1,0.0096743758767843,-0.0020948119927197,-0.0232429504394531,0,0.0033204953651875,0.0009135534055531,-0.0066482024267315,0,-1.0109001398086548,-0.3890553116798401,11.060649871826172,1,-0.0013014473952353,0.0113699119538068,0.0139581225812435,0
2.413788080215454,-0.9024282097816468,26.44419479370117,0.5745626091957092,-0.5004363656044006,7.439641952514648,1,-0.0112810004502534,0.0314186327159404,-0.0599419809877872,0,0.002005387796089,0.0065553965978324,-0.0039844894781708,0,0.0096508683636784,-0.0068013658747076,0.014028406701982,0,0.9150026440620422,2.3694589138031006,10.635747909545898,1,0.0163249336183071,-0.0047379559837281,0.0186286158859729,0,-0.0029914032202214,0.043558731675148,-0.0207400601357221,0,0.9014738202095032,-2.8412234783172607,8.423233032226562,1,0.0090402523055672,-0.000220743153477,-0.0024188787210732,0
-0.1834519505500793,1.6273348331451416,15.456835746765137,0.0138509888201951,-0.0071286344900727,-0.0437278635799884,0,0.0030308463610708,0.002753910375759,-0.0442780330777168,0,0.0426911786198616,0.3487829566001892,1.1194041967391968,1,-0.0027803548146039,0.0017302004853263,0.0050786877982318,0,0.0086114881560206,0.017906442284584,-0.1446719616651535,0,-0.2690529823303222,0.774746298789978,12.571088790893556,1,-0.0017812389414757,0.0025412407703697,-0.0048252767883241,0,0.5026606321334839,0.5953903794288635,0.8141619563102722,1,-0.4806824922561645,-0.1093878373503685,1.184605360031128,1
3.030064821243286,-4.22174882888794,15.084059715270996,-0.0129398703575134,-0.0352773517370224,0.2194919288158416,0,2.145324468612671,-1.1339951753616333,11.630125999450684,1,0.2129836678504943,0.0675218403339386,-0.8970934748649597,0,0.0007113459869287,0.0035864496603608,-0.0151422079652547,0,0.4174841940402984,-2.65381932258606,2.8393754959106445,1,0.0075161820277571,0.007643855176866,0.0001170417453977,0,0.4932689070701599,0.0534100905060768,0.1850889474153518,0,-0.2230956852436065,-0.5690239071846008,1.144752025604248,1,-0.0111884633079171,0.0382045358419418,-0.0226568542420864,0
-0.1723499298095703,-2.274591445922852,15.777202606201172,-0.0186694990843534,0.0016382141038775,-0.0155388442799448,0,-0.3530899286270141,-0.3200263082981109,8.888134002685547,1,-0.0044283610768616,-0.0105527313426136,-0.0442148223519325,0,0.0019998168572783,-0.0077346353791654,-0.0067791347391903,0,1.1913117170333862,-1.5757628679275513,4.209567070007324,1,0.0241123531013727,0.0036137474235147,0.0210217013955116,0,0.0035530526656657,-0.0901133045554161,0.0216440707445144,0,0.536432147026062,-0.6537708044052124,1.351364016532898,1,-1.5535712242126465,0.3781172037124634,1.352005124092102,1
2.9277608394622803,1.2799594402313232,9.475102424621582,1.096186637878418,0.1232206970453262,0.7609362006187439,1,0.3709156215190887,0.8729643821716309,1.5525670051574707,1,-0.0011014966294169,-0.0205458886921405,-0.0314175002276897,0,0.5614131093025208,-0.027133883908391,0.3647121787071228,0,0.7007831335067749,0.3591806590557098,5.88107967376709,1,0.0069130649790167,-0.0026523920241743,0.0131443124264478,0,0.2448469698429107,0.0906449630856514,0.0523942410945892,0,-0.0666410401463508,-0.1238386407494545,0.8870213031768799,1,0.0144449369981884,0.0081195291131734,-0.0053345174528658,0
0.934299647808075,-0.8360886573791504,11.38093090057373,-0.0742662400007247,0.0185974482446908,0.0053822617046535,0,0.4111206531524658,-0.755479097366333,0.9677478671073914,1,0.0019188744481652,-0.0011645434424281,-0.0312145240604877,0,0.0004029578994959,-0.0018515295814722,-0.0085330884903669,0,-0.0210432689636945,0.012540640309453,-0.1239449009299278,0,-0.2455722093582153,0.2351450026035308,2.7932493686676025,1,-0.0020059349481016,-0.0849740356206893,-0.0431855246424675,0,-0.0458332523703575,-0.0032169490586966,-0.0320334695279598,0,0.9095780849456788,-0.2556855678558349,7.853463172912598,1
0.8903740644454956,-1.4253287315368652,10.325942993164062,-0.4883955121040344,0.5101497173309326,1.593748688697815,1,7.994134648470208e-05,0.004623937420547,-0.0159983281046152,0,0.0014738220488652,-0.0019165800185874,0.0018157017184421,0,0.6159133911132812,-0.81456458568573,3.0627012252807617,1,-0.0039743403904139,0.0168463736772537,-0.0184061396867036,0,0.0033019420225173,-0.0080577563494443,0.0123347081243991,0,0.0008032923215068,0.0133534893393516,-0.076006643474102,0,0.7626392841339111,-1.1339833736419678,5.741559505462647,1,-0.0014677441213279,-0.0117799835279583,0.0241933334618806,0
-0.2449421137571334,-0.2179911583662033,20.559642791748047,0.7433907985687256,0.407278448343277,4.201822280883789,1,-0.0027789715677499,0.0029327571392059,-0.0103573752567172,0,-0.0027052734512835,-0.0075011020526289,0.0370436869561672,0,-0.7482243180274963,-0.4977259635925293,15.82899284362793,1,-0.0135157229378819,-0.0058929417282342,-0.0001248374901479,0,-0.0042291497811675,-0.0087016997858881,0.0012941249879077,0,-0.2057618051767349,-0.1068848669528961,0.4921795725822449,0,-0.0090073384344577,-0.0037145798560231,0.0105545539408922,0,-0.0021103674080222,0.0022187845315784,-0.0017629297217354,0
0.3844412863254547,-0.5780960917472839,7.986963272094727,-0.0004497550835367,0.2980015277862549,0.5639075636863708,1,-1.058596968650818,-1.3045892715454102,1.1408833265304563,1,0.0165842361748218,-0.0004927871050313,0.0211655478924512,0,1.36777663230896,0.3787779808044433,6.262981414794922,1,0.0167564041912555,0.0102386586368083,0.0571821443736553,0,0.0052606062963604,-0.0097966669127345,0.0144779030233621,0,0.0038872838485985,0.0824625119566917,0.0008575928513891,0,0.0296709965914487,-0.006135684903711,-0.0862573608756065,0,0.0035518144723027,-0.0265622641891241,0.0117660919204354,0
4.423027038574219,1.9212573766708367,24.62739562988281,1.1798444986343384,-0.1276890486478805,2.1941113471984863,1,0.0513440892100334,0.1034399345517158,-0.2781719863414764,0,0.0033576667774468,-0.0081925634294748,-0.0248406995087862,0,-0.0061417045071721,-0.0061664166860282,-0.0239324644207954,0,1.525410532951355,3.5583770275115967,16.87929916381836,1,0.0113774864003062,0.008496830239892,0.025380402803421,0,0.0041396003216505,-0.0998174101114273,0.0057687652297317,0,1.5987281799316406,-1.5662658214569092,5.886570453643799,1,0.0549665354192256,0.0590750351548194,-0.0367893539369106,0
0.7686575055122375,0.3796550929546356,12.843369483947754,0.0033125095069408,0.0090838428586721,-0.013875875622034,0,0.0015484811738133,0.0088822310790419,-0.0175696462392807,0,0.1505901515483856,0.236589565873146,4.103151321411133,1,0.0042750271968543,0.0028878913726657,0.0166663620620965,0,0.7270349860191345,1.3402351140975952,3.5009512901306152,1,-0.0908657535910606,-0.2670272290706634,0.4033880829811096,0,0.3381105363368988,0.2605195045471191,1.042625904083252,1,-0.3620858192443847,-1.217814326286316,3.812580823898315,1,-0.0032627063337713,0.0062985057011246,-0.0045490167103707,0
1.309091091156006,-0.0968135073781013,15.644964218139648,0.1658048033714294,0.0846670418977737,0.0721764415502548,0,-0.3629885911941528,-0.751349925994873,3.760935068130493,1,-0.0019259051186963,0.0138925677165389,-0.0061086006462574,0,1.2921754121780396,-0.0252938661724329,7.0015058517456055,1,0.0063898768275976,-0.0005692127742804,-0.0646276772022247,0,-0.0139675103127956,-0.0180271808058023,0.0223451144993305,0,0.226532369852066,0.612249493598938,4.902956485748291,1,-0.0017648782813921,-0.0044668116606771,-0.016159189864993,0,-0.0011644512414932,-0.0079155890271067,-0.0280592758208513,0
-0.2439043372869491,-0.2539765536785126,14.955827713012695,-0.0035308869555592,0.0038282081950455,-0.0042538740672171,0,-0.0003070361854042,0.0257861446589231,-0.0523629337549209,0,-0.674206018447876,-0.2666243314743042,1.3768242597579956,1,-0.000260700500803,-0.000145159458043,-0.0235530138015747,0,1.1856143474578855,0.8812335729598999,2.4911885261535645,1,-0.0172168593853712,0.0075020506046712,-0.041444331407547,0,0.0021712535526603,-0.002401903970167,-0.0070353583432734,0,-0.7347575426101685,-0.9171205759048462,11.22369384765625,1,-0.0014108609175309,0.0139654045924544,-0.0072295046411454,0
0.2674161195755005,-0.4419701695442199,21.046985626220703,-0.3988496959209442,0.453076958656311,0.6279661059379578,1,-0.0103678731247782,0.0075106173753738,-0.0427722111344337,0,0.0094782216474413,-0.0036622341722249,-0.0287777855992317,0,1.535611867904663,-1.5743834972381592,7.6943206787109375,1,0.00231244857423,0.0134455896914005,-0.0847451165318489,0,0.0031895821448415,0.0168401412665843,-0.036090075969696,0,0.0027639050967991,-0.0103393271565437,-0.0318318828940391,0,-0.867642343044281,0.6584766507148743,12.983609199523926,1,-0.0090798800811171,-0.0029350512195378,-0.0346944257616996,0
0.0433192588388919,0.0096856001764535,0.250065803527832,0.0986831933259964,-0.0395982787013053,-0.0250959023833274,0,0.0020530254114419,-0.0092925522476434,0.0337400771677494,0,-0.0021616134326905,0.0132634956389665,0.0192493498325347,0,0.0467377081513404,-0.0230515636503696,0.0206972863525152,0,-0.0406928062438964,0.0197973642498254,0.0311547368764877,0,-0.0075726765207946,-0.0075030936859548,0.0222345236688852,0,0.0240952149033546,0.0138504141941666,0.0624278746545314,0,-0.0823961123824119,0.0272643845528364,0.0517475008964538,0,0.0045733279548585,0.0149554274976253,0.0339103490114212,0
2.2257156372070312,-0.1037226542830467,8.616296768188477,-0.0106594879180192,0.0034831950906664,0.014760029502213,0,-0.4204100966453552,-1.0448033809661863,3.503242015838623,1,-0.008948266506195,-0.0149953309446573,-0.0030291366856545,0,1.0802985429763794,0.17386294901371,1.2003759145736694,1,-0.1663538962602615,-0.1623842269182205,0.5741375684738159,1,0.0135216889902949,0.0012163111241534,-0.0330056175589561,0,1.7204256057739258,0.9488898515701294,3.389240264892578,1,0.0183070711791515,0.0004399667377583,-0.001083254115656,0,-0.0004654014774132,-0.0094318846240639,-0.0283410307019948,0
1.133377194404602,-0.8584829568862915,7.36412239074707,0.0289290715008974,-0.0027128770016133,0.0112938918173313,0,0.6981375217437744,0.3385074734687805,2.4168620109558105,1,0.0002885834837798,-0.0110856899991631,-0.0136984167620539,0,-0.0027559935115277,-0.0040400237776339,0.0009813960641622,0,0.3917098939418793,-1.377951979637146,5.045655250549316,1,0.0117692369967699,0.0150883710011839,-0.0018311068415641,0,-0.0025486536324024,0.1540802866220474,-0.0218275561928749,0,-0.0017846218543127,0.0033018693793565,-0.0605120211839675,0,0.0096320640295743,0.0263297520577907,-0.0128009188920259,0
-0.5214877128601074,-0.8289505243301392,11.519245147705078,0.0036379501689225,-0.0051167421042919,-0.0102374255657196,0,-0.6875050067901611,-0.0601750165224075,6.269753456115723,1,0.0005017528892494,-0.0019934400916099,-0.0272977445274591,0,0.0009242561063729,0.0027303087990731,0.0097504304721951,0,0.0152789745479822,-0.6147733926773071,5.134581089019775,1,0.0082922503352165,0.0079982643947005,-0.0468320958316326,0,-0.000671396148391,0.000742771604564,0.0033256353344768,0,0.1381876915693283,-0.1574550420045852,0.195608377456665,0,-0.0001342316973023,-0.000908329791855,-0.0094057200476527,0
-0.1710113435983657,0.3796730935573578,18.473386764526367,0.1553316414356231,0.411786139011383,4.530786514282227,1,0.0024149580858647,-0.0014792255824431,0.0040348772890865,0,0.0002027108130278,-0.0109699079766869,-0.0224294029176235,0,-0.0063270954415202,-0.1077157855033874,10.536788940429688,1,-0.0006272448808886,0.0038956156931817,-0.0449192523956298,0,0.0144083350896835,0.0088900867849588,-0.0392507016658782,0,-0.3333602547645569,0.0685614421963691,3.4806346893310547,1,0.000173122913111,-0.0036426794249564,-0.0077796685509383,0,-0.0032275181729346,0.0103474333882331,0.0355204530060291,0
2.145954370498657,-0.3692696094512939,10.668619155883787,0.0102137643843889,-0.0123012773692607,-0.0107738198712468,0,1.4114290475845337,-0.201255202293396,6.348869323730469,1,-0.0047897649928927,-0.0076795606873929,-0.0156051646918058,0,0.0014114314690232,-0.0029380226042121,-0.0156051889061927,0,0.5187833905220032,-0.0633494034409523,2.5628087520599365,1,0.0083893593400716,0.0103637045249342,0.0151745900511741,0,0.0024833159986883,-0.0220663603395223,0.0020589218474924,0,0.2223140448331833,-0.0614257343113422,1.7675009965896606,1,-0.0242803189903497,-0.0086177317425608,0.0141897238790988,0
-0.5473438501358032,1.3313679695129397,13.511114120483398,1.2700735330581665,-0.2161900550127029,1.894776940345764,1,0.1715923994779586,0.0607503317296505,0.9790248274803162,1,0.0057767014950513,0.0076079592108726,0.0271548330783844,0,0.448468416929245,-0.096832200884819,0.5719076991081238,1,-0.1708964854478836,0.4058351218700409,5.595158100128174,1,0.1195650547742843,0.1238490864634513,1.7948474884033203,1,-0.0028646120335906,0.1667120456695556,-0.0092022996395826,0,-2.3707404136657715,0.8744177222251892,2.722756862640381,1,-0.0183183141052722,0.0052180867642164,-0.0653115957975387,0
-1.8903324604034424,-1.8687427043914795,13.358118057250977,-0.0049809687770903,-0.0204381179064512,0.0203686393797397,0,2.712028980255127,-2.355818748474121,3.3487818241119385,1,-0.4433802962303161,0.3408075273036957,0.9429187774658204,1,0.0020254033152014,0.0010583243565633,0.0079050222411751,0,1.0634838342666626,-1.6532576084136963,1.3125957250595093,1,-0.8788054585456848,0.6841371655464172,2.8013172149658203,1,0.0028508673422038,-0.0717915222048759,0.0160285625606775,0,0.1897876560688018,-0.2293363809585571,0.309347003698349,0,-4.533342361450195,1.435896635055542,4.5988545417785645,1
1.1197408437728882,-2.714056491851806,19.157808303833008,0.8756990432739258,0.976229965686798,1.1036698818206787,1,-1.263839602470398,-2.738332271575928,5.322072982788086,1,0.0071514155715703,-0.0063354279845952,-0.020086457952857,0,1.1208966970443726,-0.868148684501648,7.943170070648193,1,0.0087189665064215,0.0223807841539382,0.0596150979399681,0,0.0092494813725352,0.0141886146739125,0.02060385979712,0,0.3308307528495788,-0.0776236355304718,4.765869140625,1,0.0320464670658111,0.0205441024154424,-0.0761844366788864,0,-0.0010123506654053,-0.0569597519934177,0.0390773527324199,0
0.2381260693073272,-0.2566084265708923,6.298857688903809,0.0064552491530776,-0.0252949465066194,2.474966764450073,1,0.0039341249503195,0.0174157973378896,-0.0128157818689942,0,0.0022349790669977,-0.0114109124988317,-0.0494287982583045,0,0.225347101688385,-0.1687942445278167,0.5272555947303772,1,0.0150739643722772,0.0124804377555847,0.0611214712262153,0,-8.221322059398517e-05,-0.0019934396259486,-0.0307693257927894,0,-0.0012695336481556,0.1035306900739669,-0.0491423904895782,0,-0.0290176831185817,-0.1975312680006027,3.42378306388855,1,0.015450082719326,0.0149894393980503,-0.0461131520569324,0
1.4419667720794678,0.7564897537231445,13.453717231750488,0.9954633116722108,-0.0173530522733926,0.3682011365890503,0,-0.2856303751468658,0.0298816934227943,1.8743994235992432,1,-0.0189120508730411,0.0720828622579574,0.6851117014884949,1,1.1593867540359497,-0.0372475609183311,0.7147554159164429,1,-0.7823653817176819,0.3639326989650726,3.208817481994629,1,-0.0263823289424181,0.3028517961502075,2.3631534576416016,1,1.0756922960281372,-0.035234622657299,0.4047095775604248,0,-0.6554012894630432,0.0206951163709163,3.097001075744629,1,-0.0198840629309415,0.0568808652460575,0.737568199634552,1
3.328449249267578,1.9192008972167969,25.088987350463867,1.3020771741867063,0.4393430650234222,8.00102424621582,1,0.0451485887169837,-0.016666417941451,-0.1657429635524749,0,-0.0006864386377856,0.0166814643889665,-0.0215359237045049,0,1.6158338785171509,-0.6112051606178284,3.1158835887908936,1,0.230879321694374,1.0392959117889404,3.919004440307617,1,0.0063090869225561,0.0031553241424262,0.0121817151084542,0,0.0006947916117496,-0.015297744423151,-0.0512288510799407,0,0.0774547830224037,1.045811414718628,10.308685302734377,1,0.0507381744682788,0.0180831421166658,-0.0292825829237699,0
0.9966610670089722,-0.4860216677188873,7.766523838043213,-0.0435148812830448,-0.0035545139107853,-0.0409248024225235,0,-0.0741425156593322,0.153307095170021,-0.139940857887268,0,0.0012942100875079,0.0140277873724699,-0.0390827804803848,0,-0.0040631699375808,-0.0015621079364791,-0.0344578474760055,0,0.5919553637504578,0.1948344111442566,5.65266227722168,1,0.004797913134098,0.0086030922830104,-0.0342367105185985,0,-0.0045139654539525,-0.0559378415346145,-0.075221836566925,0,0.5014598369598389,-0.7749940752983093,2.5413410663604736,1,0.0233882647007703,-0.0207455419003963,-0.0636143609881401,0
-1.244053602218628,1.6038652658462524,6.2979416847229,0.2055808156728744,-0.0935966670513153,0.245184987783432,0,-0.0011629364453256,0.0016121858498081,0.0128935407847166,0,0.0013220941182225,0.0111882733181118,0.0180412381887435,0,0.4448384940624237,-0.3126010298728943,2.2635223865509038,1,-0.353689968585968,0.309747576713562,0.2000492811203003,0,0.0079764137044548,-0.0056131379678845,0.0084077203646302,0,0.5206923484802246,0.3907673954963684,1.7330468893051147,1,-2.0688395500183105,1.2974284887313845,1.813843011856079,1,-0.0007712712977081,0.0049322242848575,0.0029530108440667,0
2.0588133335113525,0.9084301590919496,16.639068603515625,0.3637754917144775,0.3924435675144195,7.058133602142334,1,-0.0057776602916419,-0.0088041229173541,-0.0109088132157921,0,-0.0007832834962755,-0.0044927685521543,-0.0034854873083531,0,0.228319764137268,-0.2710029482841491,0.2833985686302185,0,-1.115835666656494,2.8905653953552246,4.577228546142578,1,0.0013761383015662,-0.0112996064126491,0.0033988200593739,0,-0.0023093617055565,0.0020193487871438,-0.0019842851907014,0,3.0322787761688232,-2.9570343494415283,3.849523782730103,1,-0.4422308802604675,0.8760355114936829,0.883763313293457,1
1.2095286846160889,1.7247997522354126,12.023505210876465,-0.015315718948841,0.0049170106649398,-0.0058968313969671,0,1.647078514099121,0.6337872743606567,0.8222134709358215,1,0.0476790145039558,-0.0082566579803824,0.6035655736923218,1,0.0042680082842707,0.0075695919804275,0.8598562479019165,1,1.5585404634475708,0.0969709604978561,3.3339786529541016,1,-0.5951035022735596,0.3305167555809021,2.846461772918701,1,0.0116624478250741,0.007346118800342,-0.0090763065963983,0,0.5723116397857666,-0.0381033085286617,1.7709163427352903,1,-2.021592378616333,0.6900519132614136,1.8014873266220093,1
2.1842041015625,-0.4286879599094391,20.08790397644043,-0.0414540693163871,-0.0135085042566061,0.0281225237995386,0,0.6435336470603943,0.1512826532125473,6.134033203125,1,-0.0004515015752986,-0.0018569444073364,-0.0054992148652672,0,-0.0054130973294377,-0.004869804251939,0.0145616037771105,0,0.8706019520759583,-0.0869091674685478,7.717731475830078,1,0.0171277020126581,0.0093229562044143,0.0328978523612022,0,-0.0074931322596967,0.0707275345921516,-0.1043855771422386,0,0.6848382353782654,-0.6361168026924133,6.320605754852295,1,0.0229144897311925,0.083240121603012,-0.0501633249223232,0
1.269430160522461,2.580514430999756,4.42991828918457,0.0058093275874853,0.0143537586554884,-0.0239138752222061,0,0.3724794685840606,0.4585952758789062,0.0847637802362442,0,-0.3887856602668762,0.1551518142223358,0.3315379917621612,0,0.0023629553616046,0.0411391258239746,0.0796651542186737,0,1.2385058403015137,0.8776780962944031,2.0138356685638428,1,-0.5425930619239807,0.4187958240509033,1.2658792734146118,1,-0.0042765652760863,0.0149998171254992,-0.0025128463748842,0,0.7796422243118286,0.5003493428230286,0.5478376150131226,1,-0.1937143504619598,0.0994513854384422,0.132825568318367,0
-1.39311420917511,-1.3138031959533691,23.84366035461425,-0.009368447586894,0.0017443181714043,0.0150592792779207,0,-0.0017828118288889,0.0039162668399512,-0.0404854491353035,0,1.2637914419174194,1.4964778423309326,2.505216598510742,1,0.0040589859709143,0.0011343187652528,0.0055242073722183,0,0.6858410239219666,1.23988139629364,0.9626004099845886,1,-1.3313584327697754,-1.9405736923217771,5.8957133293151855,1,-0.0033772587776184,-0.0013409851817414,-0.0047986432909965,0,-1.9947028160095213,-2.1095266342163086,14.537171363830566,1,-0.0062158927321434,-0.005515944212675,-0.0323398448526859,0
1.472265362739563,0.3581789135932922,4.627414226531982,-0.0062292586080729,0.0114992409944534,-0.002980928402394,0,-1.121613621711731,-0.3838576674461365,1.4956718683242798,1,-0.0024250473361462,-0.0205084811896085,-0.0564937219023704,0,0.6304057836532593,0.2701928317546844,0.091499850153923,0,-0.3317541182041168,0.0466061905026435,1.428108811378479,1,-0.0014661333989351,0.0841810852289199,0.6560932993888855,1,2.287332057952881,0.3145905137062073,0.578524112701416,1,0.0064308103173971,0.0173552930355072,0.4150024950504303,0,0.0115848984569311,0.0181199088692665,0.021988820284605,0
0.8246949911117554,-0.5364128947257996,7.912719249725342,0.0023467533756047,0.0062968255952,-0.029581069946289,0,0.5263274312019348,0.4198927879333496,1.8265130519866943,1,0.0015770001336932,0.0086676329374313,0.0094018690288066,0,0.0005891965702176,-0.0014584164600819,-0.0136185931041836,0,0.2622064650058746,-0.931454300880432,5.9036078453063965,1,-0.0166395418345928,-0.0235001537948846,0.030629264190793,0,0.0530103705823421,0.0360237844288349,0.0636937916278839,0,-0.0050316965207457,-0.0449257008731365,0.14578677713871,0,0.0003090360842179,-0.0059553971514105,-0.0237138364464044,0
0.3200014233589172,-4.952098369598389,17.440223693847656,0.0388147644698619,-0.0399365983903408,-0.0046721915714442,0,1.3054072856903076,-2.033895254135132,5.383878231048584,1,0.0906014740467071,-0.0375526882708072,-0.3877154588699341,0,-0.0045875934883952,0.0025874029379338,-0.0088682668283581,0,-0.0009283524705097,0.051218207925558,-0.002238092245534,0,-1.1152207851409912,0.4190005958080292,9.510899543762209,1,0.0205735769122838,0.0396747440099716,0.0767829194664955,0,0.037557054311037,-0.0187056474387645,-0.0087745813652873,0,-0.0522159188985824,-3.334489345550537,2.8809328079223637,1
0.064941756427288,0.1445599645376205,6.613945960998535,-0.0075528733432292,0.0001679110282566,-0.0313549898564815,0,-0.0082652801647782,-0.0077277314849197,-0.0310392249375581,0,0.910585641860962,0.6632927060127258,1.961960196495056,1,-0.002969775814563,-0.0015700637595728,-0.0209543537348508,0,0.3247123956680298,0.4689132571220398,1.154367446899414,1,0.0150125091895461,0.0126191759482026,-0.0247688069939613,0,0.0001128487710957,-0.0050608883611857,-0.0157509054988622,0,-1.166818380355835,-0.9973164796829224,3.6240851879119873,1,0.0001246882311534,0.0112421307712793,-0.0025988982524722,0
0.9076286554336548,-1.826505184173584,13.083545684814451,-0.0413255877792835,-0.0137469824403524,0.0242265164852142,0,0.301350474357605,-1.0515975952148438,5.670364856719971,1,-5.982363654766232e-05,-0.0208891406655311,-0.0512387715280056,0,0.0007909109699539,-0.001324200653471,-0.0105331372469663,0,0.0282156728208065,-0.0720107778906822,-0.0351545847952365,0,-0.0173847917467355,0.0160765089094638,0.1380749344825744,0,-0.0004606768197845,-0.1823458224534988,-0.0298061817884445,0,0.0322820432484149,-0.0335312038660049,-0.0574513189494609,0,0.604220449924469,-0.4671360552310943,7.43506383895874,1
0.8551465272903442,0.2371812760829925,5.495110988616943,0.9965499639511108,-0.1544155776500702,0.9786583781242372,1,0.0130542442202568,0.0102624194696545,0.3315958976745605,0,0.0003999915206804,0.001876315800473,0.0144394906237721,0,0.6825921535491943,-0.1639798134565353,0.3655056059360504,0,-0.163336232304573,0.1857451349496841,1.2188055515289309,1,0.0104162842035293,0.1028128564357757,0.8679116368293762,1,0.2216764092445373,-0.0423539504408836,0.1981315314769745,0,-0.9071372747421264,0.2908182740211487,1.5190160274505615,1,0.0009310521418228,0.0064156018197536,0.0010468797991052,0
0.5134372115135193,-0.9839081168174744,4.629520416259766,0.0054776184260845,-0.0043951082043349,-0.0154312392696738,0,0.0017131731146946,0.00370659166947,-0.0076329293660819,0,-0.1841478645801544,-0.0812040865421295,0.2504076063632965,0,0.0048825433477759,-0.0020710912067443,0.0466395132243633,0,0.649121105670929,-0.2941480576992035,2.4391627311706543,1,0.0209607295691967,-0.0007153258193284,-0.0044450559653341,0,0.0036070386413484,-0.0054148016497492,-0.0035881786607205,0,0.013808405958116,-0.6098433136940002,1.8982243537902832,1,-0.0019855762366205,0.010177063755691,0.0261835176497697,0
0.1175202280282974,-0.1031739488244056,5.111286163330078,0.0212988462299108,0.0735055431723594,0.6015743613243103,1,-0.1974416971206665,-0.0270971748977899,0.2324106097221374,0,0.0048365723341703,0.0029511803295463,-0.0551200658082962,0,0.145981416106224,-0.2119761258363723,3.483074188232422,1,-0.0117409750819206,-0.0034724643919616,0.0482576750218868,0,0.0132587840780615,-0.0017651875969022,-0.0226379036903381,0,0.1340686678886413,0.0542022697627544,0.8463507294654846,1,1.8726959751802497e-05,0.0067298584617674,-0.0240218732506036,0,0.0072398954071104,0.0037481568288058,0.001398331252858,0
0.3841887414455414,0.4694253802299499,7.46115779876709,-0.0468906201422214,0.0179565753787755,-0.0655249208211898,0,-0.4757509231567383,0.7758899927139282,0.5888960957527161,1,0.0018366744043305,-0.0044049564749002,-0.0029186899773776,0,-0.0084592103958129,0.0131673794239759,-0.0427579283714294,0,0.2749728560447693,0.1857240498065948,6.4277191162109375,1,0.0099033443257212,-0.0071758073754608,0.0148138692602515,0,-0.01261493191123,0.0342692546546459,-0.0797935798764228,0,0.6238560676574707,-0.6172944903373718,0.6491533517837524,1,0.0173355136066675,0.0712934806942939,-0.0284296348690986,0
0.6847267150878906,-0.447722464799881,10.231829643249512,0.3400980830192566,0.233860895037651,0.7438544034957886,1,-1.914177656173706,-1.1569013595581057,4.073674201965332,1,0.0038281066808849,-0.0003882257733494,-0.0466424040496349,0,1.727325677871704,0.4929496645927429,3.4252238273620605,1,-0.2215728461742401,-0.2110417038202285,1.022430419921875,1,0.0107614118605852,0.0085780080407857,-0.0071771168150007,0,0.7303539514541626,0.1776224076747894,1.0458884239196775,1,0.0063375695608556,0.0067164674401283,-0.0374689474701881,0,0.001772416406311,0.0008813345339149,0.0120467087253928,0
0.6066103577613831,-0.6863692402839661,17.03789520263672,-0.0041485684923827,0.0107516860589385,0.0208086054772138,0,0.6973491907119751,-0.6147417426109314,4.716195583343506,1,-0.0030555524863302,0.0151857193559408,0.0085624465718865,0,0.0041717858985066,-0.0033872157800942,0.0336929261684417,0,0.0026911385357379,0.0017703857738524,-0.0649162456393241,0,-1.4234976768493652,0.7908676266670227,5.79206132888794,1,-0.0027954443357884,0.0027860011905431,0.003195327008143,0,0.0028627263382077,0.0077850106172263,-0.0480399429798126,0,1.333032727241516,-0.8973866701126099,6.576333999633789,1
-0.2423384934663772,0.4546637535095215,0.4160501956939697,0.0148797640576958,0.0257202759385108,0.0669672265648841,0,-0.1627823263406753,0.0100728180259466,0.0206206552684307,0,0.0236042942851781,-0.0109783839434385,0.0197911635041236,0,0.0354509018361568,0.0153924478217959,0.0264509469270706,0,-0.0167678706347942,0.0072168465703725,0.2462123185396194,0,0.0007098307833075,0.0006103427731432,0.0002897720551118,0,0.0941185504198074,0.188006967306137,0.047981459647417,0,-0.1647635847330093,0.2154564261436462,0.0542344413697719,0,-0.0667880475521087,0.0031660124659538,-0.0664978101849556,0
-2.753336906433105,1.385575294494629,8.824172973632812,0.9294906258583068,-0.6774147748947144,0.830398440361023,1,-0.5213786959648132,0.5178821682929993,1.2455246448516846,1,0.0076149650849401,-0.0083453059196472,-0.0267599578946828,0,0.3412900269031524,-0.1750977486371994,0.4318287372589111,0,-0.1752248555421829,0.1681235879659652,4.002262115478516,1,0.0926951915025711,0.1589622646570205,1.4587836265563965,1,0.0190216396003961,-0.0066701667383313,-0.0936901047825813,0,-3.479646921157837,1.4032089710235596,0.9987040162086488,1,0.0328010581433773,0.0049263606779277,-0.0228787362575531,0
-0.4084217250347137,-2.0488383769989014,10.96521282196045,0.0229952931404113,0.0107990633696317,0.0117506068199872,0,-0.1532520353794098,-0.9949007630348206,8.568864822387695,1,-0.0036908341571688,-0.0104261487722396,-0.0632537379860878,0,0.0043891076929867,-0.0002152729430235,0.0042879655957221,0,0.6740232706069946,-1.504421949386597,1.09345543384552,1,0.0239206086844205,0.0139759285375475,0.0384315028786659,0,0.0077269100584089,0.0670855417847633,0.0088138114660978,0,-0.0771810039877891,0.0505915507674217,-0.0535336285829544,0,-0.9073530435562134,0.3186739087104797,1.3563967943191528,1
-0.0708730220794677,-0.5398089289665222,3.9560022354125977,0.0060325637459754,0.0084547754377126,-0.0204595178365707,0,0.4587695002555847,-0.7468265295028687,3.0621442794799805,1,-0.0008321839268319,0.0106064919382333,-0.0435195416212081,0,0.0060646766796708,0.0072304951027035,-0.0217819511890411,0,0.1798553466796875,-0.2880807518959045,-0.1019553616642952,0,-0.0729211345314979,0.0619369931519031,0.2523493766784668,0,-0.0027031602803617,-0.0375013649463653,-0.0606313347816467,0,-0.0557050593197345,0.1595096141099929,0.0055041792802512,0,-0.5894335508346558,0.2848613262176513,0.8843520283699036,1
-0.0247161239385604,0.3544704020023346,5.53226375579834,0.0224942248314619,0.0016065349336713,-0.0382881127297878,0,-0.0399531237781047,0.1324531733989715,0.0522705428302288,0,-0.8571194410324097,0.5660238862037659,2.385279417037964,1,0.0065357568673789,0.0032589172478765,-0.0110890325158834,0,0.2968861758708954,0.1089820191264152,1.2566887140274048,1,-0.8798537254333496,-0.3449898958206177,1.4247989654541016,1,0.0095031457021832,-0.0125442259013652,-0.0625369176268577,0,1.448654055595398,-0.1639455258846283,0.4768006801605224,0,-0.031863197684288,0.0636254623532295,0.0483391173183918,0
2.099219799041748,0.4040805697441101,13.250298500061035,0.0082583231851458,0.0054125166498124,-0.0137115390971302,0,0.3870623707771301,0.5436798930168152,0.8379049301147461,1,-1.5642014741897583,-0.7559818029403687,3.259746789932251,1,0.0060184528119862,-0.0004966698470525,0.0213421266525983,0,2.453255414962769,1.0004560947418213,3.147489070892334,1,-0.3089868426322937,-0.2447786629199981,2.3697669506073,1,0.0003778954851441,-8.635917765786871e-05,-0.0043889954686164,0,1.343903660774231,0.0031334762461483,2.114907503128052,1,-0.2264678180217743,-0.147257849574089,1.5172412395477295,1
-1.7700142860412598,8.233884811401367,18.05963706970215,0.0020075910724699,0.0143512822687625,-0.0131173860281705,0,0.1796115785837173,0.203331783413887,0.2234226167201995,0,-4.310843467712402,5.421555995941162,6.2444748878479,1,0.0009887107880786,-0.0026042768731713,0.0030161354225128,0,1.1326051950454712,1.7738189697265625,5.956613540649414,1,-0.4047576785087585,-0.2412121444940567,1.8635941743850708,1,0.0019382530590519,0.0861632153391838,-0.0434045828878879,0,1.6112444400787354,0.9495833516120912,3.8422679901123047,1,0.017191395163536,0.0288973301649093,-0.0172288250178098,0
1.3394873142242432,1.4311480522155762,12.41372013092041,-0.0112694557756185,0.0056133163161575,0.0111627178266644,0,0.104135051369667,0.1535824984312057,0.0835233405232429,0,-1.5523654222488403,-0.3090696334838867,2.733290910720825,1,-0.0048948191106319,0.000596241094172,-0.052925806492567,0,2.061892509460449,1.5127748250961304,3.46599555015564,1,-0.3587600588798523,-0.083681471645832,2.5044033527374268,1,0.0069809928536415,-0.0134641854092478,-0.0280970484018325,0,1.3999121189117432,0.2998164594173431,2.5618643760681152,1,-0.3061434626579284,-0.1350200474262237,1.1345030069351196,1
1.8326224088668823,0.3035309910774231,17.34364128112793,0.0582142174243927,0.2109695971012115,0.1411456614732742,0,-0.7395970821380615,-1.1142719984054563,4.029440879821777,1,-0.001398867345415,0.0046717943623661,0.0019923294894397,0,1.5582047700881958,0.4848044812679291,8.702549934387207,1,-0.0053217308595776,0.0059559596702456,0.0050671771168708,0,-0.0141130769625306,-0.0002907972957473,-0.0037196003831923,0,0.9755789041519164,0.6989812850952148,4.406127452850342,1,-0.0002384071704,-0.0007716527325101,0.0291231907904148,0,0.0012937585124745,0.0134823340922594,0.0319130830466747,0
0.1335204839706421,-0.5182077884674072,5.205938816070557,-0.0155408550053834,0.0062047033570706,-0.0042625591158866,0,-0.0034745107404887,0.0174439921975135,0.0004119607037864,0,-0.4335178434848785,0.0749515742063522,0.8808286190032959,1,0.0044377474114298,-0.0072602899745106,0.0044877072796225,0,-0.0026562898419797,0.0178024806082248,-0.0035774866119027,0,-0.2056470364332199,-0.365143358707428,2.5184521675109863,1,0.0167109053581953,-0.0631472095847129,0.1006476283073425,0,-0.0076536005362868,0.0444282889366149,-0.0091886473819613,0,0.7808619737625122,-0.2434879392385482,1.7181392908096311,1
1.29338800907135,-0.3865551054477691,10.930963516235352,0.3815063238143921,0.2157180905342102,2.138535976409912,1,-0.2235972583293914,-0.1132955476641655,0.7416032552719116,1,0.0020769031252712,-0.0067122727632522,-0.0469122715294361,0,1.7441725730895996,-0.2499840408563614,4.086695671081543,1,-0.2518271207809448,0.0222238264977931,0.4614472687244415,0,0.0160988140851259,0.0034061190672218,-0.001698575913906,0,-0.1002531945705413,-0.2308187931776046,2.999464988708496,1,-0.2780507504940033,-0.0305409468710422,0.549682080745697,1,0.003261741483584,0.0034484642092138,0.0021451311185956,0
0.1611408144235611,-0.7761107087135315,15.539066314697266,-0.0219020061194896,0.0128669831901788,0.0410750769078731,0,-1.0424456596374512,-0.1031042784452438,8.896512985229492,1,-0.0056585762649774,0.0155413709580898,-0.0073763849213719,0,-0.0050581768155097,-0.0067848353646695,-0.0522074736654758,0,1.231338381767273,-0.6890922784805298,6.701608657836914,1,0.0072417077608406,-0.0012727092253044,-0.0371927469968795,0,-0.0008987096953205,0.0006853393279016,-0.0045274551957845,0,-0.0052485661581158,-0.0017181460279971,0.0088065546005964,0,0.0037724033463746,-0.0032321086619049,-0.0076325573027133,0
1.5516656637191772,2.263754606246948,10.359984397888184,0.0798679441213607,0.0123279998078942,0.0024042942095547,0,0.8298923969268799,2.155750036239624,4.901911735534668,1,0.0273420102894306,0.0056794160045683,0.0448600575327873,0,0.2705206274986267,0.0423348285257816,0.2924211621284485,0,0.0502170249819755,0.0104469526559114,4.339608669281006,1,0.0013167728902772,0.0057228556834161,0.0049182381480932,0,0.3298614025115967,0.0797148123383522,0.6971874237060547,1,-0.0823968201875686,-0.0029263843316584,0.0142258061096072,0,0.045044295489788,-0.0452957451343536,0.0624474994838237,0
0.4182949066162109,0.5486988425254822,4.966035842895508,-0.0117542622610926,-0.0003513928095344,-0.0020486961584538,0,1.0004466772079468,0.3202178478240967,0.3726240992546081,0,-0.0036205861251801,0.0072524538263678,-0.0391622669994831,0,0.0078755607828497,-0.0116916093975305,0.1272248476743698,0,0.8726130127906799,0.1797448843717575,1.7719076871871948,1,-0.4063904583454132,0.0421149730682373,1.1122149229049685,1,0.0014198584249243,-0.0009963463526219,-0.0009523431654088,0,0.3425729870796203,-0.0197152495384216,0.5346444845199585,1,-1.3848679065704346,0.0321232788264751,1.0895828008651731,1
-0.3366722762584686,-0.0726015791296958,4.172939300537109,0.0181134287267923,-0.0175069086253643,0.0239474363625049,0,-0.6694223284721375,-0.0716481953859329,0.5211079120635986,1,2.659576421137899e-05,-5.721352863474749e-05,-0.0108484989032149,0,0.2275058776140213,0.0846938416361808,1.4739326238632202,1,-0.0005060330731794,0.0217652264982461,0.0083191562443971,0,0.0040548723191022,-0.0038495403714478,0.0007411730475723,0,0.0840418189764022,-0.0430128425359725,2.21573257446289,1,0.0100821135565638,-0.0374800451099872,-0.067345455288887,0,-0.0105685796588659,-0.0055058952420949,0.0073526222258806,0
0.6654417514801025,-0.1107397004961967,12.660093307495115,-0.0014128874754533,0.01133235078305,-0.0182986594736576,0,-0.0021819677203893,0.0432000383734703,-0.1151899248361587,0,-0.0898443534970283,0.2041607052087783,1.40004301071167,1,-0.0031982525251805,-0.0064735407941043,-0.0044928267598152,0,0.9820219278335572,1.1590744256973269,4.614245891571045,1,0.0127054126933217,0.0041642962023615,0.0125240720808506,0,0.0022575375624001,0.0650835633277893,-0.0016113563906401,0,-0.2178889662027359,-1.5795317888259888,6.803253173828125,1,-0.0170166660100221,-0.011749854311347,-0.0303804203867912,0
0.5412769913673401,-1.6958844661712646,16.02461814880371,0.4231966733932495,-0.6698086261749268,3.008460521697998,1,-0.5918197631835938,0.3437319695949554,0.4655438065528869,0,-0.0015193987637758,-0.0254796799272298,-0.0043082437478005,0,0.4561775028705597,-0.4447294473648071,1.3245846033096311,1,0.0407220087945461,-0.1546380370855331,4.251300811767578,1,0.0148131642490625,-0.0059413569979369,0.0303543601185083,0,1.7442842363379896e-05,0.0495794489979743,-0.0335590541362762,0,0.1968128681182861,-0.828589916229248,7.062145233154297,1,0.0028764910530298,0.0399911291897296,-0.0799052938818931,0
0.6153753995895386,1.5685452222824097,5.090899467468262,0.0059798681177198,-0.0027917011175304,-0.0325397700071334,0,0.0075433631427586,0.0102373771369457,-0.0200780425220727,0,-0.0051708430983126,-0.0088712777942419,0.0125252036377787,0,-0.0039207097142934,0.0046941135078668,-0.0048896227963268,0,0.9261988401412964,0.6483063101768494,0.8282903432846069,1,-0.1338435262441635,0.3226715922355652,1.0787389278411863,1,-0.0015792148187756,-0.0008672151598148,-0.0194940697401762,0,0.4804973304271698,0.1384308040142059,0.6280986666679382,1,-0.6603296995162964,0.4567351043224334,2.620247840881348,1
1.3401930332183838,-1.7325295209884644,18.339035034179688,0.0288766976445913,0.0128627475351095,-0.0068832538090646,0,1.1280561685562134,1.504034399986267,4.564200401306152,1,-0.0599026270210742,0.0043953577987849,0.5457589030265808,1,0.0068516191095113,-0.0032426624093204,-0.0347759053111076,0,-0.1020729020237922,-3.738905906677246,8.60672378540039,1,0.0220885388553142,-0.0027496460825204,0.0415399931371212,0,0.3076388537883758,0.4781235158443451,4.7065749168396,1,0.0088066272437572,-0.0428623631596565,-0.0815886706113815,0,-0.0001498934434494,0.0558149740099906,-0.0025160359218716,0
-0.1750382483005523,-0.0514574721455574,1.2224313020706177,0.049964640289545,-0.0160102099180221,0.1182431727647781,0,-0.3837044239044189,-0.085868515074253,0.4126565158367157,0,-0.0363826006650924,0.0027359637897461,-0.0317511335015296,0,0.1100675091147422,0.0158391073346138,0.1447009146213531,0,-0.0719406604766845,-0.0461906641721725,0.2220645397901535,0,-0.0078429942950606,-0.0008604128961451,-0.004840079229325,0,0.1538411378860473,0.1773608326911926,0.073202334344387,0,-0.0102330800145864,-0.0947259217500686,0.2151240110397339,0,0.0211922004818916,-0.0037376640830188,0.0730311125516891,0
1.822148561477661,0.0886306166648864,16.728879928588867,2.810588836669922,-1.260408639907837,9.440485000610352,1,0.0128592178225517,0.0094325300306081,0.0192646589130163,0,0.0024009423796087,-0.0093997530639171,-0.0484797209501266,0,1.0114829540252686,-0.6155201196670532,3.5747087001800537,1,-0.3120281100273132,0.6085582375526428,0.2965262830257416,0,0.005579290445894,0.0141739752143621,-0.0190471578389406,0,0.0707037821412086,-0.0643724501132965,0.1877571940422058,0,-1.772933840751648,1.4098457098007202,3.2833755016326904,1,-0.0065041813068091,-0.0036788613069802,-0.0057096751406788,0
-0.5125184655189514,-1.843653678894043,12.891069412231444,0.0111330850049853,-0.0038343118503689,-0.0386135354638099,0,0.82932049036026,0.1440405994653701,1.176494836807251,1,-3.3881871700286865,-2.6402482986450195,5.950016498565674,1,-0.001743538537994,0.0039778756909072,-0.0018983224872499,0,1.8677805662155151,0.3140254914760589,3.513465642929077,1,-0.1685650497674942,0.0473550036549568,1.2609649896621704,1,-4.424841972650029e-05,-0.001898695831187,-0.017080582678318,0,0.4468937218189239,0.2029952108860016,0.7309277057647705,1,-0.1091063693165779,0.0899337008595466,0.3167918920516968,0
1.0406569242477417,-0.073759339749813,9.752697944641112,-0.0416200347244739,-0.0184825025498867,0.0005784524837508,0,0.1279758960008621,1.012969970703125,0.538975715637207,1,0.0012400931445881,0.0098151033744215,0.002089726505801,0,-0.0062080197967588,-0.0020891856402158,0.0002648494846653,0,0.7437267303466797,-0.5173036456108093,8.450201034545898,1,0.0114213731139898,0.0030939665157347,-0.0157906431704759,0,-0.0078824907541275,0.0094493106007575,0.0091497162356972,0,0.2119312882423401,-0.5683852434158325,0.8215744495391846,1,7.216088124550879e-05,-0.0028271868359297,-0.0543441288173198,0
-0.6622244715690613,2.035274744033813,16.535608291625977,1.0086675882339478,-0.0717341005802154,0.953522562980652,1,-0.2841308414936065,0.9734739661216736,2.2040536403656006,1,0.0400685369968414,-0.026724936440587,0.2841255068778991,0,0.5973373055458069,-0.0318969599902629,0.9136951565742492,1,-0.6728543639183044,0.4640915095806122,7.491356372833252,1,0.1800594478845596,0.1047363206744194,2.514962911605835,1,0.0025585703551769,0.0156205119565129,0.0216791648417711,0,-1.5696512460708618,0.5703985691070557,1.9433714151382449,1,0.0357205905020237,0.0373099818825721,0.2088415622711181,0
1.75770902633667,0.4963882565498352,11.780696868896484,3.177820444107056,-1.016180396080017,4.391661643981934,1,0.0024529115762561,-0.0162622034549713,0.0110220899805426,0,0.000659690471366,-0.010443246923387,-0.0534403137862682,0,1.8869425058364868,-0.5151845812797546,1.5682199001312256,1,-1.1918559074401855,0.8232063055038452,1.4731674194335938,1,-0.0089647099375724,-0.0129987886175513,0.0057788775302469,0,0.6131777167320251,-0.1863410919904709,0.66822350025177,1,-2.7230629920959477,1.4345189332962036,3.737955331802368,1,0.0005397434579208,-0.0039266813546419,-0.0218916293233633,0
1.5133395195007324,0.913763165473938,11.450971603393556,0.0015993594424799,-0.0001086056508938,0.0049340934492647,0,0.893622875213623,0.4981268048286438,1.0386083126068115,1,-0.4242888391017914,-0.0205243416130542,0.7412968873977661,1,-0.0031069261021912,0.0402747727930545,0.7313883900642395,1,1.4042246341705322,0.382080465555191,3.0359325408935547,1,-0.7567275166511536,0.1027259454131126,2.983337163925171,1,0.0016037367749959,-0.0051744822412729,-0.0075649353675544,0,1.0937057733535769,-0.0337775908410549,1.710275173187256,1,-0.6972935199737549,-0.049859844148159,1.212762475013733,1
0.6595723628997803,-0.493111103773117,16.458057403564453,-0.0030067770276218,0.0054797148331999,0.0055953050032258,0,-0.0217115096747875,0.0669769495725631,1.9450119733810425,1,-0.002330403542146,0.0053258002735674,0.020615667104721,0,0.0017490767640993,-0.0003401805879548,-0.0156941022723913,0,0.5618276596069336,0.1743798404932022,8.479612350463867,1,0.0108974566683173,0.0014945423463359,-0.0604451298713684,0,0.0032442891970276,-0.0028332450892776,-0.0102831674739718,0,0.1064760908484458,-0.7496649026870728,6.092895030975342,1,0.002426485531032,0.0060703656636178,0.0007489849813282,0
1.0499011278152466,0.61777663230896,7.114028930664063,0.0137828486040234,-0.0037329071201384,-0.0241058152168989,0,1.561353325843811,0.3616159558296203,0.2422215938568115,0,0.0264551900327205,-0.0111705502495169,0.0190919656306505,0,-0.0009589414112269,0.0118758091703057,0.4081127345561981,0,1.2088234424591064,0.0163274444639682,2.5348174571990967,1,-0.3475983440876007,0.1525570452213287,1.7072880268096924,1,0.0092602521181106,-0.0046208873391151,-0.0119660012423992,0,0.1702039688825607,-0.0568691380321979,1.1173487901687622,1,-1.5914205312728882,0.1517938673496246,1.121220588684082,1
0.7370904088020325,3.275571584701538,5.081480026245117,-0.0077762184664607,-0.0244688298553228,0.036781907081604,0,0.2840352356433868,1.457335114479065,4.562139511108398,1,-0.0258863866329193,-0.0106233470141887,-0.0651659965515136,0,-0.0090298177674412,0.0128505965694785,-0.0125336926430463,0,-0.2600878775119781,-0.0391142331063747,0.7324085235595703,1,0.0021096221171319,-0.0037400505971163,-0.0208978317677974,0,0.8131031394004822,1.8202134370803835,0.0157070625573396,0,-0.0168041866272687,0.0084582464769482,-0.0993132218718528,0,-0.0425731018185615,0.054660614579916,-0.0676459744572639,0
-4.637205123901367,5.071137428283691,15.489561080932615,0.0359829701483249,-0.0084492964670062,0.0274459719657897,0,0.5218878388404846,0.2023945599794387,1.042038083076477,1,-5.8029465675354,6.71640682220459,4.538110256195068,1,-0.00344691099599,0.0033091404475271,0.0159214325249195,0,1.142464518547058,0.9200751185417176,3.61236023902893,1,-0.6395696997642517,-0.4757028222084045,2.70943021774292,1,0.0062878327444195,-0.0537770204246044,0.0392774939537048,0,1.842887043952942,0.3279955983161926,0.8617017865180969,1,-1.740752100944519,-2.561114549636841,2.643275022506714,1
-0.7945083379745483,-0.1638373285531997,15.80589485168457,0.2719593346118927,-0.2026101350784301,1.160108208656311,1,-0.7693524360656738,0.1387010961771011,2.853250026702881,1,0.0090244859457015,-0.0175769235938787,0.0144554655998945,0,0.4560182690620422,-0.3064517676830292,1.691368818283081,1,0.4196950495243072,0.3991491496562958,6.171685695648193,1,0.0112341037020087,0.0074987323023378,0.0171814188361167,0,0.0334006361663341,-0.089827761054039,0.1097756028175354,0,-1.263566970825195,-0.115514799952507,3.781975507736206,1,0.0370792187750339,0.0227950681000947,0.0060952547937631,0
0.7815433740615845,0.4538978338241577,8.786596298217773,0.0115591594949364,0.0069801015779376,0.0342853553593158,0,0.0773451179265976,0.208048328757286,-0.1097350642085075,0,-0.1298682689666748,0.2668823003768921,4.580865383148193,1,0.0009826041059568,-0.0003604046069085,0.0188071932643651,0,-0.01106599252671,0.0154338218271732,-0.0418290942907333,0,0.1317968666553497,-0.1260191947221756,2.039808988571167,1,-0.012106860987842,-0.0006802136776968,-0.0101922182366251,0,-0.0171765238046646,0.0177436247467994,-0.0521072596311569,0,0.7300772666931152,0.0658694729208946,2.326692819595337,1
0.7906498312950134,0.5766549110412598,6.431008815765381,0.0017721521435305,-0.0052393935620784,0.0231246370822191,0,0.0103305801749229,0.0124973403289914,-0.0128503954038023,0,-0.0679972171783447,0.0812447592616081,0.2184519171714782,0,-0.0005885780556127,0.0009784295689314,-0.0259473882615566,0,1.0076824426651,0.4891585111618042,1.6096817255020142,1,-0.1541575640439987,0.0995393395423889,1.3168597221374512,1,-0.005546627100557,0.0044818399474024,-0.0017110486514866,0,0.5645376443862915,-0.0679932311177253,1.2296890020370483,1,-0.5653830170631409,-0.0380126684904098,2.0737109184265137,1
-0.0089482106268405,-0.0291709434241056,22.00603675842285,-0.0084462333470582,0.0212338417768478,0.009057393297553,0,0.0206091534346342,-0.4388177096843719,7.118151664733887,1,-0.0032114663626998,-8.133221854222938e-05,-0.0110720479860901,0,0.0055841668508946,-0.0004952832241542,0.0333101823925972,0,0.0485272742807865,0.0660770982503891,8.533441543579102,1,0.0158243011683225,0.016818692907691,-0.0552743300795555,0,-0.0109195467084646,-0.0013187566073611,0.0270267277956008,0,-0.0779361799359321,0.3059373199939728,6.372148990631104,1,0.0010203239507973,0.0014751716516911,-0.0207540243864059,0
1.4433791637420654,-0.1638924479484558,19.3481559753418,0.2346564531326294,-0.0752125903964042,8.827317237854004,1,-0.0072489092126488,0.0128112761303782,-0.0505497530102729,0,0.0058248033747076,-0.0050090574659407,-0.0059351520612835,0,0.0567406564950943,-0.0903891697525978,0.1068478375673294,0,-1.023598313331604,1.6498032808303833,1.5799204111099243,1,0.003108459059149,0.0195983909070491,-0.038773201406002,0,0.001054621534422,-0.0070247827097773,-0.0154140889644622,0,2.180928468704224,-1.6666136980056765,8.976386070251465,1,-0.0080872010439634,-0.0018560296157374,-0.0316430628299713,0
1.2550796270370483,0.1180128753185272,11.294721603393556,0.1457042843103408,0.1685875356197357,0.9683517813682556,1,0.4792172908782959,0.2834467887878418,0.2465981692075729,0,0.0010592836188152,0.0111505789682269,-0.0104878321290016,0,0.324946641921997,-0.1373806893825531,0.9021356701850892,1,0.4183740019798279,0.1827223747968673,4.0946807861328125,1,0.0076291901059448,0.004526350647211,-0.0034083330538123,0,-0.0008481218246743,-0.0378986299037933,-0.0624831952154636,0,-0.1032593995332717,-0.3546912372112274,5.164497375488281,1,-0.017743432894349,-0.0024501953739672,-0.0051632216200232,0
0.366841584444046,0.2847089767456054,7.405407905578613,-0.0141417626291513,-0.0021167884115129,-0.0066190748475492,0,0.0015167898964136,-0.0079124718904495,0.0013967759441584,0,0.0037709211464971,0.0008190645603463,-0.0028054842259734,0,0.6295481324195862,-0.1024734228849411,6.442088127136231,1,-0.0035110036842525,0.0308607742190361,0.0282922405749559,0,-0.0007576928474009,-0.0021475153043866,-0.0078521994873881,0,0.0533354319632053,-0.0137672321870923,0.0292445812374353,0,-0.2991617321968078,0.3846533000469208,0.9214674830436708,1,-0.0037574986927211,-0.0032067387364804,0.0001953174360096,0
-0.9053592085838318,1.06986665725708,5.000756740570068,0.0682975947856903,1.2529854774475098,1.4501574039459229,1,-0.3558429479598999,-0.261189192533493,1.2589656114578247,1,-0.0022532281000167,0.0018187288660556,0.0362594798207283,0,-0.617382824420929,0.0574478693306446,2.284025192260742,1,-0.0025924765504896,0.0037260830868035,-0.0195225309580564,0,0.0036882823333144,-0.0035028052516281,-0.0079056685790419,0,0.0012858031550422,0.0008932993514463,-0.0040889498777687,0,0.0005767263937741,0.0046540256589651,-0.0015991039108484,0,-0.0011361297219991,0.0130331302061676,0.004465527832508,0
0.6177269220352173,-1.5884970426559448,13.98776149749756,0.0433232262730598,-0.0373463705182075,0.1229055449366569,0,-0.5661253929138184,-0.40278360247612,3.007894277572632,1,0.001892301486805,-0.023398058488965,-0.0132064269855618,0,0.2145315408706665,-0.0735032185912132,0.2156930416822433,0,0.7590287327766418,0.0787225812673568,5.202558517456055,1,0.0071025881916284,-0.0004477415059227,-0.0262872297316789,0,0.0084185898303985,-0.0349534936249256,0.0289936047047376,0,0.1710741817951202,-1.1326518058776855,5.486225605010986,1,-0.0215188022702932,0.0378646925091743,-0.0370150171220302,0
0.9429095983505248,-0.8937102556228638,12.531143188476562,-0.0490093268454074,0.0242434088140726,-0.0754797756671905,0,-1.7559747695922852,0.1400125473737716,4.128113269805908,1,-0.0027069400530308,-0.0137274945154786,-0.0186891518533229,0,-0.0136186871677637,0.0106360288336873,-0.0435119345784187,0,0.5436753034591675,-0.2035944312810897,6.134615421295166,1,0.0169446319341659,-0.0011468532029539,0.0286774151027202,0,-0.0095604825764894,0.1249831467866897,-0.0852999612689018,0,2.1948225498199463,-1.0445767641067505,2.4947710037231445,1,0.0183372534811496,0.0694601759314537,-0.0320526398718357,0
0.537043571472168,-0.6475797295570374,5.021810531616211,0.0093660177662968,-0.0072232247330248,-0.0223455261439085,0,-0.4646131694316864,-0.6961914896965027,2.2958078384399414,1,0.0043875505216419,0.014451035298407,0.01253308262676,0,0.2566632032394409,0.0307760573923587,0.4557053446769714,0,0.0082912491634488,0.0031633907929062,-0.0708104595541954,0,-0.0009040879085659,-0.0012848468031734,-0.0061306557618081,0,0.7128434181213379,-0.0076967752538621,2.334714412689209,1,0.008889845572412,0.0026341623160988,-0.0034273634664714,0,0.0021195258013904,0.0137918982654809,0.0257638972252607,0
2.760155439376831,1.338060975074768,10.785229682922363,0.5112056136131287,0.8072608113288879,0.7988926768302917,1,-0.1247418969869613,0.1448317915201187,0.2602518200874328,0,0.0060767489485442,-0.0143410824239254,-0.0457063019275665,0,2.246640920639038,0.3228408992290497,2.2013957500457764,1,-0.3998639285564422,0.2787676155567169,1.378526210784912,1,0.0033837801311165,0.0030789277516305,-0.012207493185997,0,1.3785430192947388,-0.1250980794429779,3.305857419967652,1,-0.8612158298492432,-0.0782279446721077,2.9047884941101074,1,0.0001268503110622,-0.0010519169736653,-0.006568070501089,0
-1.2929892539978027,0.5702110528945923,10.20476531982422,0.006484224461019,0.0060224938206374,0.0055375844240188,0,-0.0054704309441149,0.0194192100316286,-0.0458750165998935,0,-1.6518733501434326,-1.4959959983825684,3.1625750064849854,1,-6.780216790502891e-05,-0.0003303379053249,-0.0375826768577098,0,0.3632435500621795,2.051907539367676,7.12383508682251,1,0.0060059656389057,-0.0048234560526907,-0.0112696746364235,0,-0.0055192178115248,0.0079264100641012,0.0238471254706382,0,-0.0021465064492076,-0.0046338457614183,0.0102306911721825,0,-0.0036456082016229,-0.0092809367924928,-0.0265344604849815,0
2.963815689086914,2.3809075355529785,12.549637794494627,0.0984105765819549,0.0449951067566871,0.5617781281471252,1,0.0402813479304313,0.0267080459743738,-0.2074455022811889,0,-0.0002006736322073,0.0142902620136737,-0.0238175019621849,0,-0.0003780912666115,-0.0023063670378178,-0.0140100019052624,0,1.425937294960022,2.476773500442505,8.76894474029541,1,0.0061342995613813,0.0060695973224937,0.0130950892344117,0,0.0009553519194014,-0.0128866015002131,-0.0163108576089143,0,1.3517698049545288,-0.1726055443286895,3.48722767829895,1,0.0409059934318065,-0.0001305864570895,-0.0198236852884292,0
0.8423172831535339,-1.3160786628723145,13.39913845062256,-0.0045922906138002,0.0056003769859671,0.0089217983186244,0,0.2179072946310043,-0.9767404198646544,5.596615314483643,1,0.0106649342924356,-0.0307390876114368,-0.0274861250072717,0,0.0020202884916216,-0.0008204873884096,-0.0030598908197134,0,0.345110148191452,0.0838401168584823,5.460608005523682,1,0.0230024438351392,0.0174758452922105,0.0273702424019575,0,-0.0016061281785368,0.0282720159739255,0.0265352670103311,0,0.2287673950195312,-0.516270637512207,2.3347420692443848,1,0.0210431739687919,0.0733036026358604,-0.0251071415841579,0
0.6805142164230347,-1.0418224334716797,8.850359916687012,-0.3220339119434356,0.0859501436352729,0.1574547886848449,0,0.0798316672444343,-0.0634037107229232,-0.0043699303641915,0,-0.0026682512834668,-0.0131332380697131,-0.0053133238106966,0,0.8267030715942383,-0.8958626985549927,8.249869346618652,1,-0.0142346890643239,0.0359115973114967,0.0825327113270759,0,0.01135656516999,0.0123253939673304,0.0321355089545249,0,0.2395111620426178,-0.0885561630129814,0.2483816146850586,0,-0.0845376178622245,-0.1469916105270385,0.1034642159938812,0,-0.0534138865768909,0.0319378636777401,-0.0137958899140357,0
0.011435080319643,-0.306990772485733,4.157195091247559,-0.0209304690361022,0.0050775581039488,0.020375158637762,0,-0.010436413809657,0.0011503593996167,-0.0185259487479925,0,-0.9718180894851683,-0.5264061093330383,2.26904296875,1,-0.0004841689078602,-0.0055773612111806,0.0084263803437352,0,0.1767205595970153,0.0787219926714897,0.1984293013811111,0,-0.2356552630662918,-0.1215057745575904,0.5313270092010498,1,-0.0032327848020941,-0.000946833519265,-0.0012894764076918,0,1.081006646156311,0.2736707627773285,1.1891887187957764,1,-0.0037347781471908,-0.0111753465607762,-0.0397792756557464,0
0.976770043373108,-0.5703546404838562,14.407269477844238,0.1570430248975753,0.0228397604078054,0.0747220069169998,0,-0.9354233145713806,-1.127511739730835,6.294673442840576,1,-0.0073158564046025,-0.0090570701286196,0.0592718124389648,0,1.3472352027893066,-0.0499474927783012,2.864442586898804,1,-0.4572468996047973,0.1894686967134475,2.447612762451172,1,0.0080719534307718,0.009199489839375,-0.0364408269524574,0,0.8481800556182861,0.3781933486461639,2.719435214996338,1,0.0192771852016448,0.0053862403146922,-0.0304109081625938,0,-0.0030512600205838,0.0110740987583994,0.0139624318107962,0
0.0951857343316078,-0.2196243554353714,7.917085647583008,0.0104305138811469,-0.0048839380033314,-0.0092739788815379,0,-0.0830564647912979,-0.0390646159648895,2.8306164741516118,1,-0.0018453246448189,-0.002894994104281,0.0065470770932734,0,0.0063622598536312,-0.002493169857189,-0.0043107089586555,0,0.0319140963256359,-0.0680296421051025,3.66347599029541,1,0.0156068848446011,0.0083010531961917,-0.0400360748171806,0,0.0165032800287008,-0.0047969301231205,-0.0053667379543185,0,0.1016143187880516,-0.1043011248111724,1.4728978872299194,1,-0.0023438369389623,-0.0014609820209443,0.0025357042904943,0
-0.0836931988596916,-1.3831727504730225,7.624539852142334,0.0295545980334281,-0.0072474484331905,-0.0215176306664943,0,-0.1400383561849594,-0.870072603225708,4.049910545349121,1,0.0023388527333736,-0.0057090572081506,-0.0293599031865596,0,-0.0014588891062885,0.0018201837083324,-0.0313659869134426,0,0.4303301870822906,-0.525550901889801,1.0437240600585938,1,-0.2300528585910797,0.0237114056944847,0.8030198216438293,1,-0.0123863173648715,-0.0307359267026186,-0.0645292177796363,0,-0.0112633416429162,-0.0643254742026329,-0.0159329827874898,0,-0.1507170796394348,0.0949370041489601,1.890591263771057,1
0.1579585969448089,-3.0621490478515625,12.869264602661133,0.0372103862464427,0.0139835150912404,-0.0313971824944019,0,0.6325996518135071,-1.234240174293518,1.174608826637268,1,0.0004745718324556,-0.0050372462719678,-0.0059117930941283,0,0.0147622665390372,-0.0009139580652117,-0.0188120920211076,0,0.0113067841157317,0.0106552094221115,0.0906478762626648,0,-0.5606006979942322,-0.5040187239646912,4.519024848937988,1,0.0054966700263321,-0.0425510965287685,0.0249439757317304,0,0.0489496886730194,-0.0494744032621383,0.0924475789070129,0,-0.032240729779005,-1.2505522966384888,7.023713111877441,1
-0.2318325638771057,0.027538675814867,8.735654830932617,-0.0077624786645174,-0.1951605528593063,3.5950183868408203,1,-0.115832507610321,0.0798697248101234,0.0056620193645358,0,0.0043353368528187,-0.0218248926103115,0.0145766427740454,0,0.4683606028556824,-0.301129400730133,2.137748003005981,1,-0.0922045335173606,0.1103410795331001,0.6641192436218262,1,0.0001586775470059,-0.0072841010987758,-0.0016784927574917,0,-0.0010236721718683,0.1490522772073745,-0.0254716910421848,0,-0.456720232963562,0.2440032809972763,2.3214282989501958,1,-0.031143732368946,-0.0303287319839,0.0242520999163389,0
0.6826455593109131,-0.3301882147789001,18.701215744018555,0.0175559688359498,-0.0041780532337725,-0.0351363345980644,0,0.3958276212215423,0.9075454473495485,7.509883403778076,1,-0.0026404839009046,-0.01794252730906,-0.04147744551301,0,0.0727913901209831,0.0617874898016452,0.0052470420487225,0,-0.6651496887207031,-1.5524332523345947,3.825350761413574,1,0.0148525070399045,0.0089350640773773,-0.0120741855353116,0,0.8484041690826416,0.2621560096740722,7.476086616516113,1,0.0020358131732791,0.0012507431674748,-0.0170362871140241,0,-0.001031735446304,0.0026908395811915,-0.0096257152035832,0
2.091383695602417,-0.4198017418384552,16.97589111328125,0.2028332650661468,-0.256182461977005,0.6640922427177429,1,0.0845254063606262,-0.0318400263786315,-0.0141606871038675,0,0.0031599146313965,-0.0097411256283521,-0.0203120857477188,0,0.001334038679488,0.0030671923886984,-0.0170281901955604,0,0.538411557674408,1.2112150192260742,8.949406623840332,1,0.0160442031919956,0.0013752094237133,0.0307504814118146,0,0.0077562904916703,-0.0505500324070453,-0.02489810064435,0,1.2498596906661987,-1.309967875480652,7.430809020996094,1,-0.0125406729057431,0.0228223986923694,-0.0227677654474973,0
0.0783866569399833,-0.3503709733486175,7.591392993927002,-0.0031210214365273,0.0088831391185522,-0.0164443124085664,0,0.0045928969047963,-0.0146796703338623,0.0171054117381572,0,0.9522843956947328,0.3953465819358825,1.2965446710586548,1,0.0054659051820635,0.0096464036032557,0.0138129573315382,0,0.0090153785422444,0.0099641932174563,-0.0866318866610527,0,-0.8918120861053467,-0.7654074430465698,4.708639144897461,1,0.005702368915081,-0.0045799110084772,-0.0081108529120683,0,-0.0026806413661688,0.0083633987233042,1.6814981698989868,1,-0.0010605615098029,0.0020922916010022,-0.0150199858471751,0
0.2607571482658386,-0.4586812257766723,6.0304694175720215,-0.0065627968870103,0.0342667661607265,-0.0507907643914222,0,0.0260661374777555,0.0153621230274438,-0.0322079695761203,0,0.5015474557876587,0.1251120865345001,1.8128639459609983,1,0.0069174459204077,-4.29342471761629e-05,-0.001279697753489,0,0.026500092819333,0.0029941159300506,0.077012650668621,0,-0.3281042277812958,-0.6192741394042969,4.372668743133545,1,-0.024194449186325,-0.0287264995276927,-0.0896497815847396,0,0.0674408674240112,0.0007599266828037,0.0160579644143581,0,-0.0088533777743577,0.0108673078939318,-0.074205681681633,0
0.3297587633132934,-0.9442908763885498,4.748990058898926,0.0410656258463859,-0.0144444173201918,0.0636598616838455,0,0.0743697583675384,0.0621343068778514,0.0320189967751503,0,0.2856775522232055,0.0810281187295913,0.941460907459259,1,0.0157859940081834,0.0115872547030448,0.0301817301660776,0,0.0185576789081096,0.0154726188629865,0.1092872098088264,0,-0.278635710477829,-0.7080734372138977,1.716374754905701,1,-0.0060082632116973,-0.0784091278910636,-0.0216315928846597,0,0.1635241061449051,-0.3198367357254028,1.887759566307068,1,0.0154220387339591,0.006250565405935,-0.0101212421432137,0
0.1045379638671875,1.272895574569702,12.341398239135742,0.0067348219454288,0.0027557758148759,-0.0049161314964294,0,2.204059362411499,0.6329683661460876,1.1702007055282593,1,-0.204471468925476,0.0963229611515998,0.3701098561286926,0,-0.004062604624778,0.0060241864994168,-0.0336734242737293,0,2.161226987838745,-0.1855365633964538,2.481210947036743,1,-1.555431842803955,0.4305753111839294,3.178917407989502,1,-0.0044112228788435,-0.0043675960041582,-0.0042944438755512,0,0.742270827293396,-0.2193509191274643,0.6860986351966858,1,-3.241377353668213,0.5135040879249573,4.497745037078857,1
-3.385653495788574,-3.437419176101685,12.490447998046877,0.0214668493717908,-0.0312139559537172,0.0379778258502483,0,0.7982438802719116,-0.2630906999111175,1.6439390182495115,1,-0.91508686542511,0.3305056393146515,1.2120771408081057,1,0.013174682855606,0.0430351644754409,0.3679535388946533,0,0.7022945880889893,0.0923073962330818,2.5954935550689697,1,-1.1026241779327393,0.1486703157424926,3.5877432823181152,1,-0.0076345955021679,0.0166478734463453,-0.0976016372442245,0,0.4683418571949005,-0.363206535577774,0.7707766890525818,1,-3.3638296127319336,-3.41107439994812,2.372088670730591,1
0.404831975698471,-0.4295161962509155,12.03032684326172,0.031708475202322,-0.0009427236509509,-0.0256112832576036,0,-0.2541801035404205,-0.4572467803955078,0.9945385456085204,1,0.0041502811945974,-0.0008622577297501,-0.0360994488000869,0,1.813238263130188,0.6318079829216003,6.783819675445557,1,-0.0083617959171533,-0.0120097529143095,0.0482632778584957,0,0.0110345929861068,-0.0045151733793318,-0.0059811132960021,0,-1.2043830156326294,-0.5875393152236938,4.244072914123535,1,0.0044770580716431,-0.0057065123692154,0.0184485614299774,0,0.0071481936611235,0.007498349994421,0.0088758775964379,0
0.0632845982909202,-0.065864086151123,8.865225791931152,-0.0505503304302692,-0.0044640908017754,0.2110713720321655,0,-0.006560995709151,0.0159345567226409,-0.0231579151004552,0,-0.0016858559101819,0.002159209921956,-0.0113317547366023,0,0.0069149904884397,-0.0027763061225414,0.061208251863718,0,-0.821195662021637,0.7454996705055237,4.723237991333008,1,0.0166552886366844,0.0063157374970614,-0.0065667773596942,0,6.084944470785558e-05,-0.0011309519177302,-0.0044368677772581,0,0.9161452651023864,-0.8333261609077454,3.91667914390564,1,0.0035010788124054,0.0059242867864668,-0.0014770136913284,0
0.8462618589401245,0.8490251302719116,14.846378326416016,-0.0654489248991012,0.0087699303403496,0.031883493065834,0,0.8508971929550171,-0.7092006206512451,0.5090588331222534,1,-0.5757495164871216,0.9393612742424012,2.79053282737732,1,0.0029027231503278,0.0026745186187326,0.0046352837234735,0,0.0051542217843234,0.0766402333974838,0.0817360803484916,0,0.0267285853624343,0.7796865701675415,7.393400192260742,1,0.0059997499920427,0.0837868452072143,0.0106626655906438,0,0.0460282862186431,0.0354194082319736,-0.0321148782968521,0,0.5497495532035828,-0.3681130707263946,4.056583404541016,1
0.1528464257717132,0.0256704911589622,18.51952362060547,-0.2592397034168243,-0.4537675380706787,6.416649341583252,1,-0.0698734000325203,0.0153085645288228,-0.0884201526641845,0,0.0081852115690708,-0.0184564553201198,-0.0386608317494392,0,0.7676494717597961,-0.5407987236976624,2.53965163230896,1,-0.0118498988449573,0.474455863237381,2.628129720687866,1,0.0096807703375816,-0.0032491518650203,-0.0071511482819914,0,0.0060098832473158,0.0417601652443409,0.0350697599351406,0,-0.30054372549057,0.4844235181808471,7.07420539855957,1,0.0028278215322643,0.0259942933917045,-0.0399498641490936,0
-0.3521284162998199,3.063316822052002,7.472113609313965,0.0049823652952909,-0.0042648413218557,-0.0070696733891963,0,-0.9592844247817992,1.724604845046997,2.731932640075684,1,-0.0025316814426332,-0.0131859900429844,-0.03751977160573,0,0.1840727776288986,-0.0216069538146257,0.15309539437294,0,-0.1734667122364044,0.083857886493206,4.230463981628418,1,0.0630135685205459,0.0407713651657104,0.7643082141876221,1,0.520406186580658,1.209647536277771,-0.3982827067375183,0,0.0084628500044345,-0.0045339739881455,0.0545104257762432,0,0.0022166806738823,0.0480266921222209,-0.0193252582103014,0
-0.5068254470825195,2.2368581295013428,17.500425338745117,0.0289392452687025,0.007041098549962,-0.031330619007349,0,0.0016123136738315,0.0176614373922348,-0.0395760796964168,0,-0.728641927242279,2.358534812927246,10.197173118591309,1,0.0009131886763498,-0.0040047680959105,-0.0035973070189356,0,0.5269346237182617,0.3947708010673523,1.7216545343399048,1,-0.1748355329036712,0.1010846868157386,1.982480883598328,1,-0.0024009940680116,-0.2054966539144516,0.0174462348222732,0,0.2425334900617599,-0.4966815114021301,2.629305362701416,1,-0.4018798470497131,0.0639480054378509,1.0268688201904297,1
0.8279697895050049,-2.859654664993286,15.266475677490234,-0.259542167186737,-1.1703706979751587,6.884966850280762,1,0.0044260849244892,-0.0099408756941556,0.0034531848505139,0,0.0010347634088248,-0.0083905095234513,-0.0259499102830886,0,1.275557041168213,-1.1098450422286987,5.07246732711792,1,0.0010768887586891,0.0078254071995615,-0.0853586792945861,0,-0.0018408788600936,-0.0087879663333296,0.0231464207172393,0,0.3987871408462524,-0.4561250805854797,0.7859861254692078,1,-0.5895613431930542,-0.1076285243034362,2.5964033603668213,1,-0.00196791626513,0.0036086926702409,0.0113610867410898,0
-0.2885672748088836,-0.6350745558738708,8.340787887573242,0.0223694741725921,0.0667270794510841,0.0921351835131645,0,-1.725316047668457,-1.2357364892959597,4.7221198081970215,1,0.0022023068740963,-0.0040499693714082,-0.0476232022047042,0,1.0291846990585327,0.4034262597560882,2.093219041824341,1,-0.1827300190925598,-0.0784435272216796,0.8194646835327148,1,0.0099536720663309,0.0038509564474225,-0.0105427289381623,0,0.5460931658744812,0.2088816463947296,0.6985197067260742,1,0.0094237755984067,0.0056330212391912,-0.0289792735129594,0,0.0002517222310416,-0.0053634294308722,0.0024747822899371,0
-0.6990081071853638,-2.058778524398804,10.783110618591309,0.0489942170679569,-0.0122332647442817,-0.0090023009106516,0,0.9662352800369264,-1.0599998235702517,6.098728179931641,1,-0.0008866913849487,0.0039478442631661,-0.0437612682580947,0,0.0087511986494064,-0.005375497508794,0.0070093683898448,0,0.6382472515106201,-0.6080175042152405,1.7904475927352903,1,-0.4969043135643005,0.0307028014212846,0.8840939998626709,1,-0.0111838476732373,0.010129565373063,-0.0767556801438331,0,0.0073869442567229,-0.0021930718794465,0.0186323281377553,0,-1.8596479892730715,-0.4157394766807556,2.113718271255493,1
1.4520381689071655,0.7920441627502441,10.695048332214355,0.017219265922904,-0.0009723608964122,-0.0096484581008553,0,0.8679884672164917,0.7087140679359436,5.248549938201904,1,0.0018494565738365,-0.0187760610133409,-0.0053975116461515,0,-0.0246000085026025,0.0085027934983372,-0.0323505960404872,0,0.595613956451416,0.440953254699707,4.844586849212647,1,0.0126771181821823,0.0035478365607559,0.0340587124228477,0,0.009102632291615,-0.1038249805569648,0.0658262893557548,0,-0.0392108224332332,-0.2484775483608245,0.6010932326316833,1,0.0113981571048498,0.002377254422754,-0.0516696497797966,0
0.2716626226902008,0.8698764443397522,22.003803253173828,0.7123281955718994,1.435299038887024,3.202614545822144,1,-0.6417625546455383,-2.7004361152648926,4.760523796081543,1,0.0037571527063846,-0.0126693742349743,0.0134940054267644,0,0.2834598422050476,2.4111368656158447,13.574624061584473,1,-0.0138012571260333,0.0243289992213249,0.0155307995155453,0,0.005469418130815,-0.0036480843555182,0.0138968508690595,0,-0.0739446952939033,-0.2110305577516555,0.3953112661838531,0,0.0057986988686025,-0.0800792798399925,0.0505548045039176,0,-0.0096421707421541,0.0069748465903103,-0.0227466449141502,0
-4.9570088386535645,-8.666370391845703,10.026491165161133,0.0126432133838534,0.0057060061953961,0.0086327791213989,0,0.801647424697876,-0.9033709764480592,1.3466943502426147,1,-0.3780938684940338,0.1113349348306655,0.5820019245147705,1,-0.0001368835073662,0.00219537015073,0.0697695314884185,0,0.4562592208385467,0.0594044253230094,1.8448162078857424,1,-0.4435451924800873,-0.0282775852829217,2.226834297180176,1,-0.0008483948768116,-0.0523973070085048,0.025186464190483,0,0.0446275435388088,-0.0146500384435057,0.2526392936706543,0,-5.449562072753906,-7.846314907073975,3.6699161529541016,1
1.4835779666900637,0.0178672093898057,11.876609802246094,0.0085820881649851,0.0315680764615535,-0.0681605190038681,0,0.0056819426827132,-0.0062417802400887,0.0088834157213568,0,0.0026275226846337,-0.0080880243331193,-0.0144501663744449,0,8.92801908776164e-05,0.0052233655005693,0.0144619215279817,0,0.725142776966095,0.8578996062278748,7.8180646896362305,1,0.0168903917074203,-0.0018683639355003,0.016402393579483,0,-0.0042183017358183,0.1048190891742706,-0.017217518761754,0,0.7250960469245911,-0.9898340106010436,4.14988374710083,1,0.003686185227707,0.0243892092257738,-0.0312574319541454,0
0.7835485935211182,-0.2446063756942749,10.913692474365234,-0.0086213685572147,0.0131198298186063,-0.0022971029393374,0,0.1417763978242874,0.1250890046358108,0.07455325871706,0,0.0508134998381137,-0.0398378707468509,1.0059833526611328,1,0.0075202151201665,0.0113969100639224,0.0049254591576755,0,0.7195898294448853,-0.1636329591274261,8.622702598571777,1,0.0061977580189704,0.0115951923653483,-0.0484928861260414,0,0.1420003324747085,-0.0145669318735599,0.6139797568321228,1,-0.2797149121761322,-0.1935168802738189,0.6396899223327637,1,0.0039868196472525,0.0057473108172416,0.0026476162020117,0
0.1610653698444366,0.0967249125242233,7.8608317375183105,0.0047882734797894,0.006046749651432,-0.0159487277269363,0,0.2723810970783233,0.4203883707523346,0.6104739308357239,1,0.0045285099186003,0.016535073518753,0.0074559319764375,0,0.0024581216275691,0.0019360797014087,-0.0096374135464429,0,-0.2294153720140457,-0.5119889378547668,6.597232341766357,1,0.0165270529687404,0.0089820204302668,0.0647337362170219,0,0.0868472009897232,0.1497328430414199,0.6364327073097229,1,-0.0009409777121618,-0.0007616261718794,-0.0087951319292187,0,0.0038914449978619,0.0058543533086776,-0.021115131676197,0
1.6542420387268066,-4.939354419708252,13.395169258117676,0.0088739227503538,-0.0313508324325084,0.2155333310365677,0,-0.1702082306146621,0.3685046732425689,-0.1167559400200843,0,1.956342697143555,-1.6109520196914673,8.521077156066895,1,-0.0011436296626925,-0.0015768912853673,-0.007144131232053,0,-0.017798114567995,0.0662949606776237,-0.1037670150399208,0,-0.4281084835529327,-3.016220569610596,3.0441582202911377,1,-0.0069613894447684,-0.1074084043502807,-0.0367715507745742,0,0.4616901576519012,-0.0415795817971229,0.1808419525623321,0,-0.1484450697898864,-0.5650654435157776,1.697996735572815,1
-4.596096992492676,-7.713773250579834,7.233860969543457,0.004212352912873,-0.0081085488200187,0.0240795463323593,0,1.4530143737792969,-1.4351320266723633,1.2989578247070312,1,-1.0882160663604736,0.242369145154953,0.4206535518169403,0,-0.0044316016137599,0.0069372542202472,0.016740970313549,0,0.5375270843505859,-0.1699783504009246,0.97811758518219,1,-1.0193103551864624,-0.2369697093963623,1.5410895347595217,1,-0.0246554277837276,-0.0188298933207988,0.0440828092396259,0,0.0192177332937717,-0.0541870146989822,0.1048088297247886,0,-4.47345495223999,-6.039874076843262,2.805330514907837,1
0.2458700686693191,-0.3914823830127716,6.9885454177856445,0.0636547729372978,-0.1684026420116424,0.9230726957321168,1,0.0054759122431278,-0.0150136100128293,0.0102449487894773,0,-0.0036835570354014,-0.0021975438576191,0.0077185533009469,0,0.012179909273982,-0.003309816122055,0.0752178058028221,0,-0.2142742127180099,0.2514436841011047,2.7582950592041016,1,-0.0052898032590746,-0.013883170671761,0.0359567664563655,0,0.0001910249411594,-0.0066077895462512,-0.0077674491330981,0,0.3853173851966858,-0.4342950582504272,3.2051920890808105,1,0.0022986440453678,0.0007835524738766,-0.0193851310759782,0
1.4283713102340698,0.2062971591949463,10.630064964294434,0.5721455216407776,-0.0806470438838005,0.5361941456794739,1,-0.1389204561710357,0.0032758258748799,1.2421373128890991,1,-0.0086199613288044,-0.0089747766032814,0.4333137571811676,0,0.7741142511367798,-0.0922327041625976,0.8152210116386414,1,-0.4060091078281402,0.2111621797084808,2.562960624694824,1,-0.0182608887553215,0.2587452828884125,1.9314284324646,1,0.9977268576622008,-0.1002383306622505,0.6116542220115662,1,-0.3189643621444702,0.0246428623795509,1.9959375858306885,1,-0.0248406007885932,-0.0094361342489719,0.5012174248695374,1
0.3735948204994201,0.3947804570198059,5.638862609863281,-0.0015535881975665,0.0004427977255545,-0.0067479396238923,0,-0.0042030015029013,0.0045876437798142,-0.0423700585961341,0,-0.1662512719631195,-0.1054436638951301,1.48583984375,1,0.0017410604050382,-0.0028052479028701,0.0239929966628551,0,0.5545095205307007,0.3588200509548187,2.3262274265289307,1,-0.0227206461131572,-0.0045463112182915,0.0063368608243763,0,0.0043133329600095,-0.005279719363898,-0.0216268599033355,0,0.004484748467803,0.1406583487987518,1.8695759773254397,1,0.0032746756915003,0.0083465594798326,-0.0023655639961361,0
0.7391650080680847,-0.4494423866271972,11.089982986450195,0.6126104593276978,0.2922287881374359,1.4757932424545288,1,-0.8799428343772888,0.0989371836185455,1.178421974182129,1,0.0033300297800451,0.0070843086577951,-0.0102680167183279,0,0.5766510367393494,-0.0455619469285011,0.5817505121231079,1,0.3499781191349029,-0.1472845673561096,5.528789520263672,1,0.0104274759069085,0.0019986093975603,-0.0181067418307065,0,-0.007721031550318,0.0790801644325256,-0.0904442891478538,0,0.0850580707192421,-0.7617618441581726,2.466935873031616,1,-0.0112263839691877,0.0258369110524654,-0.0228904839605093,0
1.0082383155822754,-0.7520904541015625,10.798108100891112,1.6518679857254028,-0.5788070559501648,2.7945103645324707,1,-0.8937320709228516,0.6318610310554504,3.468225717544556,1,0.0401638261973857,0.0027352408505976,0.0427460111677646,0,0.4564785957336426,-0.3209549188613891,0.6887949109077454,1,-0.2381165325641632,-0.5220266580581665,3.737248659133911,1,0.0069994674995541,0.0017939582467079,0.0289665982127189,0,-0.0445968583226203,0.1081439107656478,0.0263356957584619,0,0.0061609297990798,-0.074698731303215,0.0135577041655778,0,0.0230128746479749,-0.0001372722617816,-0.0022787207271903,0
0.2915699481964111,0.1153821349143982,10.219392776489258,0.0046514831483364,0.0040347268804907,-0.035511877387762,0,0.4579876065254211,0.171748399734497,5.764703273773193,1,0.0019329397473484,0.0044825691729784,0.0281317383050918,0,0.3217124938964844,0.4481701850891113,1.6784327030181885,1,-0.0431762523949146,-0.1198222860693931,0.272323340177536,0,0.0123400185257196,0.006814316380769,-0.024194011464715,0,-0.4677011966705322,-0.4010872840881347,2.567262649536133,1,0.0082331523299217,-0.0014862838434055,-0.0238778740167617,0,-0.0044103604741394,0.0025278171524405,-0.0078763803467154,0
1.2541645765304563,-3.151932954788208,10.331003189086914,0.1146819591522216,-0.0931449458003044,0.1486621350049972,0,-0.4190061390399933,-1.3924028873443604,4.268364429473877,1,-0.003285267855972,-0.0010268875630572,-0.002214292762801,0,1.2364819049835205,-0.5802857279777527,2.68813157081604,1,0.0049800127744674,-0.0062933773733675,-0.0762514621019363,0,-0.0062809442169964,0.0013933843001723,0.0027840523980557,0,0.3259088695049286,-1.082292556762695,3.329719305038452,1,-0.0023267236538231,-0.0005560678546316,-0.0490416884422302,0,0.0030108131468296,0.0026760681066662,0.0208491738885641,0
0.2156287133693695,1.0230844020843506,4.427928924560547,-0.0238204542547464,-0.00218165689148,0.0589001663029193,0,-0.1578420996665954,1.2901079654693604,1.477792739868164,1,0.0019845555070787,-0.004634688142687,-0.0140476627275347,0,0.0044994801282882,-0.0071212537586688,0.0124348187819123,0,0.2334574908018112,-1.053866624832153,0.2550317645072937,0,0.016319740563631,0.0015251043951138,0.0161198358982801,0,0.0039507509209215,0.144456461071968,0.0066183605231344,0,0.0450115390121936,-0.0082239238545298,-0.0174308810383081,0,0.0920677259564399,0.6630229949951172,2.632509708404541,1
2.420757293701172,0.251952975988388,8.722342491149902,0.5418768525123596,0.3999569118022918,1.5021145343780518,1,-0.1789134889841079,-0.0410732440650463,0.8768594861030579,1,0.0011259230086579,0.0020490910392254,-0.0458056032657623,0,2.1506779193878174,-0.0680207908153534,2.5899651050567627,1,-0.3940929174423218,0.0790335834026336,1.3074642419815063,1,0.0105777569115161,0.0090453810989856,-0.0166886169463396,0,0.5158483982086182,-0.0008148038759827,1.4577707052230835,1,-0.2261927425861358,-0.1357808411121368,1.0650626420974731,1,-0.0001503050007158,0.0075576715171337,-0.0143996970728039,0
0.5570968985557556,-0.8977594375610352,5.831376075744629,0.0314729586243629,0.009837394580245,0.0019588137511163,0,-0.0094822291284799,-0.7940261363983154,3.58418869972229,1,0.2997480630874634,-0.1521914303302765,-2.515728712081909,0,-0.000978524563834,0.0038267485797405,0.0067862621508538,0,0.017489057034254,0.0273775048553943,-0.0207533072680234,0,-0.0891098529100418,0.1221345514059066,1.2901408672332764,1,-0.003567493520677,-0.1176745370030403,0.021972456946969,0,-0.0018988399533554,0.0111398352310061,-0.0307961087673902,0,0.3134237825870514,-0.0081833666190505,3.4936070442199707,1
0.0132647100836038,0.1079187020659446,4.711465835571289,-0.1694082915782928,0.0969595611095428,0.4841015934944153,0,-0.0002116460818797,0.0011952847708016,0.0083985002711415,0,-0.0065878620371222,0.0044131390750408,-0.0072702267207205,0,-0.0010873784776777,0.0045096385292708,-0.0085775684565305,0,-0.2349348813295364,0.1097960397601127,0.1716111153364181,0,0.0085242949426174,-0.0047732684761285,-0.01324899867177,0,0.0026026405394077,-0.0017929468303918,-0.011807152070105,0,0.4158463478088379,-0.1072139516472816,4.057145118713379,1,-0.001478498452343,0.004825219977647,0.0311137214303016,0
-0.1916754841804504,-0.1594148725271225,2.53938627243042,-0.0467008762061595,-0.0942225381731987,1.142872929573059,1,0.0204923655837774,0.0104182576760649,0.1302736103534698,0,-0.0013333330862224,-0.0074370731599628,0.0012948559597134,0,0.0750924497842788,-0.1429322659969329,0.8974468111991882,1,0.0147092016413807,-0.0091822007670998,0.0995743721723556,0,-0.0010357181308791,0.0084712309762835,0.0268159415572881,0,-0.0018310232553631,-0.0720856338739395,-0.0091897724196314,0,-0.2546578347682953,0.108899675309658,0.2704434394836426,0,0.003589287167415,0.0386556796729564,-0.0201457552611827,0
1.1659233570098877,-0.0277774631977081,13.654744148254396,0.001954369014129,0.04283307492733,0.1071546748280525,0,-3.323362350463867,-1.3180699348449707,4.748719215393066,1,-2.1859055777895264e-05,0.0193217974156141,-0.0069515174254775,0,1.254821538925171,0.5949060320854187,2.591418743133545,1,-0.335534393787384,-0.4158563911914825,0.5638364553451538,1,0.0151312286034226,0.0051968661136925,-0.0067096590064466,0,3.537736177444458,1.044265627861023,5.697800159454346,1,0.0015233650337904,0.0009557426674291,-0.0229557398706674,0,0.0136752929538488,-0.0013302089646458,-0.0175681803375482,0
1.903491258621216,-0.7773767709732056,11.041630744934082,-0.000527387659531,-0.0225931070744991,0.0260086450725793,0,1.6035367250442505,0.0989730730652809,6.112107753753662,1,0.0056026126258075,0.0083723813295364,0.1097820550203323,0,0.0010009872494265,-0.0034901180770248,0.0093521540984511,0,-0.0967297852039337,-1.0388484001159668,4.178455829620361,1,0.0137890754267573,0.0085490075871348,-0.0046687661670148,0,0.3640116453170776,0.2403378933668136,0.6205725073814392,1,0.0017357195029035,-0.0632776767015457,0.0130749363452196,0,0.0110717294737696,-0.0053998660296201,-0.0230539608746767,0
3.1241202354431152,-3.778636932373047,11.75261116027832,0.067201018333435,-0.0905814543366432,0.0632521137595176,0,0.130183458328247,4.825407028198242,2.499476432800293,1,0.0960456430912017,-0.0445793569087982,-0.3207724392414093,0,-0.0106751760467886,0.0121833123266696,-0.0355380550026893,0,2.291412830352783,-5.893716812133789,-1.8988946676254272,0,0.0311389807611703,0.0177346393465995,0.0937161743640899,0,0.0134863704442977,0.0182687994092702,0.0462316013872623,0,0.0114100640639662,-0.0746662467718124,-0.0767020806670188,0,0.4939172267913818,-2.5486865043640137,11.381841659545898,1
0.2213053554296493,0.060135968029499,6.699951648712158,-0.00183613342233,0.0098688369616866,-0.023223603144288,0,0.4363383054733276,0.3545414209365845,0.4576147496700287,0,0.0027944725006818,-0.0033748561982065,-0.0077025364153087,0,0.003444590140134,0.0062382677569985,-0.0003847797052003,0,0.0816348120570182,-0.1403219848871231,5.660630226135254,1,-0.008860370144248,0.0003031923552043,0.0080242510885,0,0.0032681578304618,-0.010684729553759,-0.0066126571036875,0,-0.2979937195777893,-0.1648663580417633,0.5807332396507263,1,0.0025151800364255,0.0084321592003107,0.0308728795498609,0
0.6966940760612488,-0.0769485235214233,12.938154220581056,0.0442951582372188,0.020657692104578,-0.0398254804313182,0,-0.0656263008713722,-0.242416575551033,0.4423839449882507,0,0.000485127326101,0.0056736497208476,0.0452500917017459,0,1.3804237842559814,0.66412353515625,10.756720542907717,1,0.0108468309044837,-0.0035095352213829,0.0205562245100736,0,-0.0037586872931569,0.0106237595900893,-0.0076350849121809,0,-0.7237849831581116,-0.5285707116127014,1.7495880126953125,1,0.0494013801217079,-0.0045305574312806,-0.0320753045380115,0,0.0044117239303886,0.0010002356721088,0.0031907341908663,0
0.5519782900810242,0.3689204454421997,20.08520698547364,0.0119389202445745,0.0019280712585896,-0.020354913547635,0,0.0854095220565795,0.1236172243952751,0.1418693661689758,0,-0.6189643740653992,-0.4089124500751495,1.5352730751037598,1,0.0021823060233145,-0.0016490153502672,-0.0166946426033973,0,1.8164174556732176,0.8728027939796448,5.019345760345459,1,-0.0125527698546648,-0.00643708743155,-0.0009523704648017,0,0.0003220251819584,0.0050300047732889,0.000783929717727,0,-0.7284259796142578,-0.2184075266122818,13.442644119262695,1,-0.0043487860821187,0.0009484422043897,-0.0167072173207998,0
0.3995162844657898,-0.4532062709331512,10.700723648071287,0.0428522527217865,-0.0377686880528926,0.0387917757034301,0,-0.6775042414665222,-0.4093557000160217,2.404313564300537,1,0.0110752051696181,-0.0005678929155692,-0.0438711456954479,0,0.7985951900482178,0.0101869264617562,0.5116604566574097,1,-0.1171783134341239,0.0950182527303695,1.458964467048645,1,0.0043809851631522,0.1050601974129676,1.1615307331085205,1,0.3410601615905761,-0.2220263481140136,4.565824508666992,1,-0.0034323339350521,0.0047215465456247,0.5916594862937927,1,-0.0003326015430502,0.0015254429308697,0.0118508115410804,0
0.3609579503536224,0.5348148941993713,14.957247734069824,0.0018223304068669,0.0057235276326537,-0.01877355389297,0,-0.3684006333351135,-0.2884368002414703,0.756752073764801,1,0.0013150912709534,-0.0112533280625939,-0.0476371720433235,0,1.0313020944595337,0.6902521848678589,3.3590049743652344,1,0.000185754863196,0.0112931402400136,0.3295426368713379,0,-0.0038915262557566,0.0223850645124912,0.1265840977430343,0,-0.297127902507782,0.0946460515260696,10.488485336303713,1,-0.0068493508733808,0.0072343242354691,-0.0242071859538555,0,0.0026021213270723,0.0029706901405006,-0.0125037617981433,0
-1.0077555179595947,4.2031097412109375,8.2908353805542,0.1738108843564987,0.1680297702550888,0.1828623712062835,0,-0.8113545775413513,2.1902127265930176,1.1425265073776243,1,0.0060873939655721,-0.0083639258518815,0.0102796675637364,0,0.4749888479709625,0.2908678948879242,0.3456552028656006,0,-0.1787781566381454,0.727648913860321,5.263645648956299,1,0.0996817201375961,-0.0266678612679243,0.8520593047142029,1,0.0821861922740936,0.1004965230822563,-0.0541614554822444,0,-0.887037456035614,0.7353193163871765,0.5203636884689331,1,0.0326594896614551,0.0255666691809892,0.0276055298745632,0
0.7806267738342285,-0.3921866714954376,6.35588264465332,0.012981466948986,0.0028381100855767,-0.0199718475341796,0,0.1355010271072387,0.0923455208539962,0.1825951635837555,0,-1.2549166679382324,-0.4781150817871094,2.044543981552124,1,-0.0095447283238172,0.0031464463099837,-0.0793876871466636,0,0.9279115200042723,0.196242481470108,1.5376074314117432,1,-0.5950466394424438,-0.2953514754772186,1.3511850833892822,1,-0.0034830218646675,0.0022873904090374,-0.003882159711793,0,1.5768256187438965,0.0999522060155868,1.3900799751281738,1,-0.009601873345673,-0.0155322747305035,-0.0468872115015983,0
-0.158963531255722,0.1733204424381256,6.644275665283203,0.0168584026396274,0.0284662656486034,-0.0398445911705493,0,-0.0027955814730376,0.0032033887691795,0.0323662236332893,0,-0.0006869031349197,0.0003363231080584,-9.783867426449432e-05,0,-0.3833726048469543,0.6902039647102356,1.3796306848526,1,-0.0179807133972644,0.0131208151578903,-0.1167334467172622,0,0.001057640183717,-0.0039419415406882,0.0036052896175533,0,0.2287317067384719,-0.4802590012550354,5.396271705627441,1,0.0003806399472523,-0.0397348590195179,-0.0134773077443242,0,-0.0011561078717932,-0.0380745008587837,0.0025547945406287,0
3.9772679805755615,-0.9075838327407836,14.297048568725586,3.802167892456055,-1.1389765739440918,1.7780317068099976,1,-0.4778774380683899,-0.06551443785429,2.065640926361084,1,-0.004018641076982,-0.0099761895835399,0.0073927203193306,0,2.202152729034424,-0.4684146046638489,2.3872976303100586,1,-0.5490207672119141,0.4842885732650757,2.3752517700195312,1,-0.0158033184707164,-0.0106698842719197,0.0191703531891107,0,0.3434134423732757,0.1208617016673088,1.0149569511413574,1,-1.3189804553985596,0.1698737442493438,4.632245063781738,1,-0.004765526857227,0.0109439017251133,0.0170598402619361,0
0.1409631222486496,3.3552849292755127,27.14196014404297,0.9385581016540528,-0.0402243807911872,1.1301369667053225,1,-1.160260558128357,2.513108968734741,4.244641780853272,1,0.1547564566135406,0.0690582990646362,1.4015066623687744,1,0.7821595072746277,0.0163805559277534,1.7856194972991943,1,-0.3476910591125488,0.8313254714012146,9.098396301269531,1,0.2896120250225067,0.0573388822376728,4.868070602416992,1,0.1852126270532608,-0.0267280526459217,0.1710195243358612,0,-0.8623006343841553,-0.1812961846590042,3.183911085128784,1,0.1609166115522384,0.1163211464881897,1.258660078048706,1
-0.2252187430858612,2.482527256011963,16.7114315032959,0.1611383557319641,-0.0090456614270806,0.2128229588270187,0,-0.5178353190422058,1.6006131172180176,2.8354549407958984,1,0.0343467891216278,-0.0057421121746301,0.351454883813858,0,0.3085283637046814,0.05948456376791,0.9558997750282288,1,0.1452849358320236,0.5356470942497253,6.746383190155029,1,0.1807543933391571,0.130173310637474,2.705094337463379,1,0.2918051183223724,0.1953633725643158,-0.0114239351823925,0,-0.8657216429710388,-0.1281109452247619,2.6291251182556152,1,0.0364802740514278,0.1041445732116699,0.2866186499595642,0
1.065284252166748,-1.93147075176239,14.226692199707031,0.0177829060703516,-0.0083277290686964,-0.0134643577039241,0,0.7449315786361694,1.1361892223358154,4.398689270019531,1,0.0013264246517792,0.0037345609162002,0.003888125764206,0,0.1692849844694137,-0.0175750833004713,0.1332711428403854,0,-0.2641909420490265,-2.598069429397583,6.840139389038086,1,-0.0007378229056484,-0.004789758939296,0.0116020161658525,0,0.3883736133575439,-0.4379569888114929,2.875255584716797,1,0.0044594006612896,-0.0078530963510274,-0.0472770594060421,0,0.0040540369227528,0.0031774435192346,0.0245873536914587,0
2.827065944671631,-3.326301336288452,22.48485946655273,0.008631769567728,0.0042095049284398,-0.0348187610507011,0,0.0446136482059955,-2.261457681655884,11.344977378845217,1,-0.0116413263604044,0.0041176243685185,0.0711870193481445,0,1.0529648065567017,0.1498326510190963,1.7352344989776611,1,-0.1115569397807121,-0.3939748704433441,0.4900835156440735,0,0.0017014113254845,-0.0028598462231457,0.0022563212551176,0,1.834240794181824,-0.822676420211792,8.897828102111816,1,0.0064444649033248,-0.0053286729380488,-0.0175765324383974,0,0.0016675664810463,0.0018360537942498,-0.0043129865080118,0
1.4540340900421145,2.4213614463806152,11.29036808013916,0.7383963465690613,0.4951352775096893,0.1329288780689239,0,-0.154769018292427,0.1640984266996383,1.2305529117584229,1,0.0001942899107234,0.0388858504593372,0.5336434841156006,1,0.8616621494293213,0.3605151176452636,0.8407580852508545,1,-0.6162848472595215,0.5909203290939331,2.803468704223633,1,-0.026027113199234,0.2434823215007782,2.201941728591919,1,1.1154316663742063,0.2046797275543213,0.6337115168571472,1,-0.4603027105331421,0.2918520867824554,2.270183563232422,1,-0.0042667044326663,0.0317922867834568,0.6431786417961121,1
0.0591471493244171,-0.1215129122138023,8.989151954650879,-0.011006748303771,0.0044311778619885,0.0169124603271484,0,0.4040148854255676,0.7322460412979126,1.0313355922698977,1,0.0027403912972658,-0.0109317079186439,-0.0285113230347633,0,0.0008059944957494,0.0015803814167156,-0.0269611217081546,0,-0.3099842369556427,-0.8577051162719727,8.068913459777832,1,-0.0186449214816093,-0.0016154362820088,-0.0173550341278314,0,-0.0038210758939385,0.0072098062373697,-0.0028817160055041,0,-0.002895631827414,-0.0009262537932954,-0.0319235511124134,0,-0.0020615155808627,0.0041982294060289,-0.0203770641237497,0
1.19293212890625,0.4629642367362976,8.186112403869629,1.2077163457870483,0.0288330502808094,2.1336379051208496,1,-0.24771648645401,0.4334995150566101,0.145309492945671,0,0.0090650664642453,0.0009791987249627,0.1126357167959213,0,1.0754079818725586,-0.1221076846122741,2.0863306522369385,1,-0.4285989105701446,0.1670219600200653,2.254233360290528,1,0.0136484904214739,0.0073549295775592,0.0054717129096388,0,0.3125502169132232,0.1427585929632187,0.4097518026828766,0,-0.7562237977981567,-0.1989783495664596,1.082534909248352,1,0.0070831254124641,0.0036030302289873,-0.0437941141426563,0
1.6708028316497805,-0.7494222521781921,7.896340847015381,0.0046279560774564,0.0038640710990875,-0.0081904539838433,0,0.8811013102531433,-0.2596988081932068,2.8676860332489014,1,0.0074358554556965,0.0124087063595652,0.0025664099957793,0,0.0075430441647768,-0.0033976894337683,0.0420778580009937,0,1.0647125244140625,-0.4858973324298858,3.99079966545105,1,-0.0382482446730136,0.009916478767991,0.0484911538660526,0,-0.0018295872723683,-0.0005790258292108,-0.0025569880381226,0,0.1156270205974578,-0.1300281435251236,0.4775248765945434,0,-0.3701669871807098,0.1039894223213195,0.4779425263404846,0
-2.140317678451538,1.4522974491119385,9.0358304977417,0.3447774946689605,0.1144201532006263,0.9404637813568116,1,-4.093240737915039,-0.4517968297004699,2.1125779151916504,1,0.0092032859101891,-0.020968334749341,-0.0025440931785851,0,1.7130489349365234,0.4067824780941009,2.2642977237701416,1,-1.252352595329285,-0.9324149489402772,3.7105791568756095,1,0.0082438644021749,0.0170609652996063,0.0038390550762414,0,1.784909725189209,2.643250703811645,-1.2233879566192627,0,-0.6432743668556213,-0.3301076591014862,1.252687931060791,1,-0.0116334436461329,0.0060710278339684,-0.0226836055517196,0
-0.1425720155239105,0.6548378467559814,9.91766357421875,-0.0373746454715728,0.0047519421204924,-0.0467418916523456,0,0.0138822859153151,0.0027651572600007,-0.0006165819941088,0,-0.3449546694755554,0.4746883511543274,6.136152267456055,1,0.0038925998378545,-0.0035481317900121,-0.0119630508124828,0,0.1826964914798736,0.1694734990596771,0.778069257736206,1,-0.1313137859106063,-0.1363393068313598,0.9441387057304382,1,-0.0024723620153963,0.2160699367523193,-0.0373723357915878,0,0.1814292073249817,-0.110444001853466,2.1777336597442627,1,-0.0083571039140224,0.0374204516410827,-0.0217366684228181,0
-2.2427642345428467,-0.8663262128829956,11.571229934692385,0.1199607476592063,0.0579831302165985,1.3308604955673218,1,-3.830685377120972,-0.3960073888301849,2.3263981342315674,1,0.0023622005246579,-0.0232217274606227,-0.010692136362195,0,1.0361579656600952,0.2978295981884002,1.8684968948364256,1,0.0889075100421905,-0.436449259519577,3.439509868621826,1,0.0188916809856891,0.0008156204712577,0.0191679019480943,0,0.2455033659934997,-0.0127138262614607,0.1432725638151168,0,0.0690621584653854,-0.3747211694717407,2.4756104946136475,1,0.0070755486376583,0.0201588254421949,-0.0213940627872943,0
0.143136441707611,0.0809328332543373,5.968518733978272,0.0080538066104054,-0.0045010582543909,-0.0229738615453243,0,0.0010849476093426,-0.0106085399165749,-0.001811675960198,0,-0.0034684303682297,0.0008521177223883,-0.0345710627734661,0,-0.003019185969606,0.0025154128670692,-0.0285267047584056,0,0.1202734038233757,0.2159489244222641,5.556609630584717,1,-0.0181094016879796,-0.0005626959609799,0.0014756545424461,0,0.0003757556551136,-0.0027369880117475,-0.012041300535202,0,0.0382079780101776,-0.1191290989518165,0.5191284418106079,1,-0.0002624331682454,-0.0008452369365841,-0.0087706288322806,0
1.0490514039993286,-1.1937936544418335,5.938328266143799,-0.000770604237914,-0.0084778144955635,0.0358029268682003,0,0.0208912063390016,0.2358920872211456,-0.0374998152256011,0,0.0028325652237981,-0.0198345519602298,0.0143218990415334,0,-0.0022384517360478,0.0062717711552977,0.0074584363028407,0,1.0439754724502563,-1.4439663887023926,5.736432075500488,1,0.0122824069112539,-0.0192875880748033,0.0014287359081208,0,0.0037395341787487,-0.0650865659117698,0.0378742702305316,0,0.1412419229745865,-0.0990269035100936,0.0228030141443014,0,-0.1729025691747665,0.2197223901748657,0.1197069436311721,0
0.355619728565216,-0.4923115372657776,5.548822402954102,0.0091247148811817,-0.0032955962233245,-0.0040660188533365,0,-0.0024350823368877,0.0061709033325314,-0.0227002054452896,0,0.1950799077749252,-0.1535695791244506,1.1799163818359375,1,0.0007469309493899,0.0044564316049218,0.0008563447045162,0,0.0059857354499399,0.00751334708184,-0.0458531863987445,0,0.0920747369527816,-0.2142931222915649,2.897646427154541,1,0.000856370315887,-0.0004674364754464,-0.0011385449906811,0,0.0001739430590532,-0.0035838342737406,0.0301540624350309,0,0.0540124513208866,-0.135242611169815,1.5140069723129272,1
-0.0524813085794448,2.583569526672364,13.580703735351562,-0.0567824728786945,-0.0019950114656239,-0.0035841318313032,0,-0.0159303955733776,0.0606489032506942,0.0083210133016109,0,0.0070861252024769,-0.0171605292707681,-0.0936718508601188,0,-0.629749596118927,2.931532382965088,6.415452480316162,1,-0.0139518985524773,0.0455380342900753,0.0222678538411855,0,0.0070160869508981,0.0097769824787974,-0.0158124323934316,0,1.288170337677002,-2.285557746887207,4.484488010406494,1,-0.6834193468093872,1.786648154258728,2.805100917816162,1,0.0450798720121383,0.0541381053626537,-0.0418585538864135,0
1.0145467519760132,-1.0543681383132937,11.098471641540527,-0.0245196372270584,-0.0197755247354507,0.0486412756145,0,1.2672423124313354,0.1392508149147033,7.229857921600342,1,-0.0033193179406225,0.0023872628808021,-0.0376998148858547,0,0.0097633823752403,-0.0112676564604043,-0.0014991370262578,0,-0.3020195960998535,-1.2397181987762451,3.6705482006073,1,0.0131341610103845,0.0091803353279829,0.0063305627554655,0,0.0553426183760166,0.0159341432154178,0.1694415509700775,0,-0.0098184905946254,0.0225916765630245,0.0588925965130329,0,0.0087413173168897,0.0270491018891334,-0.0460405685007572,0
0.18963623046875,-0.5710443258285522,10.421700477600098,-0.0025032896082848,-0.0071799312718212,0.0219891685992479,0,0.0009297230280935,0.0136874755844473,0.0921791344881057,0,-0.2120493948459625,0.0618704035878181,0.2038980275392532,0,0.0010873283026739,0.0001527159038232,-0.009135028347373,0,-0.0079417489469051,0.0087103275582194,-0.0207086578011512,0,-1.7798112630844116,0.3143233358860016,7.233752727508545,1,0.0007421118207275,-0.0078741777688264,-0.0171598047018051,0,0.0192615035921335,0.0163358431309461,-0.0886082723736763,0,2.169921398162842,-0.9710702896118164,3.0054931640625,1
0.8743674755096436,-0.5540611147880554,6.456132411956787,-0.0129481479525566,-0.0026176501996815,-0.019163005053997,0,0.507865846157074,0.1218883469700813,2.297161817550659,1,0.0234532300382852,0.0206630211323499,0.0634343028068542,0,-0.0006878250278532,-0.0076013971120119,0.02772275544703,0,0.2870271801948547,-0.8605424165725708,3.980759382247925,1,0.0012513409601524,0.0150466989725828,-0.0078122150152921,0,0.0645992010831832,0.1507330238819122,0.1760798990726471,0,-0.0083917947486042,0.007918500341475,-0.0854239538311958,0,0.0121984351426363,0.0004508051206357,0.0233733169734478,0
0.7639769315719604,-0.3870192468166351,17.351022720336914,0.0379408448934555,0.0168392658233642,0.0724396780133247,0,0.9301920533180236,-1.198819637298584,3.6927316188812256,1,-0.5271512269973755,0.1839491426944732,0.6543853282928467,1,0.0022346565965563,-0.0112601602450013,0.0234601441770792,0,0.0791993886232376,-0.1321305334568023,-0.1449287235736847,0,-0.6711348295211792,0.3090943098068237,4.484197616577148,1,0.0025750247295945,0.0155836995691061,0.0024027812760323,0,0.0373918823897838,-0.0339533276855945,0.0593259818851947,0,0.8727290630340576,0.4636779725551605,8.50700855255127,1
0.5964844822883606,-1.2878440618515017,16.636417388916016,0.024535859003663,-0.0023418657947331,0.0261354278773069,0,0.6381916999816895,-0.8374232053756714,7.460293769836426,1,-0.0024445429444313,-0.0331788584589958,-0.0379061512649059,0,0.00175615795888,-0.0028596767224371,0.0120487101376056,0,0.1825754791498184,-0.4613848924636841,-0.3209953606128692,0,-0.2708936035633087,0.1722785532474517,2.372600555419922,1,0.0048364014364778,0.079328641295433,0.0172766055911779,0,0.09223073720932,-0.1291745156049728,-0.0101378401741385,0,-0.0743035897612571,-0.0730882883071899,7.117100715637207,1
-0.2383868098258972,-3.0406064987182617,5.031849384307861,0.050297025591135,-0.0091149844229221,-0.0309648197144269,0,0.3581874668598175,-0.6790099143981934,1.7343907356262207,1,-0.5132381916046143,0.0529137626290321,0.6120508313179016,1,0.0028733829967677,-0.0034238526131957,-0.02100052498281,0,0.3387526869773865,-0.3937942385673523,0.4308392107486725,0,-1.1075708866119385,-1.2090046405792236,0.669403612613678,1,0.0093988087028265,0.1005210280418396,0.0139667429029941,0,0.9185903668403624,-0.5124849081039429,0.5965688228607178,1,-0.2956774830818176,-0.3872089982032776,1.026594638824463,1
0.5676746368408203,0.1513828635215759,4.489461898803711,0.0054238713346421,-0.0038054434116929,-0.0436406582593917,0,1.4925583600997925,0.0191120579838752,0.8789491057395935,1,-0.0090881343930959,-0.0168122611939907,-0.0303391795605421,0,-0.0007667342433705,-0.000534885271918,-0.0207792054861783,0,0.661939263343811,-0.3313082456588745,1.5901305675506592,1,-0.4633315205574035,0.2077939510345459,0.7217824459075928,1,0.0003934596606995,-0.0002691936679184,-0.0007322416058741,0,0.0411609262228012,-0.0266251489520072,0.0812713056802749,0,-1.1606149673461914,0.3038320243358612,1.3128196001052856,1
1.230781078338623,-0.6782111525535583,11.17057991027832,0.003413964761421,0.0028614455368369,-0.0115521289408206,0,-0.2171106338500976,-0.5765562057495117,6.095251560211182,1,0.0040774992667138,0.0018703393870964,-0.0296846032142639,0,0.8230627179145813,-0.0212105605751276,0.4017214477062225,0,-0.8318077325820923,-0.1060357689857482,3.383309841156006,1,-0.0053875711746513,-0.0053796297870576,-0.0256750490516424,0,1.5374685525894165,0.042988546192646,0.9799935817718506,1,-0.0853221863508224,-0.0143432794138789,0.3826359808444977,0,0.0023864146787673,-0.0024060821160674,-0.0054217567667365,0
-0.4882360398769378,1.5036457777023315,12.703044891357422,-0.0057568694464862,0.0029320167377591,0.0060999300330877,0,0.003963220398873,-0.0010991729795932,0.0063640708103775,0,0.017611464485526,0.8155796527862549,4.994868278503418,1,-0.0041780229657888,0.008083427324891,-0.0489847064018249,0,0.3740354478359222,0.645650327205658,0.8914711475372314,1,-0.7259304523468018,-0.8267008066177368,2.862226963043213,1,0.0045967986807227,0.0068526254035532,0.0040307804010808,0,-0.1454286128282547,0.8725246787071228,4.015644073486328,1,-0.0046756244264543,-0.0084954155609011,-0.0305261146277189,0
1.9689651727676392,-0.2140441834926605,24.297090530395508,1.1375623941421509,-0.4866088628768921,2.3967864513397217,1,-0.0046373521909117,0.0607932321727275,-0.1346289068460464,0,0.0060730022378265,-0.0328179597854614,-0.0151686314493417,0,-0.0080652702599763,0.0088057508692145,-0.012670268304646,0,0.6311671733856201,2.0430140495300293,11.579538345336914,1,0.0183387473225593,0.0012191047426313,0.0124372392892837,0,-0.0020666136406362,-0.0644463449716568,-0.025100365281105,0,0.1787174940109253,-1.7753316164016724,10.566574096679688,1,0.0118754841387271,0.0313284620642662,-0.0706765428185463,0
1.2759056091308594,-0.0599784702062606,23.15213203430176,0.2841778993606567,-0.3928743004798889,2.0704238414764404,1,-0.0097735887393355,0.1518692225217819,-0.1974008232355117,0,0.0030986594501882,0.0022442196495831,-0.0059251957572996,0,-0.0094836633652448,0.0105961998924613,-0.0201592948287725,0,-0.1021870374679565,2.260302782058716,15.759148597717283,1,0.0172573272138834,-0.005388171877712,0.0290594212710857,0,-0.0074087972752749,0.029709743335843,-0.0382622517645359,0,1.070353388786316,-2.1779603958129883,5.638997554779053,1,0.0298714432865381,0.0615222603082656,-0.0837525203824043,0
2.9349498748779297,1.98941969871521,20.87664794921875,-0.0255346000194549,-0.0165512710809707,0.0387300625443458,0,-0.0090684499591588,0.0444067269563674,-0.0994709655642509,0,1.379513144493103,1.0719711780548096,6.870429992675781,1,-0.0036790256854146,-0.0098719866946339,0.009216115809977,0,1.2068305015563965,2.175555229187012,5.76917839050293,1,-0.0288894139230251,-0.0034639143850654,0.205606460571289,0,0.0040223710238933,-0.049909733235836,0.0203548464924097,0,0.3626603484153747,-1.254150152206421,8.073406219482422,1,0.0490949191153049,0.0314337983727455,-0.0108023360371589,0
-0.2533707618713379,-0.4768503308296203,7.782289505004883,-0.4171954691410064,-0.010945351794362,2.65524959564209,1,-0.0173425897955894,-0.0058744917623698,0.0605194419622421,0,-0.000616798759438,-0.0079430257901549,-0.0078222751617431,0,0.0172619558870792,-0.0548549480736255,0.1616011708974838,0,-0.0040687844157218,0.1759626567363739,1.0120066404342651,1,0.0046773310750722,-0.0002894205972552,0.0023390019778162,0,-0.0028161394875496,-0.0585179105401039,-0.0600646398961544,0,0.1597617417573928,-0.5062939524650574,3.972234010696411,1,0.0069680325686931,-0.0080938907340168,-0.0137733658775687,0
1.4505468606948853,-2.426500082015991,16.974224090576172,-0.0210247635841369,-0.0025508778635412,-0.0174792613834142,0,1.6500458717346191,0.2141174525022506,9.327018737792969,1,-0.0007160127279348,0.0028081147465854,-0.0126461749896407,0,-0.0065628835000097,0.0056532947346568,-0.0079228803515434,0,-0.5098021626472473,-3.322071075439453,7.397249221801758,1,0.0110573666170239,0.0163196492940187,0.0152930794283747,0,0.2764262557029724,0.5668095350265503,0.317971408367157,0,0.0466635450720787,0.0474457256495952,0.029928121715784,0,0.0044594444334506,0.044967845082283,-0.0751897394657135,0
0.243241474032402,-0.2227871716022491,13.784832000732422,0.1467709690332412,-0.0322322770953178,0.8730441331863403,1,-0.0050425729714334,0.0032299722079187,-0.0196720231324434,0,0.004620362073183,0.0035897623747587,-0.0485055111348629,0,-0.0026769139803946,0.0006338185630738,-0.036976333707571,0,-1.0865343809127808,1.0558521747589111,2.656424760818481,1,-0.0101994825527071,-0.0041407993994653,-0.0180989298969507,0,0.0043071736581623,-0.0051768478006124,-0.0202956777065992,0,1.1937789916992188,-1.2361688613891602,10.40456771850586,1,-0.0017826707335188,-0.0083740055561065,-0.0056558353826403,0
0.5688924193382263,-0.5226587653160095,18.61481285095215,0.4908476173877716,-0.5705010294914246,3.252297878265381,1,0.0010122313397005,0.0049010971561074,-0.0111797424033284,0,0.0020381603389978,0.0047171562910079,-0.0144228311255574,0,-0.0016137855127453,0.0015229479176923,0.0254954863339662,0,-0.7112758755683899,0.9082302451133728,1.6502472162246704,1,-0.0145588107407093,-0.0106045082211494,-0.0103921666741371,0,0.011007416062057,-0.0069669452495872,-0.0224426425993442,0,0.7919756770133972,-0.8644621968269348,13.757123947143556,1,-0.0005401901435106,0.0105044431984424,-0.0119150541722774,0
1.0962117910385132,-0.3247285187244415,10.313053131103516,0.0375474616885185,0.0144217265769839,-0.0009553061681799,0,0.3256299793720245,0.8487628698348999,2.4851491451263428,1,0.0078508667647838,-0.0401603616774082,-0.0139727918431162,0,0.0037554432637989,0.0109713654965162,-0.0127149373292922,0,0.5015964508056641,-0.2265226244926452,5.000476360321045,1,0.0187215786427259,0.0023796167224645,0.0041721649467945,0,-0.0003504371852613,-0.2767742872238159,0.0082881934940814,0,0.1767758280038833,-0.7202643156051636,2.891955614089966,1,0.0246845018118619,0.0624575428664684,-0.0493463650345802,0
-0.7264719009399414,-1.8730791807174685,12.782292366027832,0.0062120775692164,-0.0060758809559047,-0.0229810010641813,0,0.0110837062820792,0.0172226186841726,-0.0115823512896895,0,-0.4225850105285644,-1.5860377550125122,10.840797424316406,1,-0.0089505966752767,0.0119859063997864,-0.0470596104860305,0,0.0151134971529245,0.0219556614756584,-0.0966765210032463,0,-0.4966301023960113,-0.3239774703979492,0.9549539685249328,1,-0.0163773242384195,-0.0018095892155542,0.0366039499640464,0,0.1875259280204773,0.006329087074846,1.1484811305999756,1,-0.0018640786875039,-0.0126717370003461,-0.0202442146837711,0
1.7614469528198242,-3.597060203552246,13.870715141296388,-0.0423618182539939,-0.0392362475395202,0.0849612802267074,0,1.2568098306655884,-2.825749158859253,9.032386779785156,1,-0.0058265584520995,-0.0129047948867082,-0.0198822412639856,0,0.0069475620985031,-0.0125821381807327,0.0283285323530435,0,0.006427354644984,-0.0949815213680267,-0.3019639253616333,0,-0.0230099689215421,0.0170811768621206,0.1143937557935714,0,-0.010207881219685,-0.0846199169754982,-0.0705006867647171,0,0.0348676517605781,0.0019071191782131,-0.0701223164796829,0,0.5378008484840393,-0.545974612236023,5.073113441467285,1
0.0544512793421745,0.0815445184707641,8.542967796325684,-0.0055540977045893,-0.1335478574037552,1.5940395593643188,1,-0.0075527606531977,-0.0056210807524621,-0.0431044921278953,0,-0.0067143701016902,0.0006031609955243,-0.0067261215299367,0,0.0027223255019634,0.0004077097109984,-0.0076562529429793,0,-0.3890208005905151,0.7544752359390259,5.255386352539063,1,0.0211585257202386,8.735471783438697e-05,-0.0171645935624837,0,-0.0031069372780621,-0.0011285635409876,-0.0102209188044071,0,0.4399951994419098,-0.541840136051178,1.7863167524337769,1,0.0025242203846573,0.0081086792051792,-0.0079022170975804,0
1.6727638244628906,0.2148268371820449,2.97060489654541,0.0099305156618356,-0.0117028867825865,-0.0380384661257267,0,0.4191835820674896,0.143538013100624,0.2003658860921859,0,-0.2938621342182159,-0.0433676019310951,0.2025755196809768,0,0.0084159560501575,-0.0063085407018661,0.045610386878252,0,0.904860258102417,0.1168860048055648,1.5530916452407837,1,-0.295995831489563,0.0099933836609125,0.7013908624649048,1,0.0122365234419703,-0.005635654553771,-0.0202159844338893,0,0.9082831144332886,0.0050281737931072,0.3401156067848205,0,-0.0002882834523916,0.0063959266990423,-0.0142902489751577,0
1.0796233415603638,-1.6546573638916016,13.881046295166016,0.0422368757426738,0.001853548688814,-0.015246101655066,0,-0.4038107991218567,-0.2288962304592132,6.836252212524414,1,-0.0027391028124839,0.0069837793707847,-0.0261274464428424,0,0.001484609558247,0.0164614021778106,-0.0327730290591716,0,-0.0643583387136459,-2.701990127563477,3.764905452728272,1,0.0161295272409915,-0.0047394358552992,0.0266491528600454,0,1.4824048280715942,1.2402108907699585,3.3807077407836914,1,-0.0045509915798902,-0.0547753237187862,0.0298147518187761,0,0.0128266643732786,0.070234291255474,-0.0831374898552894,0
-0.9984997510910034,-0.5444462299346924,10.11361026763916,0.1694193929433822,-0.2535610496997833,0.4777034521102905,0,-0.0109778316691517,-0.00449691247195,-0.0294724144041538,0,0.0005817033234052,-0.0069346772506833,-0.0167450066655874,0,0.0029430540744215,-0.0008544439333491,-0.0086626270785927,0,-1.003691554069519,0.3414787948131561,6.467185020446777,1,0.0047843246720731,-0.0015970591921359,-0.0343915075063705,0,0.0042588282376527,-0.0033466632012277,-0.0225390046834945,0,-0.1662381142377853,-0.6081410646438599,3.301557779312134,1,0.0004204493016004,-0.0069931773468852,-0.0210253112018108,0
0.3174222409725189,-0.389961689710617,12.50855541229248,0.0217192713171243,-0.0010695385280996,-0.0038663109298795,0,0.1285149902105331,0.2125423699617386,0.2440605610609054,0,-0.0023861676454544,-0.009960894472897,-0.0367726050317287,0,-0.0009044292964972,0.0061823949217796,-0.0166735928505659,0,0.5164861083030701,0.1219999715685844,9.140618324279783,1,0.0207821726799011,0.0004954012110829,-0.014652750454843,0,0.0438612438738346,0.0276833921670913,0.0639746114611625,0,-0.4071274697780609,-0.7421830892562866,3.1514439582824707,1,-0.003523537190631,-0.0056516709737479,-0.0195764619857072,0
1.2105275392532349,-0.4642447829246521,21.99681282043457,1.33946692943573,-0.8763399720191956,4.097192287445068,1,-0.0072829760611057,-0.0015402424614876,-0.0329810343682765,0,0.0045447247102856,-0.0149110462516546,-0.0460090488195419,0,0.010286308825016,-0.0057840184308588,0.0438066013157367,0,-1.257255792617798,1.5664433240890503,2.226485013961792,1,0.0022171840537339,-0.010433061979711,-0.013859880156815,0,0.0116996113210916,-0.0043562888167798,-0.0183367952704429,0,1.1102886199951172,-1.1085110902786257,15.761621475219728,1,-0.003437110222876,-0.008812366053462,-0.0211063362658023,0
-1.7628029584884644,-4.899068832397461,10.395184516906738,-0.0038637537509202,-0.0080088851973414,0.0276647396385669,0,1.268012285232544,-0.9400522708892822,2.355134963989258,1,-0.099627211689949,0.0390338562428951,0.1471976339817047,0,0.0013286251341924,-0.0116688450798392,0.0084583088755607,0,0.6935380697250366,-0.1993376761674881,1.0929259061813354,1,-0.6485084891319275,0.2843756973743438,2.1413090229034424,1,-0.0019638827070593,-0.1149233356118202,0.0498113110661506,0,0.7160183191299438,-0.4819571375846863,1.2169604301452637,1,-3.687736749649048,-3.4665298461914062,3.355722188949585,1
0.1892009973526001,-0.368235170841217,10.049154281616213,0.0585346743464469,-0.0372118651866912,0.0913612693548202,0,-0.5219818949699402,0.9288763403892516,0.4837401211261749,0,0.0039499597623944,-0.0221976470202207,-0.0097825648263096,0,-0.000864892557729,0.0181312225759029,-0.0362088568508625,0,0.5569759607315063,-1.2613006830215454,7.087336540222168,1,0.0135938180610537,-0.0034721712581813,0.0154228387400507,0,0.0006900436710566,-0.0241695363074541,-0.0462347716093063,0,0.1261405199766159,-0.0648174285888671,0.1370108276605606,0,-0.0478372052311897,0.0979266166687011,2.3265085220336914,1
1.2661436796188354,0.2653550207614898,8.228843688964844,-0.0010031843557953,0.0237072333693504,-0.0642502382397651,0,0.2876547574996948,2.4762179851531982,4.378648281097412,1,0.0003670731384772,-0.0112678036093711,-0.0149016864597797,0,0.0071957716718316,-0.0032552853226661,-0.0082414783537387,0,1.253269910812378,-2.4093546867370605,3.3571035861968994,1,0.0158070996403694,0.004317982122302,0.0037290516775101,0,0.0078516136854887,0.0657040774822235,0.0527641735970974,0,0.0073421811684966,-0.0226646438241004,-0.0013441175688058,0,-0.3123417198657989,0.1419504135847091,0.5253371596336365,1
0.1994185447692871,-0.821958065032959,17.72345733642578,0.0153573965653777,-0.0464551895856857,0.0350331030786037,0,1.2423319816589355,-0.929253339767456,9.799412727355955,1,-0.0007939159404486,-0.0310872215777635,0.2371042072772979,0,-0.0048635345883667,0.0092880595475435,0.0028089259285479,0,0.7178806662559509,-2.0475518703460693,2.4308230876922607,1,0.0147975198924541,0.051242247223854,0.1185573935508728,0,-0.0059253824874758,0.0312682799994945,-0.0283926054835319,0,-0.0757135301828384,-0.0228030793368816,0.0466310940682888,0,-1.7036526203155518,2.163393974304199,5.081479549407959,1
0.6770848035812378,0.1277718245983123,2.255534648895264,-0.0021552252583205,0.0093376655131578,0.0028625864069908,0,0.6987351775169373,0.0660136044025421,0.7600402235984802,1,0.0029752452392131,-0.0100241135805845,-0.0306137576699256,0,-0.0014420364750549,-0.0033943750895559,-0.0237593930214643,0,0.4429295063018799,0.0068794176913797,0.8004001379013062,1,-0.1037803590297699,-0.022006494924426,0.1687190383672714,0,-0.0025301850400865,0.0019178633810952,0.0055724587291479,0,0.1588550508022308,-0.0044682445004582,0.0529967620968818,0,-0.5165023803710938,0.0835165008902549,0.519316554069519,1
1.3889702558517456,0.5257592797279358,8.813512802124023,0.0285569261759519,-0.0155703015625476,-0.0467841513454914,0,0.5641068816184998,0.2908699810504913,0.8442346453666687,1,-1.0507564544677734,-0.2330741733312606,0.9781551957130432,1,0.0020510100293904,0.0207509379833936,0.5026782751083374,1,1.447715163230896,0.5017141699790955,2.4424526691436768,1,-0.7401248216629028,-0.0007851931150071,2.4612951278686523,1,0.012897590175271,-0.000988952931948,-0.0174618773162364,0,1.3225938081741333,0.06337471306324,1.2170979976654053,1,-0.1980698108673095,-0.1005318537354469,0.4318442940711975,0
1.1369329690933228,-0.0753799080848693,10.38282299041748,0.0037875920534133,0.0045224395580589,-0.0015317493816837,0,0.4214949309825897,-0.0802568718791008,1.349198579788208,1,-0.3262921869754791,-0.0466821156442165,0.7675021886825562,1,-0.0018933920655399,0.0019908233080059,-0.0169856380671262,0,1.1236777305603027,0.0022031425032764,1.6839455366134644,1,-0.4597326219081878,-0.2158942073583603,2.13232159614563,1,0.0010795216076076,-0.0046261181123554,-0.0131808575242757,0,0.5510581135749817,-0.1907859742641449,0.6839562654495239,1,-0.176246628165245,0.4541489481925964,3.797596693038941,1
0.6979703903198242,-2.969778299331665,13.766111373901367,0.0545299388468265,0.0140781197696924,0.0077747427858412,0,1.9598280191421509,-2.101771354675293,-0.4917329549789428,0,-1.8892550468444824,3.777378082275391,5.8360371589660645,1,0.0031610892619937,0.0001087957207346,0.0073920148424804,0,1.3278988599777222,-1.6305698156356812,-1.4903815984725952,0,0.2739909291267395,0.050041526556015,3.8035426139831534,1,0.0174536257982254,0.0573429875075817,-0.0344324670732021,0,0.5478132367134094,-0.0534841679036617,0.014793537557125,0,-1.5974502563476562,-3.082902431488037,6.113119125366211,1
0.6884750127792358,-0.3178721070289612,5.87695837020874,0.0051986640319228,-0.0094112139195203,-0.0442432798445224,0,-1.5814467668533323,-0.8704738020896912,2.6872291564941406,1,-0.0087294857949018,-0.0148203335702419,-0.062072679400444,0,0.4354020655155182,0.2853932976722717,1.029568076133728,1,-0.0672750622034072,-0.0598413720726966,0.0843782946467399,0,-0.0056692925281822,0.0089581413194537,-0.0606635846197605,0,1.8986330032348635,0.3476697206497192,2.3143763542175293,1,0.0097534246742725,0.0065266825258731,-0.0288193486630916,0,0.002608387498185,-0.0118732089176774,-0.0427941903471946,0
2.272303819656372,1.6124221086502075,10.089825630187988,0.1634940952062606,0.6322294473648071,0.9350407719612122,1,-0.0007514407043345,0.0119743812829256,0.0158451255410909,0,0.0054759243503212,0.0101762125268578,0.0242609269917011,0,0.6447887420654297,-0.1007990986108779,1.5991920232772827,1,-0.1155957728624343,1.0304720401763916,0.2957572042942047,0,-0.0138240801170468,0.0054600252769887,-0.0021012823563069,0,0.0037490357644855,-0.0037996964529156,-0.0307446792721748,0,1.5809651613235474,0.0048579289577901,7.214668273925781,1,0.0040020435117185,0.0218507815152406,0.0379071980714798,0
0.7571653127670288,0.1710778623819351,16.95120620727539,-0.004359888844192,0.0025995739270001,-0.0206616707146167,0,1.7705501317977903,0.6458929181098938,8.451183319091797,1,0.0058716917410492,-0.0017872510943561,-0.0647945329546928,0,0.5630980730056763,0.5226806402206421,1.3464272022247314,1,-0.1932866126298904,-0.2629880607128143,0.9464708566665648,1,0.0272660478949546,0.0087557043880224,-0.0187120474874973,0,-1.377021551132202,-0.7478030920028687,6.348945617675781,1,-0.0303322579711675,0.007579181343317,-0.0127620734274387,0,-0.0046202628873288,-0.0038517280481755,-0.0248915422707796,0
-0.2874283492565155,-0.2632970809936523,10.57244873046875,-0.0185353886336088,0.009818522259593,0.0142536014318466,0,-3.581911563873291,-1.3258103132247925,5.571792125701904,1,-0.0010427512461319,0.0138979088515043,-0.0118319112807512,0,0.7436050772666931,0.7244908809661865,1.1162567138671875,1,-0.3861269354820251,-0.472650945186615,0.6993948817253113,1,0.0136240515857934,0.0028340255375951,0.0049599478952586,0,2.9292123317718506,0.7887675762176514,3.2017810344696045,1,-0.0020162591245025,-0.0017362110083922,-0.0107210297137498,0,0.0157632566988468,-0.0029086570721119,-0.0134360762313008,0
-0.9957360625267028,-0.3247272968292236,5.57916259765625,0.0886197462677955,0.0152109311893582,-0.0391761250793933,0,0.3797685205936432,-0.2772577702999115,0.805787980556488,1,-1.1774479150772097,0.3469515442848205,1.8387197256088257,1,-0.0070714401081204,0.0064591844566166,-0.0167331062257289,0,0.2716888189315796,-0.2230397760868072,0.5876014828681946,1,-0.2772033512592315,-0.0040225810371339,1.0012075901031494,1,-0.0085250604897737,-0.0260798577219247,-0.0177933368831872,0,0.111501507461071,-0.1267506182193756,0.1382613182067871,0,-0.3770669102668762,-0.0361983031034469,1.2812871932983398,1
-0.7816363573074341,1.0219537019729614,16.34086799621582,-0.0104702161625027,0.0058560040779411,0.012287407182157,0,0.3662558495998382,0.2551356554031372,0.8067197799682617,1,0.0043289992026984,-0.017387731000781,-0.0485340841114521,0,0.0016280938871204,0.0018086635973304,-0.0073987822979688,0,0.3575752973556518,0.6808209419250488,5.799182891845703,1,-0.0252262987196445,-0.0032499118242412,-0.0203889440745115,0,-0.0027898736298084,0.0066974852234125,-0.0076708840206265,0,-1.4695669412612915,0.0894079580903053,9.838655471801758,1,-0.0033713211305439,0.002864635316655,-0.0319851264357566,0
1.202683925628662,-0.2131078839302063,3.628651142120361,-0.0108877727761864,-0.000449156796094,0.0072728488594293,0,0.04764961078763,0.0214374084025621,0.0120121538639068,0,-0.4602780044078827,-0.0397814698517322,0.6222330331802368,1,0.0037824844475835,-0.0023955414071679,0.0297931414097547,0,0.586222767829895,0.0566207654774189,1.1709150075912476,1,-0.1255947202444076,-0.0007055085152387,0.3129661381244659,0,0.0035590392071753,0.0024499117862433,0.0070720179937779,0,1.1598398685455322,-0.2590343356132507,1.4520819187164309,1,-0.0016093290178105,0.0087500289082527,0.0143049331381917,0
1.4738839864730835,0.2910280525684356,16.93541145324707,1.144062042236328,-0.4211565852165222,1.235927939414978,1,-0.0081986188888549,0.1245595142245292,0.1162686944007873,0,0.0012532548280432,-0.0204333122819662,0.022482581436634,0,0.0081012360751628,0.0010177659569308,0.0168691333383321,0,0.5773859620094299,0.9277080297470092,8.11447811126709,1,0.0040226490236818,0.0069872662425041,0.0028513374272733,0,-0.0022532921284437,-0.1017223000526428,0.0389021411538124,0,-0.2776407599449157,-0.2576007544994354,7.394968032836914,1,0.0271517001092433,0.0316684246063232,-0.0073367110453546,0
0.3024457693099975,-2.910030126571656,10.330536842346191,-0.0110878897830843,0.0140339201316237,0.0270911268889904,0,0.238348051905632,-1.3101513385772705,4.7629876136779785,1,-0.0010253372602164,-0.0147481560707092,-0.070951372385025,0,0.0051337871700525,-0.0108820647001266,-0.0007005045190453,0,0.0135132418945431,-0.0115742664784193,0.0455720499157905,0,-0.1856526434421539,0.3266973793506622,3.505225419998169,1,-0.0049724197015166,0.0472590625286102,-0.0222788099199533,0,0.0208984222263097,-0.0305008217692375,0.0205861777067184,0,0.227290540933609,-1.9201637506484983,2.0630054473876958,1
0.0095397382974624,0.2102372646331787,7.2066473960876465,-0.009061730466783,0.001541628036648,0.0036543193273246,0,-0.012435533106327,-0.0030189442913979,-0.0344461500644683,0,0.0017650906229391,-0.0117033272981643,0.0077564110979437,0,-0.0012234357418492,0.0078443363308906,-0.0039036048110574,0,0.4107468426227569,0.528098464012146,4.662759780883789,1,-0.0038909413851797,-0.0040803421288728,-0.0057540987618267,0,-0.0209565553814172,0.0043415878899395,0.0340420193970203,0,-0.3560836911201477,-0.3087328672409057,2.566885232925415,1,0.0006796863744966,-0.004053290002048,-0.0243467558175325,0
0.4708558917045593,-2.197065591812134,11.161324501037598,0.0415550470352172,-0.0218748226761817,0.0300237722694873,0,0.3535193502902984,-0.5151105523109436,2.5038158893585205,1,0.0001112360550905,-0.0135685708373785,0.0062826788052916,0,-0.0027722860686481,0.0003726175345946,0.0035089168231934,0,0.2465890198945999,-0.5147061944007874,3.617260217666626,1,0.0111366463825106,0.0048562632873654,0.0115863131359219,0,0.0002289348631165,-0.0484645254909992,0.0452392548322677,0,-0.1947118043899536,-1.1487650871276855,4.957190990447998,1,0.015199719928205,0.060195155441761,-0.0135829569771885,0
0.6713254451751709,-0.2988992631435394,9.812067031860352,-0.2899674773216247,-0.068179965019226,2.8352739810943604,1,0.0032960060052573,0.0080495234578847,0.0019476985326036,0,-0.0018794297939166,-0.009507649578154,-0.0648280903697013,0,1.0184290409088137,-0.3587815463542938,3.395683526992798,1,0.000922062608879,0.0054595791734755,0.0122022442519664,0,-0.0014380495995283,0.0010974252363666,0.0135564086958765,0,0.2757237553596496,-0.0948015376925468,0.3837900757789612,0,-0.3315477669239044,0.2145347148180008,3.243845701217652,1,-0.0022127903066575,0.0032302427571266,-0.009404057636857,0
-0.1221831664443016,-0.3637207448482513,13.53561019897461,-0.0118513004854321,-0.0820562168955802,0.2307680547237396,0,-0.003011145396158,-0.0061422800645232,-0.0403732545673847,0,0.0008517707465216,-0.0058492035605013,-0.0449704900383949,0,0.0051871198229491,0.0024851467460393,0.0303086433559656,0,-1.189391851425171,0.7824658751487732,11.976036071777344,1,0.0047184475697577,-0.0062995366752147,-0.0107277082279324,0,0.000636582088191,-0.0036215712316334,-0.0121909752488136,0,1.0654903650283811,-1.067963719367981,1.3821079730987549,1,0.0051868353039026,0.0232607908546924,0.0246524345129728,0
1.5359840393066406,-0.4175340831279754,9.611310005187988,0.0018411055207252,3.5020708310185e-05,0.0123766725882887,0,0.5293055772781372,0.102109856903553,0.7537846565246582,1,-0.7655810117721558,-0.2465672194957733,2.154072999954224,1,0.002834434621036,0.0050611984916031,-0.0046194992028176,0,1.5090457201004028,0.2744219303131103,2.043017864227295,1,-0.3507998287677765,-0.2267254739999771,1.922128677368164,1,0.0070640058256685,-0.003691918682307,-0.0027406048029661,0,0.8130821585655212,-0.2973855435848236,1.4842230081558228,1,-0.2108080089092254,-0.0247919261455535,1.2490659952163696,1
0.6897709369659424,0.0569758340716362,16.352392196655273,0.5434355139732361,0.0296088233590126,5.676889896392822,1,0.0432971194386482,-0.0557041019201278,-0.0146629698574543,0,-8.204131154343486e-05,0.0115339923650026,0.0044313673861324,0,0.6232664585113525,-0.3997063338756561,1.397176742553711,1,0.0731241554021835,0.4639735519886017,3.03818154335022,1,-0.0053036585450172,0.0038191878702491,-0.0073596681468188,0,-0.0003359025868121,0.1663902103900909,-0.0243579018861055,0,-0.6055483818054199,-0.1252019852399826,6.272159099578857,1,0.0179176554083824,-0.0377374961972236,0.0099327685311436,0
1.7439481019973757,-1.2889540195465088,16.931900024414062,-0.009148621931672,0.0011288323439657,-0.0222030188888311,0,1.3623896837234497,-0.0533900372684001,5.846384525299072,1,0.0020142125431448,-0.0056619653478264,-0.0298514049500226,0,-0.0081726992502808,0.0040027252398431,-0.0141623662784695,0,0.5196089744567871,-1.0115861892700195,11.05811882019043,1,0.0219432804733514,0.0173436682671308,0.0157750695943832,0,2.6364714358351198e-06,-0.1704484224319458,-0.015093115158379,0,-0.1374858915805816,-0.0773481875658035,0.087008886039257,0,-0.0072034420445561,0.0070055657997727,0.0059202201664447,0
0.2710971534252167,-0.7976504564285278,11.191144943237305,0.025704488158226,-0.0046098134480416,-0.0330845825374126,0,0.0383525118231773,-0.700457751750946,4.207307815551758,1,-0.0080433394759893,-0.0123780164867639,-0.0371284820139408,0,1.1191123723983765,0.6542568802833557,3.00345516204834,1,0.0067417602986097,-0.0044804578647017,0.0138609483838081,0,0.0133052850142121,0.0054555893875658,-0.0266966726630926,0,-0.9065611958503724,-0.732428252696991,4.02642822265625,1,-0.0218995828181505,-0.0066195139661431,0.0390304885804653,0,0.0043847816996276,0.0036109366919845,-0.0020271099638193,0
1.6462008953094482,-0.7378227710723877,25.69383811950684,-0.6122540235519409,1.3644635677337646,1.837341070175171,1,-0.0226134322583675,0.0755710154771804,-0.1553835272789001,0,0.0059225889854133,-0.0336178615689277,-0.0413836501538753,0,0.8426309823989868,-3.159102439880371,4.238210678100586,1,1.0956376791000366,3.5124082565307617,13.169977188110352,1,0.0385127142071723,0.0229284930974245,0.3251266777515411,0,-0.0400396324694156,0.1341133564710617,-0.4165310263633728,0,1.2638654708862305,-4.126292705535889,5.924391746520996,1,-0.9254615902900696,1.471705675125122,0.812090277671814,1
0.9861233234405518,0.1346513777971267,12.236649513244627,0.4011016190052032,-0.4598032534122467,0.9773669242858888,1,-0.1054478660225868,0.2359320670366287,-0.0336868055164814,0,0.0009425188763998,0.0039394586347043,0.0011953308712691,0,0.0081623038277029,-0.0061816214583814,-0.0035551150795072,0,0.3970043659210205,1.190669059753418,9.346131324768066,1,0.0108150215819478,0.0151167642325162,0.0375331938266754,0,-0.0121650733053684,-0.0108633507043123,-0.0451885499060153,0,0.2814977467060089,-0.8120951652526855,1.95160973072052,1,0.0042127398774027,-0.0220625828951597,0.005244621541351,0
0.642375111579895,0.1826823353767395,5.955114841461182,0.0097578708082437,-0.0065116956830024,-0.0155667988583445,0,-0.0116084096953272,0.0027736499905586,-0.0119980182498693,0,0.1822325587272644,0.0205017700791358,1.818774700164795,1,0.0010786736384034,0.0013870000839233,0.0038546056021004,0,0.2171694040298462,0.1510550677776336,0.0346128568053245,0,-0.003127179807052,-0.0032845686655491,0.0072614434175193,0,0.0027208961546421,-0.0031602191738784,-0.0041259904392063,0,0.2438456714153289,0.0106095382943749,4.1021928787231445,1,0.0003056427522096,0.0093118054792284,0.0201092064380645,0
1.4320719242095947,-0.5010859966278076,7.921432018280029,0.2184430360794067,0.0977441668510437,0.6837981939315796,1,-0.8325794339179993,-0.5740357041358948,2.472450017929077,1,-0.0020182596053928,0.0023459270596504,-0.0216070897877216,0,1.4683893918991089,0.2314695119857788,1.5828193426132202,1,-0.2395639568567276,-0.2047688663005828,1.1644947528839111,1,0.0072255879640579,-0.0143398316577076,0.0340660661458969,0,1.0138664245605469,0.0757529884576797,1.0508840084075928,1,-0.2053662538528442,-0.1104088947176933,0.9674761295318604,1,0.0036753278691321,-0.0048452797345817,-0.0129495905712246,0
0.1060919463634491,0.0963646471500396,15.226133346557615,0.011978693306446,-0.0011124968295916,-0.0244608204811811,0,-0.0162409134209156,0.2258333712816238,1.8491722345352173,1,0.0018531113164499,-0.0136558096855878,-0.0213763304054737,0,-0.0072140120901167,0.0039317398332059,-0.074188195168972,0,0.292251855134964,0.3041386008262634,7.965510368347168,1,-0.0065668611787259,0.0015950164524838,-0.0141018871217966,0,-0.0058498783037066,0.0025021161418408,0.0043452782556414,0,-0.1636448353528976,-0.4330185353755951,5.5551838874816895,1,-0.0004752433742396,0.0061506070196628,-0.0139505928382277,0
0.5416089296340942,0.469959557056427,6.745415687561035,-0.0050447680987417,0.0041857212781906,0.0100747039541602,0,0.0067036086693406,-0.0157361961901187,0.0041979392990469,0,-0.0079856654629111,-0.0113328304141759,-0.0193911772221326,0,0.0035830563865602,0.0038294093683362,0.0163123607635498,0,0.4982304275035858,0.3361026644706726,4.842187881469727,1,0.0064970110543072,0.00440891738981,-0.0255184099078178,0,-0.0005089179030619,0.0014228984946385,-0.0064077824354171,0,0.0452142842113971,0.1476422995328903,1.931936502456665,1,-0.0050800768658518,-0.0005633359542116,-0.0079765412956476,0
-1.9300373792648315,2.170948028564453,8.837109565734863,1.833725929260254,-0.558864176273346,2.557347059249878,1,0.0021123110782355,0.0041601988486945,-0.0086022717878222,0,0.0025511540006846,-0.0126789519563317,0.003590925829485,0,0.6658730506896973,-0.4785191714763641,1.7200804948806765,1,-0.4633282721042633,0.5567340850830078,2.9833431243896484,1,0.0068337991833686,0.0047416281886398,0.0306069962680339,0,-0.0218143966048955,-0.1042579934000969,0.0545712374150753,0,-3.945295810699463,2.7620999813079834,1.4771184921264648,1,-0.0106950616464018,-0.0024676963221281,0.0190534945577383,0
1.323214411735535,-0.4949308633804321,20.57882308959961,0.0425160974264144,-0.1666707992553711,0.9662488102912904,1,0.0405510626733303,0.1426756829023361,-0.1180694177746772,0,0.0029702587053179,0.0020059675443917,0.0184236541390419,0,-0.0139441601932048,0.0070125008933246,-0.0583961978554725,0,0.2525779008865356,1.5283311605453491,13.180198669433594,1,0.014431563206017,0.0024346425198018,0.0264811087399721,0,-0.0114933457225561,-0.0903829261660575,-0.1537256687879562,0,0.9905707836151124,-1.9171335697174072,6.754766464233398,1,0.0050343051552772,-0.0032035198528319,-0.0371037721633911,0
0.7757972478866577,-0.2406424582004547,5.1684441566467285,-0.009074960835278,-0.0063074734061956,-0.009182802401483,0,-0.0684583187103271,-0.1620416641235351,1.8648366928100584,1,-0.000482493196614,-0.002044603228569,0.0227686241269111,0,0.266736626625061,0.0873889848589897,0.6355646252632141,1,-0.1429441720247268,-0.0418283976614475,0.2047528624534607,0,-0.0044404929503798,-0.0166168175637722,0.0133586218580603,0,0.6987199187278748,-0.1084828749299049,2.53608775138855,1,0.0402312129735946,0.0106918690726161,-0.0810448378324508,0,-0.0044900928623974,-0.0014014696935191,-0.018697740510106,0
2.594583511352539,1.0656356811523438,14.260225296020508,0.0068204295821487,0.0057469136081635,-0.0107663040980696,0,1.572517156600952,0.0277245081961154,4.906591892242432,1,0.0030896121170371,0.0118131898343563,0.0036698398180305,0,0.0079025486484169,-0.0012127071386203,0.0382607541978359,0,2.448909044265747,-0.2439279109239578,4.642353057861328,1,-0.2561445236206054,0.2388645559549331,0.4713141322135925,0,-0.0001988098229048,-0.0014127832837402,-0.0033812779001891,0,0.6630908250808716,-0.406920462846756,1.25237774848938,1,-1.8514028787612915,1.4349603652954102,2.9598069190979004,1
0.1778623610734939,0.0102811651304364,11.812623023986816,0.0762276053428649,0.0464929193258285,2.85102915763855,1,-0.0023938769008964,-0.0207706559449434,-0.0083134202286601,0,-0.0004186100559309,0.0113392891362309,-0.003022008575499,0,0.9072824716567992,-0.5610336065292358,5.1026716232299805,1,-0.0035685782786458,0.0092184301465749,-0.0264431275427341,0,0.005018061492592,0.0052665001712739,-0.0263032987713813,0,0.0206884071230888,-0.0287922248244285,0.0192553326487541,0,-0.8154207468032837,0.5607558488845825,3.944726228713989,1,-0.0095522841438651,-0.0121953887864947,-0.0409772992134094,0
-0.9412081837654114,1.8265540599823,19.752763748168945,1.3419800996780396,-0.4362733066082001,1.029548406600952,1,0.0106189223006367,0.2716536223888397,1.9640840291976929,1,0.0661389008164405,-0.0125133292749524,0.4795180261135101,0,0.4190471172332763,-0.1851989328861236,0.9882593154907228,1,-0.3419629633426666,0.9074385166168212,8.871129989624023,1,0.2029133886098861,0.1433363556861877,2.991728544235229,1,-0.0097506027668714,-0.091817706823349,-0.0322678200900554,0,-2.7143747806549072,1.1117609739303589,3.0967187881469727,1,0.0841817110776901,0.1181678771972656,0.3640459477901459,0
-0.6372019648551941,-3.643253803253174,19.11029815673828,-0.0030792723409831,0.029853606596589,-0.0166873391717672,0,1.7927594184875488,-1.4663872718811035,4.094548225402832,1,-0.1356072574853897,0.0053271069191396,0.1034650430083274,0,0.0026352531276643,0.004271135199815,-0.0043357266113162,0,0.2391374558210373,-0.3677912652492523,-0.4558238089084625,0,-1.2510206699371338,-0.8418123722076416,6.764904022216797,1,1.1848780559375882e-05,-0.0760420709848404,0.0002575193357188,0,-0.0064528114162385,-0.0117535423487424,-0.0625500753521919,0,-1.2755858898162842,-0.9189191460609436,8.68652057647705,1
0.1075319498777389,-1.368769884109497,13.987677574157717,0.8494147658348083,-0.1528308540582656,1.004621982574463,1,-0.3523247539997101,-0.3597931265830993,2.4295847415924072,1,0.001486089429818,0.0008131289505399,0.0019467930542305,0,1.0550029277801514,-0.204444408416748,6.420129299163818,1,-0.0591790564358234,0.0106094935908913,0.0105706676840782,0,0.003273906186223,0.0007371031679213,-0.0203830078244209,0,-1.3916633129119873,-0.664126992225647,4.147423267364502,1,9.303921251557767e-05,-0.0043057291768491,-7.68566460465081e-05,0,0.0014282296178862,0.0045714783482253,-0.0061395526863634,0
-0.1420323103666305,-0.19495190680027,8.348762512207031,0.0257725697010755,-0.0897303745150566,0.8051899671554565,1,0.0067204744555056,-0.0260293614119291,0.0348603501915931,0,-0.0036767518613487,-0.0008229998638853,0.0201080702245235,0,-0.0012052995152771,0.1825889647006988,4.052017688751221,1,-0.0048636398278176,-0.0044691483490169,0.0451312512159347,0,-0.0043918346054852,-0.012599435634911,0.039978802204132,0,-0.1430177092552185,-0.2261800616979599,3.2840614318847656,1,-0.0190820563584566,-0.0125943180173635,0.0871983841061592,0,0.0017119331751018,-0.0051151812076568,-0.019783167168498,0
0.2440867125988006,-0.7451950907707214,8.969276428222656,-0.2124508321285247,0.3369228541851043,2.271900415420532,1,-0.0059892390854656,0.0067248451523482,-0.0301619116216897,0,3.482409374555573e-05,-0.0061516817659139,0.0066910786554217,0,0.2544853389263153,-0.3173241913318634,1.1678439378738403,1,-0.0081718871369957,0.0371420048177242,0.003183705965057,0,0.0064533548429608,-0.0132388733327388,0.0167250800877809,0,-0.0162109620869159,-0.0650740936398506,-0.1289557814598083,0,0.204978346824646,-0.7769640684127808,5.68744421005249,1,0.0209577623754739,0.0527681075036525,-0.0253942348062992,0
-0.9109134078025818,0.1502983570098877,15.77302360534668,-0.0298596117645502,0.0189269762486219,-0.0250823181122541,0,-1.0932793617248535,2.15002703666687,7.094388484954834,1,-0.0013731783255934,0.0084924269467592,-0.0450398810207843,0,0.0013249270850792,-0.0048398706130683,0.0080787353217601,0,1.2008907794952393,-2.8677663803100586,2.708465576171875,1,0.0221453290432691,0.016318229958415,-0.0067713651806116,0,-0.0194299556314945,0.0216812398284673,0.0034775547683238,0,-0.047174546867609,0.0082698743790388,-0.0512659810483455,0,-0.9441577196121216,0.7991889715194702,6.086772441864014,1
0.611087441444397,-0.5556607842445374,5.348410129547119,-0.0428656600415706,-0.0028001402970403,-0.0307439006865024,0,-0.003571000881493,-0.020394193008542,0.0284543596208095,0,0.0008920609252527,0.0041165733709931,-0.0070640733465552,0,0.6756440997123718,-0.4799835979938507,4.788855075836182,1,-0.0216611009091138,0.0222759880125522,-0.1309725642204284,0,0.0004866771923843,-0.0020972650963813,-0.0044350014068186,0,0.1826240420341491,-0.1035924181342125,0.5180553197860718,1,-0.1703942567110061,0.0349582098424434,0.1887904107570648,0,-0.0100674154236912,-0.0081439288333058,-0.0025295985396951,0
1.5180256366729736,-0.3036825060844421,5.656925201416016,0.0151099497452378,-0.0075371572747826,-0.0403794310986995,0,0.493139773607254,0.0507002733647823,0.189796581864357,0,0.0038709992077201,-0.0271665677428245,1.2779335975646973,1,-0.0028722446877509,-0.001080319751054,-0.0122013892978429,0,1.5694235563278198,-0.4852302670478821,1.1030462980270386,1,-0.0473554916679859,0.2040146440267563,1.4850397109985352,1,-0.0021830268669873,-6.753513298463076e-05,-0.0057694525457918,0,0.2396245449781417,-0.275428831577301,0.6533689498901367,1,-0.7507324814796448,0.2381132245063781,1.00609028339386,1
0.3999028205871582,-0.4939902722835541,5.317089557647705,2.7622327252174728e-05,-0.0016101172659546,0.0008739449549466,0,-0.0020616338588297,0.0054835197515785,-0.0171085949987173,0,-0.1736303865909576,-0.3562032580375671,2.928194522857666,1,-0.0007138108485378,0.0043191374279558,-0.041809044778347,0,0.5179691910743713,0.0689616724848747,0.7578513622283936,1,-0.1389058530330658,-0.1091753020882606,0.7580083608627319,1,0.0073834783397614,-0.0043548243120312,-0.0171122122555971,0,0.1985157579183578,-0.0996543392539024,0.959556758403778,1,-0.0086815580725669,-0.0017567687900736,-0.0113656148314476,0
0.4763482809066772,0.0761750862002372,9.04245948791504,0.004260336048901,0.013889767229557,-0.0321528017520904,0,-0.0230966191738843,-0.0158766191452741,0.0068364250473678,0,-0.0030821715481579,0.0091648222878575,-0.011682110838592,0,0.6308330297470093,0.1343325823545456,8.937385559082031,1,-0.0043448922224342,0.0038841846399009,0.0184105150401592,0,0.001197482808493,0.0007293467642739,0.0046541187912225,0,-0.1224343925714492,-0.074473813176155,0.0970456823706626,0,-0.0003568770480342,-0.0033276278991252,0.0234299134463071,0,-0.0066276029683649,0.0078524472191929,-0.0014675925485789,0
0.72636878490448,1.045738697052002,8.12612247467041,0.0273439679294824,0.0111378375440835,-0.015658663585782,0,0.5200943946838379,1.0873724222183228,4.552257061004639,1,-0.0002585780748631,-0.0119516430422663,0.0179498475044965,0,0.0563787221908569,0.0167244616895914,0.0750082060694694,0,0.0209349896758794,0.022352373227477,2.830411672592163,1,0.0079345991834998,-0.0045292051509022,0.0059806760400533,0,0.1143685430288314,-0.1202633082866668,0.6908352971076965,1,-0.0073911133222281,0.074834443628788,-0.0242264829576015,0,-0.0130367819219827,-0.029938630759716,-0.0064354175701737,0
0.3855069875717163,0.8163778781890869,3.009979248046875,-0.0038198386318981,0.0075422539375722,0.0152896530926227,0,1.160462498664856,0.330297976732254,0.1133055314421653,0,0.002500424394384,0.0220025870949029,0.0317288376390934,0,0.0076308706775307,-0.0066698766313493,0.0536564514040946,0,0.8121643662452698,0.0431428514420986,1.447657585144043,1,-0.2194488495588302,0.1229990571737289,0.3662601113319397,0,-0.0025375792756676,0.0024863195139914,0.0034436602145433,0,0.085298828780651,-0.0213052090257406,0.2130960375070572,0,-1.4567437171936035,0.3158819377422333,0.7655412554740906,1
0.3236921429634094,-0.4657437205314636,11.162747383117676,0.1251089125871658,0.1068229004740715,0.3259173631668091,0,-0.0098205339163541,0.0199848543852567,-0.0467834919691085,0,0.0075427945703268,-0.0209524799138307,-0.0753939747810363,0,0.332224577665329,-0.4240821599960327,5.020546436309815,1,0.0028519860934466,0.0060062105767428,-0.0550901480019092,0,-0.0053104385733604,-0.0012778027448803,-0.0274801477789878,0,-0.1287207156419754,-0.1467890441417694,6.023083209991455,1,0.0038039044011384,-0.0069115865044295,0.0021554054692387,0,-0.0039883344434201,0.0014553673099726,-0.004206690005958,0
-0.9687379002571106,2.9175307750701904,16.569658279418945,-0.0020982476416975,0.0029713332187384,-0.0151937631890177,0,-0.0070845424197614,0.0102727422490715,-0.0357554219663143,0,-1.0436372756958008,0.1242723390460014,4.420392036437988,1,-0.0003537582815624,0.0008876982028596,-0.0191395748406648,0,0.8991230130195618,3.117558479309082,6.361545085906982,1,0.0160866901278495,0.0179182179272174,-0.0644551441073417,0,-0.0093679530546069,0.0162247698754072,0.0229506269097328,0,-0.8207184076309204,-0.3769650459289551,5.895716190338135,1,-0.000687371531967,0.0043901531025767,0.0035998248495161,0
0.5122606158256531,-0.4712978005409241,6.21420955657959,-0.0024565707426518,0.0001274110545637,-0.0042616124264895,0,0.151533618569374,0.0299861505627632,0.1771234571933746,0,-1.3517534732818604,-0.4879264831542969,1.9514814615249636,1,-0.0061744633130729,0.0073402714915573,-0.0457917265594005,0,0.9214143753051758,0.1536318659782409,1.3671660423278809,1,-0.7370275855064392,-0.3252586722373962,1.5973683595657349,1,-0.0056937173940241,-0.0046738432720303,-0.0150470016524195,0,1.550245761871338,0.1477520167827606,1.1617093086242676,1,-0.0078273536637425,0.0077234879136085,0.0244611371308565,0
1.0706061124801636,-0.8651487827301025,8.764440536499023,0.0221876855939626,-0.0039733918383717,0.0556215234100818,0,0.4698500037193298,0.206488624215126,2.8487274646759038,1,-0.0128551283851265,-0.0061153913848102,-0.0592653676867485,0,5.073245120001957e-06,0.002010095398873,-0.0230731926858425,0,0.5675441026687622,-0.9232075810432434,5.971802711486816,1,0.0163502153009176,0.0030041467398405,-0.0079767731949687,0,-0.0052590938284993,-0.0982844904065132,-0.0487723015248775,0,-0.0082003194838762,-0.0432124435901641,0.0360835678875446,0,0.0209835059940814,-0.0018583406927064,-0.0087078930810093,0
1.0090888738632202,0.2953065633773803,22.760961532592773,-0.003160381456837,0.0030841624829918,0.0069546983577311,0,0.0039447601884603,0.0273078009486198,-0.0360579900443553,0,-0.7951311469078064,-0.7365955114364624,2.4089508056640625,1,0.0045275902375578,-0.0019782695453613,0.0241689048707485,0,2.6185197830200195,1.86699640750885,4.03262996673584,1,-0.0091688493266701,0.0081782415509223,-0.06537576764822,0,0.0050805634818971,-0.0010687444591894,-0.0018345934804528,0,-0.8163195848464966,-0.879724383354187,16.394664764404297,1,0.0007962421514093,0.0091067496687173,-0.00314029189758,0
-0.1713718473911285,-1.3916908502578735,7.129641056060791,-0.0174642074853181,0.0109638385474681,-0.0508663691580295,0,-0.464508444070816,0.3543357253074646,3.192680597305298,1,-0.0005585516919381,0.003946297802031,-0.0486983731389045,0,-0.0017474612686783,0.004315901082009,-0.0332805067300796,0,0.1977806687355041,-1.6427206993103027,3.831111192703247,1,0.0046880058944225,-0.0030460797715932,-0.0184553563594818,0,-0.006918491795659,-0.1603141725063324,-0.0629999339580535,0,0.1160997450351715,-0.1223496198654174,0.1417250335216522,0,0.0012569105019792,0.1631780117750167,0.1784248948097229,0
2.8933918476104736,1.3961600065231323,17.15548324584961,0.0637562125921249,-0.0545924305915832,0.3340278565883636,0,-0.212609052658081,1.6409969329833984,3.5932114124298096,1,0.0011161947622895,-0.0095924772322177,-0.0222590528428554,0,0.0002448351879138,0.0082306442782282,-0.021094350144267,0,0.8015308976173401,0.3989160060882568,7.987462520599365,1,0.0147916143760085,0.0057349861599504,0.0202976129949092,0,-0.0057462221011519,-0.0441606193780899,-0.0819075629115104,0,2.225856304168701,-0.5668808817863464,5.363294124603272,1,0.0044509270228445,0.0175076555460691,-0.017548955976963,0
2.111169576644897,1.2928601503372192,24.14047813415528,1.6843072175979614,0.0710114240646362,4.351991176605225,1,0.0185190662741661,0.1132291406393051,0.0037560535129159,0,0.005029231775552,-0.0259622540324926,0.0024252070579677,0,0.3832941651344299,-0.1879172474145889,0.662773609161377,1,0.2592419385910034,1.367304444313049,9.493809700012209,1,0.0170451998710632,0.0017990539781749,0.0332249887287616,0,-0.0073965629562735,0.1095408648252487,-0.0781801417469978,0,-0.2668070495128631,-0.2195906937122345,9.712778091430664,1,0.0179364532232284,0.0634453520178794,-0.0421000123023986,0
1.4727104902267456,-0.6404580473899841,8.33187484741211,0.7357812523841858,-0.1704891771078109,1.5741267204284668,1,-0.5856124758720398,-0.1856932640075683,1.616688847541809,1,0.0023004037793725,0.0102408733218908,-0.0208459980785846,0,1.1576817035675049,-0.1954857409000396,1.547645926475525,1,-0.7281668782234192,0.0311024133116006,1.1235657930374146,1,0.0038482691161334,-0.000439297495177,-0.0223739929497241,0,1.276249647140503,-0.0798728168010711,1.8080990314483645,1,-0.4000313878059387,-0.0534486584365367,0.7073695063591003,1,0.0106600541621446,0.0036275906022638,-0.0024010748602449,0
0.6950284242630005,-0.3639656007289886,20.1176815032959,-0.0302891042083501,0.014233011752367,0.0287404414266347,0,-0.0117349745705723,0.0067749987356364,-0.0487412884831428,0,-0.1785778552293777,-0.6121934056282043,4.3935160636901855,1,-0.0016137175261974,-0.0029125842265784,0.05736093968153,0,1.300573468208313,0.9933974146842957,4.218467712402344,1,0.0199525151401758,0.0069282348267734,-0.0475369356572628,0,-0.0066369520500302,0.0016027659876272,-0.0019834181293845,0,-0.3921068608760834,-0.7736359238624573,11.533045768737791,1,-0.0045380666851997,0.0018398810643702,-0.0151875205338001,0
0.0368255674839019,-0.5464345812797546,23.811803817749023,0.0023629534989595,-0.0078535377979278,-0.0046261101961135,0,-0.0080823665484786,0.0038899474311619,-0.0490031354129314,0,0.5106391310691833,1.2790075540542605,4.231110095977783,1,-0.0022544437088072,-0.0033010877668857,-0.0468873605132103,0,1.011406183242798,2.1802237033843994,1.9488708972930908,1,-1.1301485300064087,-2.0711514949798584,4.950589179992676,1,0.0407794117927551,0.0381751656532287,0.0386895053088665,0,-0.3871068060398102,-1.9697588682174685,12.752631187438965,1,-0.0007699714042246,0.0043341270647943,-0.0095699410885572,0
-1.745733380317688,0.3846557438373565,6.921138286590576,-0.0501781180500984,-0.1753702908754348,0.8046280741691589,1,-0.0061789071187376,0.017589908093214,-0.026586627587676,0,-0.0043944073840975,-0.0001219889236381,0.0350464545190334,0,-0.0087343323975801,0.0063677160069346,-0.0597866103053092,0,-1.1765902042388916,0.7440467476844788,1.583748698234558,1,-0.0007110318983905,0.0113765578716993,-0.0485361404716968,0,-0.00281996675767,-0.0015745717100799,-0.0045107342302799,0,-0.4961545169353485,-0.2207649201154709,4.643359661102295,1,2.8255613869987428e-05,0.0031066378578543,-0.0062244371511042,0
-1.637463092803955,-2.946640968322754,8.012590408325195,0.0244286973029375,0.0703418999910354,-0.1051343530416488,0,2.3550262451171875,-2.529141426086426,2.653928756713867,1,-0.1991117596626281,0.1334997117519378,0.4104659557342529,0,0.0087079964578151,-0.0112294545397162,0.0321965813636779,0,0.3939660191535949,-1.297796368598938,0.1638317555189132,0,-0.7463692426681519,0.3109563589096069,1.725745439529419,1,0.0002770625578705,-0.0307921282947063,0.0398676060140132,0,0.0394478552043437,-0.0098570566624403,0.0491354241967201,0,-3.513835906982422,0.417377769947052,3.042553663253784,1
1.2121388912200928,0.9866077303886414,11.86425495147705,0.0097915008664131,0.0034496784210205,-0.0188081059604883,0,0.955661118030548,0.4833150207996368,1.2778706550598145,1,-0.2699986398220062,-0.0451197475194931,0.6100940704345703,1,0.0049377726390957,0.0018983674235641,0.7699635624885559,1,1.7597676515579224,0.6616905927658081,3.092740774154663,1,-0.7293606400489807,0.0556599646806716,2.8265180587768555,1,-0.003914080094546,-0.0031358241103589,0.0092554865404963,0,1.1053860187530518,-0.0018506982596591,1.4693453311920166,1,-1.6201317310333252,-0.1692996472120285,1.8272751569747925,1
1.011475920677185,-2.0905022621154785,10.255799293518066,-0.0296499393880367,0.0077956416644155,-0.0436163172125816,0,-0.00343070900999,-0.0063853953033685,-0.0119180111214518,0,-0.5351407527923584,0.3201145529747009,4.852609634399414,1,-0.0024795832578092,0.0010725097963586,-0.0141641292721033,0,0.4233082830905914,-0.2224329859018325,0.3349064290523529,0,-0.6955601572990417,-1.3671233654022217,0.7148996591567993,1,0.0054505658335983,0.0056215054355561,-0.034272763878107,0,1.8366577625274656,-0.8610955476760864,4.506760597229004,1,0.012320484034717,0.031930822879076,-0.0494056940078735,0
1.123971700668335,-0.113475315272808,15.294830322265623,0.004707746207714,0.0037479274906218,-0.0205591712146997,0,0.96907776594162,0.5223169326782227,8.216965675354004,1,-0.0069963932037353,-0.0142267532646656,0.0443289838731288,0,0.0038118737284094,-0.001671727746725,0.0250083804130554,0,-0.0755792781710624,-0.5851348638534546,4.068584442138672,1,0.0073508955538272,0.0088882911950349,-0.0376507751643657,0,0.5377527475357056,0.2197605520486831,0.5494112372398376,1,-0.3168108165264129,-0.2768581211566925,2.449543237686157,1,0.0006571077392436,0.009702424518764,-0.0007997585926204,0
-0.4996067881584167,2.7973320484161377,16.4946231842041,0.0098791988566517,0.0101642645895481,-0.0065096332691609,0,-2.521475553512573,-0.1935984939336776,0.7948785424232483,1,0.0031830333173274,-0.0433893017470836,-0.0147921806201338,0,1.5128378868103027,0.9796854853630066,5.483911037445068,1,0.0670070722699165,-0.0147992279380559,0.3946343660354614,0,0.0295264180749654,0.0116482442244887,0.2284613102674484,0,0.3356799781322479,2.0246658325195312,9.6871919631958,1,0.0598164983093738,0.0502791255712509,-0.1128354668617248,0,0.0039387289434671,-0.0273239854723215,0.0396822169423103,0
0.3120152354240417,-0.1592081785202026,9.178898811340332,-0.0042586815543472,0.270322173833847,2.961740016937256,1,0.0056341718882322,0.0374956130981445,0.0385185182094574,0,0.0085446089506149,-0.0052017448469996,-0.0437641404569149,0,1.2383291721343994,-1.4723225831985474,5.113766670227051,1,-0.012661057524383,0.0555942021310329,0.0550159662961959,0,0.0302441492676734,0.1367742270231247,-0.1216665133833885,0,0.0078345676884055,0.0631647855043411,0.0303702186793088,0,-0.9941311478614808,0.7957287430763245,1.123168706893921,1,0.0324795171618461,-0.0407635644078254,0.0217504035681486,0
1.6322815418243408,-2.251675128936768,7.394618988037109,0.1200752332806587,-0.0931406691670417,0.6655240058898926,1,0.0073898583650588,-0.0670688301324844,-0.0625786483287811,0,0.0023803315125405,-0.0222212225198745,-0.0141524234786629,0,1.7485275748185813e-05,-0.0072549348697066,0.007484417874366,0,-0.0083565451204776,0.0375859327614307,-0.0406051091849803,0,1.006811022758484,-1.5346601009368896,5.502188682556152,1,0.0109210954979062,0.0600137338042259,0.0470132790505886,0,0.4925056993961334,-0.5827204585075378,1.3134373426437378,1,0.0005373811000026,-0.0422087870538234,-0.0236924868077039,0
0.060175746679306,-0.613611102104187,8.51788330078125,0.2207121551036834,-0.2460964471101761,0.3239617347717285,0,-0.0100845452398061,0.010890950448811,0.0024822291452437,0,-0.0007232585339806,0.0076480428688228,0.0404598042368888,0,0.0054946043528616,0.0020691375248134,-0.0165632963180542,0,-0.6088051199913025,0.5021742582321167,5.357645988464356,1,0.008119449019432,0.0061973189003765,-0.0143629014492034,0,0.0096721416339278,-0.0052169854752719,0.0060036131180822,0,0.4360259771347046,-0.8896030187606812,2.821688413619995,1,-0.000235676227021,-0.0016743437154218,-0.0034327427856624,0
-0.3725800514221191,-0.5523725748062134,3.343931198120117,-0.0531121119856834,-0.0118813198059797,0.0076777692884206,0,0.0062593226321041,-0.0454103387892246,-0.0708038061857223,0,-1.1819376945495603,0.2139771431684494,0.9401370882987976,1,-0.0064569031819701,0.0058076060377061,-0.0101513238623738,0,0.2858918011188507,-0.0684583410620689,0.8161401152610779,1,-0.5596781969070435,-0.3595135807991028,0.7149532437324524,1,-0.0079237092286348,-0.1368091255426406,-0.0499533303081989,0,1.588681697845459,0.0744039267301559,0.2658622860908508,0,-0.4443042278289795,-0.2244885414838791,0.7300691604614258,1
1.3543918132781982,2.841094255447388,5.953179836273193,0.7164697051048279,0.7812595367431641,1.5734550952911377,1,-0.0873448774218559,0.0582033284008502,0.1556349545717239,0,-0.0026218662969768,0.0089530861005187,0.0479002259671688,0,1.0822681188583374,0.5224220752716064,1.9516894817352293,1,-0.5781179666519165,0.5376864075660706,0.4218424558639526,0,0.0096979113295674,0.0030843329150229,0.0079485736787319,0,0.8133309483528137,0.4757759869098663,0.990929126739502,1,-0.5974613428115845,0.4632594883441925,0.8306888937950134,1,-0.0018287767888978,-0.0095500499010086,-0.0269086379557847,0
1.1827683448791504,-0.2330267578363418,10.03770923614502,1.09681499004364,-0.389304906129837,4.8083014488220215,1,-0.0022374882828444,0.0006837603868916,-0.0156983155757188,0,0.0012683686800301,0.0108749028295278,0.0004711617657449,0,1.050413966178894,-0.7081183195114136,3.7679085731506343,1,0.005496110767126,0.0004951010341756,-0.0593271479010582,0,-0.0141709502786397,-0.0068298368714749,0.0014122660504654,0,-0.0058865854516625,-0.0017606763867661,-0.0205281656235456,0,-0.9522034525871276,0.8524685502052307,1.5454684495925903,1,0.0032734966371208,0.0084647322073578,0.0097005562856793,0
0.4398230910301208,0.1619963496923446,7.883551120758057,-0.1504289507865905,0.1080344915390014,-0.6236248016357422,0,-0.021443098783493,0.0144459977746009,0.0557868666946888,0,-0.0014584104064852,-0.0094183422625064,-0.0005430380115285,0,-0.0216040536761283,0.9690337181091307,5.004520893096924,1,-0.0151642495766282,0.1021144315600395,-0.1725150793790817,0,-0.0001316899288212,-0.0066599431447684,0.0072586392052471,0,0.6402589678764343,-0.9606660604476928,3.5305683612823486,1,0.0137946149334311,-0.0340599007904529,0.0664016157388687,0,-0.0040000113658607,-0.0208280142396688,0.0156981814652681,0
0.1778072118759155,0.2664926648139953,6.186847686767578,-0.0026173805817961,-0.0036774952895939,0.0043057464063167,0,-1.290130615234375,-0.3047157824039459,2.331786870956421,1,-0.0004323889152146,-0.0094282180070877,-0.0186415761709213,0,0.5883842706680298,0.0491684824228286,0.2512331008911133,0,-0.4868634641170501,0.2328920662403106,1.5475748777389526,1,-0.0075587546452879,0.099430575966835,0.8540214896202087,1,1.379180908203125,0.1878888010978698,0.6294140219688416,1,-0.0107328770682215,0.0183705762028694,0.6050810217857361,1,0.0085774445906281,-0.0034363244194537,-0.017928097397089,0
-0.0337259769439697,-2.2333102226257324,6.925444602966309,0.0591546073555946,-0.0122177479788661,0.0471480190753936,0,2.076240062713623,-1.892268776893616,3.3305954933166504,1,0.0100438594818115,0.0152628784999251,0.00685799960047,0,-0.0013616102514788,-0.003243843326345,-0.0078281154856085,0,0.4103583991527557,-0.9159557223320008,-1.735045313835144,0,-0.4800369143486023,0.3601864576339721,1.9791889190673828,1,-0.0041014747694134,0.0025350914802402,-0.0448717325925827,0,-0.0593606494367122,0.0582480393350124,-0.0023544654250144,0,-2.0446619987487797,0.1541434675455093,3.3517537117004395,1
2.419548511505127,-0.3239548206329345,7.901867866516113,2.111917018890381,-0.4779530763626098,0.7459420561790466,1,-0.0821281373500824,-0.0086064292117953,1.851072072982788,1,0.005841520614922,0.0053872759453952,-0.0540603697299957,0,1.764282464981079,-0.5010668635368347,1.9530521631240845,1,-0.2893348634243011,0.4789711534976959,1.4125760793685913,1,0.0116162449121475,-0.0091222906485199,-0.0215780343860387,0,-0.0282225608825683,-0.1889091581106186,1.0123530626296997,1,-1.0789750814437866,0.3730825185775757,1.0038717985153198,1,0.0045517869293689,0.0042621493339538,-0.0013611797476187,0
0.4301425814628601,-0.6596983075141907,19.529277801513672,-0.0403850264847278,-0.0500143878161907,9.336746215820312,1,-0.0147440880537033,-0.0053015034645795,-0.0141892302781343,0,0.0023126306477934,0.000240170804318,0.0197209082543849,0,1.4938862323760986,-1.0061004161834717,3.986525058746338,1,-0.0321331061422824,0.2743529975414276,1.5368547439575195,1,0.0064636594615876,-0.0018414867809042,-0.0119665255770087,0,-0.0219735074788332,-0.0141027262434363,-0.2044564932584762,0,-0.9505875706672668,0.1399340033531189,4.883080959320068,1,-0.0126966210082173,0.0031350059434771,-0.003038978902623,0
0.6598623394966125,-5.248087406158447,19.931884765625,-0.0501148141920566,-0.0414264164865016,0.0079018846154212,0,0.8227096796035767,5.799273490905762,6.7052507400512695,1,0.0039725261740386,-0.0296811498701572,-0.1418569386005401,0,-0.0020112143829464,-0.0062376209534704,-0.0235515814274549,0,1.0716825723648071,-3.639012336730957,-1.57224702835083,0,-1.1886991262435913,-0.6184916496276855,7.055900096893311,1,0.0065941079519689,0.0003579499316401,0.0222150515764951,0,0.0006239642389118,-0.03574875369668,-0.0058591444976627,0,-0.0048953117802739,-6.677121162414551,7.88413143157959,1
-0.6125481128692627,1.190643072128296,10.369336128234863,1.212460160255432,-0.2425402551889419,0.9689162373542786,1,0.0537168532609939,0.0756190344691276,0.7588185667991638,1,0.0227586664259433,-0.0138560431078076,0.0169409941881895,0,0.3754254877567291,-0.138196662068367,0.3920817673206329,0,-0.1483536660671234,0.3788284063339233,4.846898078918457,1,0.0829736068844795,0.1161745116114616,1.2901127338409424,1,0.0069574532099068,0.0549815259873867,0.0856629088521003,0,-2.231330633163452,0.8688967823982239,2.053888320922852,1,0.0128439730033278,0.0907358527183532,-0.0439831130206584,0
1.1019914150238037,-1.0686731338500977,5.3639349937438965,0.0474699921905994,-0.1355041265487671,0.185942068696022,0,0.2129447758197784,0.8715404272079468,1.12555193901062,1,-0.0007958937785588,-0.0076512247323989,0.0264760628342628,0,0.0017874810146167,-0.0082627618685364,-0.005749037489295,0,0.8662333488464355,-1.9775739908218384,3.685847997665405,1,-0.0025439970195293,0.0094706965610384,0.0176120288670063,0,-0.0043008313514292,-0.0304665844887495,0.0431553088128566,0,0.0818575024604797,-0.0599862150847911,0.0343988090753555,0,-0.1006610393524169,0.2697605788707733,0.2506994009017944,0
1.3931528329849243,1.3624930381774902,4.570981025695801,0.3925776481628418,0.2491986155509948,0.2246725559234619,0,-0.2519770264625549,0.0583087466657161,0.6133880019187927,1,-0.0008831347804516,0.0064246719703078,-0.0447896271944046,0,0.7350812554359436,0.3332459926605224,0.3769426047801971,0,-0.2717065215110779,0.2715722322463989,1.3737196922302246,1,0.0097922226414084,0.1126563549041748,0.8424375653266907,1,0.8479775190353394,0.2535319030284881,0.5775211453437805,1,-0.0639658495783805,0.0778794586658477,0.6227261424064636,1,-0.0037433446850627,-0.0003249561996199,-0.0156369749456644,0
0.1455983817577362,-1.17091965675354,7.535438537597656,-0.0080082230269908,0.0039394129998981,-0.0386210419237613,0,-0.3277205228805542,-0.6589984893798828,6.02546501159668,1,-0.0043925531208515,-0.0046722111292183,0.0096810767427086,0,0.0004610584292095,-0.0004624935681931,-0.0061770784668624,0,0.477027952671051,-0.5149511694908142,1.508381724357605,1,0.0119832539930939,0.0034422976896166,0.0401147045195102,0,-0.0013120218645781,-0.025725258514285,-0.0517556965351104,0,-0.0051828506402671,-0.01785802654922,0.0624361298978328,0,0.002742261858657,0.0443662889301776,-0.0140869496390223,0
0.4418151080608368,-1.3494443893432615,9.655733108520508,-0.0738760605454444,0.0049018715508282,0.0056895790621638,0,0.0935256034135818,-1.4136544466018677,5.456599712371826,1,-0.0004842922789976,0.0013185936259105,-0.0013280891580507,0,0.00049283367116,-0.0110656209290027,0.0311171077191829,0,0.0228332746773958,-0.0513458140194416,-0.2121577858924865,0,0.0088677639141678,0.0116647854447364,-0.0151680642738938,0,-0.0058993739075958,-0.2126085013151168,0.0343084447085857,0,-0.0939629003405571,0.064341016113758,-0.0224137473851442,0,0.4903182685375213,0.2570036947727203,4.379086494445801,1
-2.01037073135376,-3.963786602020264,7.368297100067139,-0.0207661297172307,-0.0026771014090627,-0.0131250228732824,0,1.611378192901611,-1.465498685836792,1.608283281326294,1,-0.129717156291008,0.0680910050868988,0.1905547082424163,0,-0.0064045041799545,0.0060566361062228,-0.0189199838787317,0,0.4141105413436889,-0.5674571990966797,-0.3124434351921081,0,-0.7860152125358582,0.0950635820627212,2.5376906394958496,1,-0.0041158222593367,-0.0544904172420501,-0.0467393063008785,0,0.1521376967430114,-0.0938405767083168,0.1165133267641067,0,-3.240978479385376,-1.9490340948104856,3.3064827919006348,1
0.6023005247116089,3.60302472114563,11.77730941772461,0.0060569951310753,-0.0165831819176673,-0.0457011349499225,0,-1.2562648057937622,0.2999823093414306,4.077503681182861,1,0.0021959485020488,-0.0177462976425886,0.0034221420064568,0,1.1352986097335815,0.1092747747898101,2.296126127243042,1,-0.3741212785243988,-0.0369181483983993,3.834362506866455,1,0.0153289753943681,-0.0030648654792457,0.0110907703638076,0,1.1561323404312134,3.163460731506348,1.6238462924957275,1,-0.0861191004514694,0.105639673769474,-0.0177913960069417,0,0.0037928421515971,-0.0010204496793448,-0.0055505251511931,0
-3.2950406074523926,1.2529597282409668,14.10597038269043,0.6370688080787659,0.1629620790481567,1.046323537826538,1,-2.035170316696167,0.6458192467689514,2.754844665527344,1,-0.0398727171123027,-0.0235976111143827,-0.0443941950798034,0,0.7899536490440369,-0.0667216703295707,1.481087565422058,1,-0.9394551515579224,0.0368726700544357,6.115212440490723,1,0.0054908483289182,0.0037640398368239,-0.0039092926308512,0,0.0074852337129414,0.0027192328125238,-0.0449031963944435,0,-1.713073968887329,0.4197946786880493,2.8623952865600586,1,-0.0074669690802693,0.071346990764141,-0.0606869496405124,0
-0.0590924099087715,-0.6306341886520386,18.503692626953125,0.0098363049328327,-0.0020580205600708,-0.0043288264423608,0,-0.0046253139153122,0.0074186902493238,-0.028582839295268,0,0.053091999143362,-0.1595388501882553,5.0704264640808105,1,0.0019540705252438,0.0046101394109427,0.0038063109386712,0,0.0102814380079507,0.016355762258172,-0.1020495891571044,0,-0.0090233385562896,-0.3836272954940796,7.707455158233643,1,0.001572206383571,-0.0021304406691342,-0.0032805872615426,0,0.0015434060478582,-0.0001210697955684,0.0139487124979496,0,-0.1237231791019439,-0.1115431264042854,5.8462982177734375,1
0.0821606516838073,4.635624408721924,17.8074893951416,0.5573437213897705,0.2961278259754181,0.7056000232696533,1,-0.5143892765045166,1.9712610244750977,2.4418299198150635,1,0.0280342455953359,-0.0155728887766599,0.202080100774765,0,0.6093363761901855,0.312006801366806,0.9699681997299194,1,-0.1313053518533706,1.383687973022461,8.780016899108887,1,0.1816566437482834,0.0806090459227562,2.617518424987793,1,0.2104919850826263,0.0570111945271492,-0.0341091714799404,0,-0.8908402919769287,0.5471622347831726,1.917490005493164,1,0.0318325199186801,0.0033318849746137,0.2070938795804977,0
0.1948501467704773,-0.0314254909753799,3.834219932556152,0.0028205625712871,-0.0002073256473522,0.0002824647526722,0,-0.0252168755978345,0.0279344003647565,0.0463501624763011,0,0.0016504998784512,-0.0129441041499376,-0.0617198534309864,0,-0.0044451891444623,0.0010264405282214,-0.0514366291463375,0,0.0036135162226855,-0.0040787970647215,-0.0153268864378333,0,-0.6017097234725952,0.2013919204473495,1.456251859664917,1,0.0056364960037171,-0.006931300740689,-0.0259805805981159,0,0.002064055064693,0.0008147914195433,-0.0210182666778564,0,0.8104367852210999,-0.2384315133094787,2.5068178176879883,1
1.4281398057937622,-0.3275288939476013,11.05776309967041,-0.0687754675745964,0.2467933297157287,-0.466180682182312,0,-0.0017447915161028,0.075751855969429,-0.0555046088993549,0,0.0030748231802135,-0.0288410913199186,0.0041377819143235,0,0.0012062494643032,0.0090682646259665,-0.0112685905769467,0,0.7942321300506592,0.3280658423900604,6.861625671386719,1,0.0096058007329702,-0.0001280143624171,0.017617342993617,0,-0.0009374918299727,-0.0854895338416099,-0.0368368774652481,0,0.7119930386543274,-0.8772169947624207,4.777904510498047,1,-0.020514452829957,0.0044674747623503,-0.0337300598621368,0
0.2029780596494674,0.7557373046875,18.32708740234375,1.066115379333496,-0.4512210786342621,2.106863021850586,1,-0.049641977995634,0.0938039049506187,1.641793131828308,1,-0.0307472366839647,0.0558059737086296,1.0638909339904783,1,0.8922409415245056,0.0163791459053754,1.2436437606811523,1,-0.5646917223930359,0.2933756113052368,3.437117576599121,1,-0.0264501757919788,0.3528324663639068,2.9194698333740234,1,0.6562663316726685,0.0683143064379692,0.2649645507335663,0,-1.7063374519348145,0.2542123794555664,4.402546405792236,1,-0.0337760038673877,0.0722345858812332,1.24679696559906,1
1.4073442220687866,-2.216176271438598,18.08961677551269,0.2140722274780273,-0.6279818415641785,4.500044345855713,1,-0.0028485977090895,0.0243530292063951,-0.0192723795771598,0,0.0037520243786275,-0.0243956204503774,-0.0068359836004674,0,0.0046072150580585,0.0012353566708043,-0.0156871136277914,0,0.032698169350624,0.7220061421394348,3.1053667068481445,1,0.0102662807330489,-0.0078098829835653,0.0018159061437472,0,0.0067383050918579,-0.0050420248880982,-0.0189917832612991,0,1.1351748704910278,-2.299069404602051,10.576868057250977,1,0.002883818000555,0.0005281556514091,-0.033691331744194,0
1.2824400663375854,-0.1225344985723495,10.814265251159668,1.4182212352752686,0.9031614065170288,8.676192283630371,1,-0.0300089921802282,0.0371341332793235,-0.0449243262410163,0,0.010828211903572,-0.0035835965536534,-0.0195177849382162,0,-0.1796618700027465,-1.1293449401855469,2.231543779373169,1,-0.0163065008819103,0.0227331724017858,-0.0268017258495092,0,-0.0208953190594911,-0.000968886015471,0.0231730043888092,0,0.0136322863399982,0.0140596162527799,0.022714726626873,0,0.0650827437639236,0.0733433440327644,-0.0812112390995025,0,0.0215482208877801,-0.0390687100589275,0.0330968722701072,0
-1.7685309648513794,-3.07554030418396,7.4276123046875,0.0596314445137977,0.0127323446795344,-0.0036863898858428,0,1.4547196626663208,-1.1103689670562744,1.9962282180786133,1,-0.0470299869775772,0.070546343922615,0.1980158537626266,0,0.0031591258011758,0.0022152885794639,-0.0021150566171854,0,0.480818510055542,-0.7614679336547852,-0.3720877170562744,0,-0.6805791258811951,0.3326171338558197,2.451338529586792,1,-0.0044896947219967,-0.0232676453888416,-0.0564730502665042,0,0.0162829346954822,-0.0067209540866315,0.0166213549673557,0,-3.05104398727417,-1.59182608127594,3.19977068901062,1
1.7012908458709717,0.2929221093654632,8.380085945129395,0.3309477567672729,0.259711742401123,0.4316352605819702,0,-0.1797668635845184,0.0136430161073803,1.3578922748565674,1,-0.0002818298526108,0.0029789647087454,0.0131661109626293,0,1.6472599506378174,-0.0724749192595481,2.931470394134521,1,-0.4191659390926361,0.1776247322559356,1.7067012786865234,1,0.006105254869908,-0.0018198902253061,0.0214423425495624,0,0.4848904013633728,-0.003975530155003,1.1082944869995115,1,-0.1741681098937988,-0.0959607884287834,0.7934857606887817,1,0.0054702176712453,0.0131947882473468,0.0159976407885551,0
-0.5134828686714172,-1.1593767404556274,12.127702713012695,-0.0037984426598995,0.0063233664259314,0.0147450612857937,0,-2.1743342876434326,-1.611466646194458,6.622411251068115,1,-0.0013858714373782,0.0083767604082822,0.0083254370838403,0,0.1567479521036148,0.2746821343898773,0.8554785847663879,1,-0.2787811160087585,-0.5190851092338562,1.4549163579940796,1,-0.011564458720386,-0.0124809136614203,0.0285888519138097,0,1.7928597927093506,0.6891682744026184,3.1318001747131348,1,-0.0003671210433822,0.0011555991368368,-0.0024921826552599,0,0.0071407784707844,0.0039497576653957,0.0139283947646617,0
0.0109322257339954,0.5968473553657532,15.077142715454102,0.0058611799031496,0.0026646552141755,-0.0078104906715452,0,0.2612553834915161,0.5069702863693237,4.377232074737549,1,0.001895876834169,0.0048710694536566,-0.0448849685490131,0,0.0060571054928004,0.0015794142382219,0.0282397549599409,0,-0.3990297019481659,-0.3124338388442993,7.609898090362549,1,0.0124818170443177,0.0025760016869753,-0.0152383670210838,0,0.0068720546551048,1.0151599781238474e-05,-0.0161196142435073,0,0.1186833977699279,0.39441579580307,3.151161432266236,1,-0.0031449084635823,-0.003806188236922,-0.0053340392187237,0
-1.1771453619003296,-1.5251553058624268,5.238946437835693,-0.0255844891071319,0.022542068734765,-0.0290882997214794,0,-0.0008754702284932,-0.0310549419373273,0.0230138655751943,0,-0.0006706446874886,-0.0082133933901786,0.002864365465939,0,-0.8502652049064636,0.2178115099668502,1.9157549142837524,1,0.0006213950109668,0.0034227923024445,0.0296273678541183,0,0.0189347807317972,-0.0057939230464398,0.0276586506515741,0,0.1703165471553802,-1.2834051847457886,1.9500341415405276,1,-0.4872545599937439,-0.4412267506122589,1.3213847875595093,1,-0.0023675612173974,0.0007624343270435,-0.0023037404753267,0
0.2888875007629394,0.577307939529419,14.988338470458984,-0.0182274002581834,-0.0193312522023916,-0.0232006628066301,0,0.1688842922449112,-0.725462019443512,8.916288375854492,1,-0.0270555596798658,0.0007786322967149,-0.0383532308042049,0,0.3051534295082092,0.1124805212020874,1.399613857269287,1,0.0420710779726505,0.2688940167427063,2.586416244506836,1,0.0032739823218435,0.0044854264706373,-0.0086186546832323,0,-0.2829265296459198,0.9089210629463196,2.2092878818511963,1,0.0931997001171112,0.017706099897623,-0.0526487194001674,0,0.0045145233161747,0.0088355215266346,-0.0004472745640669,0
-1.1033143997192385,3.347510576248169,12.324589729309082,-0.0030322761740535,0.0036448601167649,0.0092742219567298,0,-0.0021322930697351,0.0072872261516749,-0.0412078015506267,0,-1.1471799612045288,-0.2393550872802734,2.4931697845458984,1,-0.0021476824767887,0.0083503313362598,-0.005568774882704,0,-0.5539038777351379,2.6263413429260254,8.520341873168945,1,0.0095460014417767,0.021344868466258,-0.05110440030694,0,0.6364606022834778,0.919367790222168,1.238772988319397,1,-0.0504678338766098,-0.0146631160750985,0.1428401470184326,0,0.0095431096851825,0.0151923904195427,0.0180711448192596,0
-3.8082375526428223,-7.580400466918945,13.394187927246094,-0.0043837996199727,0.0006217066547833,0.0131490668281912,0,2.169862747192383,-2.134018421173096,1.736283540725708,1,-0.2288934886455536,0.0751266777515411,0.427103579044342,0,0.0241770595312118,0.0067191193811595,0.441833883523941,0,0.5736625790596008,-0.0767167210578918,2.139279365539551,1,-0.8230037689208984,0.1823015362024307,3.202193260192871,1,0.0028396071866154,0.0799708142876625,0.0766926780343055,0,0.0458071380853652,-0.2027817368507385,0.9987770915031432,1,-5.568305492401123,-5.511623382568359,4.358875751495361,1
-2.9882073402404785,-8.988343238830566,11.426312446594238,0.0630396008491516,0.0213949624449014,0.0192619357258081,0,-0.0764496326446533,0.0298015754669904,-0.0467113330960273,0,0.4528026878833771,1.1550054550170898,1.3109450340270996,1,-0.0124963652342557,0.00743706850335,-0.0113368956372141,0,0.1356624215841293,0.2807290554046631,0.5011131763458252,1,-3.9552392959594727,-10.51950740814209,3.89722752571106,1,-0.0129826869815588,-0.084696851670742,-0.1187606081366539,0,0.4037337601184845,0.0619043968617916,5.969723224639893,1,0.0137221151962876,0.0595887973904609,-0.0951491147279739,0
0.0543887540698051,-0.2797496020793915,8.554951667785645,0.0505566336214542,-0.0395608320832252,0.0332536399364471,0,0.0019792760722339,-0.0216479059308767,0.0068431682884693,0,-0.0080588972195982,0.0064242798835039,0.0123009458184242,0,-0.000140249627293,-0.0036245319060981,-0.0291210580617189,0,-0.2959160208702087,0.3017813563346863,5.847591400146484,1,0.0164969637989997,0.0032361277844756,-0.0477801524102687,0,-0.0008412430179305,-0.0011613459791988,-0.0049386154860258,0,0.2908681333065033,-0.5404082536697388,2.726529836654663,1,-0.0005558343837037,0.0152115058153867,0.0102721024304628,0
1.0685791969299316,-0.0896523594856262,22.33512306213379,0.8194015622138977,-0.7350397109985352,4.77668571472168,1,-0.0996543318033218,0.1401852220296859,-0.1155905127525329,0,0.0276032015681266,0.0324792675673961,0.0652837678790092,0,0.1814045310020446,-0.2110596597194671,0.5769978761672974,1,0.2392566353082656,1.220958232879639,8.578470230102539,1,0.017805716022849,-0.0108164036646485,0.0289543587714433,0,-0.027158435434103,-0.134835660457611,0.0323550067842006,0,-0.1072437986731529,-0.4489928781986236,8.401742935180664,1,0.0171639434993267,0.0574692226946353,-0.0097779082134366,0
1.6428523063659668,1.5029784440994265,5.407611846923828,1.8207952976226809,0.1680177301168441,0.2802599966526031,0,0.0688149333000183,-0.004272221121937,0.4227183759212494,0,0.0014700539177283,0.008175685070455,0.018004035577178,0,0.6205710768699646,0.158000037074089,0.403218001127243,0,-0.4406630396842956,0.4029448926448822,1.5416250228881836,1,0.0195635724812746,0.0785625502467155,1.0382025241851809,1,0.3996716737747192,0.1278906762599945,0.2914585471153259,0,-0.8550181984901428,0.5626474022865295,1.3963088989257812,1,0.007646560203284,0.0010117060737684,0.0158168692141771,0
-0.0043535511940717,-0.015373820438981,-0.0695767998695373,0.0013629957102239,0.0023439826909452,0.0001165060675702,0,-0.0013631668407469,-0.0039731520228087,-0.0016454388387501,0,-0.0088571412488818,0.0068148989230394,-0.0091865109279751,0,-0.0035676197148859,-0.0019254364306107,-0.0192845705896615,0,0.0162658188492059,0.0002516173408366,-0.0301063042134046,0,0.0004867541429121,0.0057746232487261,-0.0063568158075213,0,-0.0008081544074229,0.0012485883198678,-0.0150587987154722,0,-0.0039108484052121,-0.0159476418048143,0.0453092381358146,0,-0.0039621889591217,-0.0099613014608621,-0.0333641059696674,0
2.1136064529418945,0.4620616734027862,16.361555099487305,-0.0073093934915959,0.0173730943351984,0.0113848401233553,0,0.502098560333252,0.3085964322090149,1.7775840759277344,1,-1.2381350994110107,-0.0934208482503891,1.590354084968567,1,0.0115120019763708,0.0180926658213138,1.264507532119751,1,1.5628798007965088,0.3303968906402588,3.890196323394776,1,-0.8551161885261536,0.142370343208313,4.1688737869262695,1,0.0044444659724831,-0.0162743832916021,0.0180823877453804,0,2.2604973316192627,-0.3018209338188171,2.298346757888794,1,-0.127265065908432,0.0567484125494957,1.3422245979309082,1
-0.7697116136550903,-0.5527641177177429,15.984855651855469,0.3298356235027313,-0.3983091711997986,2.562110662460327,1,-0.008054407313466,-0.0069106705486774,-0.0302624832838773,0,-0.0008998161647468,-0.006824392825365,-0.0198904797434806,0,0.1895109266042709,-0.1159706115722656,0.418019950389862,0,-1.07944917678833,0.7061920762062073,2.8904407024383545,1,0.001399410655722,0.0013249630574136,-0.0334826298058033,0,0.005233502946794,-0.0031736756209284,-0.026572335511446,0,-0.205909714102745,-0.7254512310028076,10.242802619934082,1,-0.0013779562432318,-0.0036413492634892,-0.0183102246373891,0
0.0490693002939224,-0.0746475160121917,0.1508172154426574,0.0344813950359821,0.0128047838807106,-0.0363154970109462,0,0.0015202583745121,-0.0399915091693401,-0.0186590198427438,0,-0.0002123354352079,-0.0112621802836656,0.0473520345985889,0,-0.0046905954368412,0.0063927872106432,-0.0015883356099948,0,-0.0023890456650406,-0.0101056015118956,-0.0146514195948839,0,0.001429236959666,-0.0021748687140643,0.0135197471827268,0,0.0150824319571256,-0.0441901050508022,0.1316841691732406,0,0.0009650797583162,-0.000698217714671,-0.0018715643091127,0,0.0028828727081418,0.014577399007976,0.0313470959663391,0
0.1944698095321655,-0.4904554486274719,6.885801792144775,-0.0033893026411533,0.0047485474497079,0.018990933895111,0,-0.0082864537835121,-0.0023484174162149,-0.0283612105995416,0,0.0010510684223845,0.0154885919764637,-0.0199382845312356,0,-0.0020055121276527,0.0004829574318137,-0.0359531491994857,0,-0.3506137132644653,0.5949392914772034,3.2439041137695312,1,-0.0097933551296591,-0.0061400448903441,-0.0164018664509058,0,0.003010427346453,-0.0044998922385275,-0.0190002582967281,0,0.561528742313385,-1.083235502243042,3.762823820114136,1,0.0029678903520107,-0.0098909866064786,-0.0202621184289455,0
0.9979117512702942,-1.2220579385757446,10.993264198303224,0.0048516760580241,-0.0075004952959716,0.0008902927511371,0,0.5447639226913452,0.6727165579795837,2.034104347229004,1,-0.0066970731131732,-0.0036705024540424,-0.0235425569117069,0,0.0038406588137149,-0.0020328976679593,-0.0085784010589122,0,-0.1489266008138656,-1.918724775314331,7.655595779418945,1,-0.0018344585550948,-0.0096795530989766,0.0229036267846822,0,0.6052501797676086,0.0549290776252746,1.3446110486984253,1,0.0023044703993946,-0.0023021895904093,-0.0249110013246536,0,-0.0056410282850265,-0.0057932534255087,-0.0078083765693008,0
0.0261184405535459,1.3236799240112305,15.785573959350586,1.3067480325698853,-0.0188332814723253,1.7448630332946775,1,0.0766870081424713,0.2142946869134903,1.4700241088867188,1,0.0508662201464176,-0.0431378111243248,0.2475943118333816,0,0.5010826587677002,-0.025769468396902,0.8494008779525757,1,-0.3449811637401581,0.4754549562931061,6.292807102203369,1,0.1611441671848297,0.1330391019582748,2.301520586013794,1,-0.0091564962640404,-0.0513821095228195,-0.0521871112287044,0,-1.7340742349624634,0.547332763671875,2.7999253273010254,1,0.0178022813051939,0.0926811546087265,0.1316261291503906,0
1.5585319995880127,-0.4076796472072601,9.537711143493652,-0.0047186641022562,0.0023294584825634,-0.0085891112685203,0,0.4215859174728393,0.1331477761268615,0.828512966632843,1,-1.0520566701889038,-0.3166982233524322,0.9922204613685608,1,0.0114887990057468,-0.0425650402903556,0.5570600032806396,1,1.3158730268478394,0.0206628069281578,2.8303518295288086,1,-0.5585351586341858,0.0890664458274841,2.370997190475464,1,-0.006516330409795,0.0014511459739878,0.0181676056236028,0,1.573076605796814,-0.2665148079395294,1.6216999292373655,1,-0.1416653990745544,-0.0285592265427112,0.32728973031044,0
0.9421482682228088,-0.529086709022522,10.17766284942627,-0.0114090582355856,0.0045701167546212,0.0081575019285082,0,-0.0088934646919369,0.0081023732200264,-0.0366236120462417,0,-0.8756812810897827,-0.7278319597244263,3.555187463760376,1,-0.0001114780534408,-0.0010916491737589,-0.0136249121278524,0,0.9150146842002868,0.4651932120323181,1.7364630699157717,1,-0.1227813363075256,-0.0861697196960449,0.3145691454410553,0,0.0026233193930238,-0.0033992095850408,-0.0151888346299529,0,1.0462210178375244,-0.174793466925621,4.656101703643799,1,-0.0028341596480458,-0.0136664025485515,-0.0273787230253219,0
0.8416794538497925,-0.1369469463825225,12.483606338500977,0.0204434990882873,0.0029326807707548,-0.0241215005517005,0,0.0097451992332935,0.015013063326478,-0.0111163230612874,0,-0.0285797212272882,-1.0706465244293213,6.890207290649414,1,0.0024302098900079,0.0042269341647624,-0.0293060187250375,0,1.0901163816452026,1.3043437004089355,4.516384601593018,1,-0.0033785826526582,-0.0041122622787952,-0.0359157808125019,0,-0.009427829645574,0.0039614723064005,0.0354581326246261,0,-0.2416039705276489,-0.3955290019512176,1.1591813564300537,1,0.0019343028543516,0.0028629938606172,-0.0171674527227878,0
2.4281837940216064,-3.617331027984619,13.059948921203612,0.0225837621837854,0.005321929231286,0.0008429763838648,0,0.2168646305799484,0.3223864138126373,0.1137449368834495,0,0.6500837206840515,1.3505067825317385,7.864883422851562,1,0.1580610275268554,0.4122720658779144,0.7117094993591309,1,1.2254031896591189,-5.429040431976318,2.228865146636963,1,0.0290326829999685,-0.0061883758753538,0.0014799033524468,0,0.1089420169591903,-0.2607153058052063,2.2213258743286133,1,0.0030732750892639,-0.0533426664769649,-0.0481848120689392,0,0.0141394659876823,0.0414684042334556,-0.0347188077867031,0
0.3127248883247375,-0.2399712949991226,8.226903915405273,-0.0059724878519773,-0.0041090734302997,-0.0036075755488127,0,0.1492585092782974,-0.0447158142924308,4.01891565322876,1,0.0042005684226751,-0.0019936442840844,-0.0269121136516332,0,0.0051173092797398,-4.4817093680649123e-07,0.0031913290731608,0,0.348369687795639,-0.3527437746524811,1.2222561836242676,1,-0.0078756334260106,-0.0036072696093469,0.0002650759415701,0,-0.0024618390016257,0.0045803086832165,-0.0116563821211457,0,0.0040427427738904,0.0051054628565907,-0.0180090330541133,0,-0.181953951716423,0.1575129479169845,3.0424604415893555,1
0.1872279793024063,0.2236782312393188,6.943505764007568,0.0088359517976641,0.0134731922298669,-0.0298962742090225,0,-0.0097097288817167,0.0171748772263526,-0.075298435986042,0,0.0025554033927619,0.0019843154586851,0.0009581762715242,0,-0.4153620898723602,0.7540053129196167,0.8488017916679382,1,0.003866889514029,0.0192810576409101,0.0206537507474422,0,0.0106504959985613,-0.0020168828777968,-0.0238090343773365,0,1.1011167764663696,-1.507846713066101,4.942619323730469,1,-0.5152313709259033,0.9331041574478148,1.3176523447036743,1,0.0005057020462118,-0.0054810685105621,-0.058175440877676,0
0.7953900694847107,-0.2771190404891968,8.839208602905273,0.1508863121271133,0.0077575091272592,0.3460807502269745,0,-0.0009673918248154,0.0002650356327649,-0.008493679575622,0,0.0014805741375312,-0.0147469947114586,0.0116775128990411,0,0.4382377564907074,-0.2464544028043747,5.169180870056152,1,-0.006205981131643,0.0147069748491048,-0.0013960693031549,0,-0.0043871477246284,0.0008464757702313,-0.0017830264987424,0,0.2050138413906097,-0.0994430854916572,3.3155853748321533,1,0.0032018099445849,0.050929207354784,0.0221306886523962,0,0.0081303380429744,0.0090202521532773,-0.0137737821787595,0
2.104383707046509,-0.6385058760643005,18.95612144470215,0.6594418883323669,2.0277137756347656,1.203753113746643,1,0.9444381594657898,-2.453169107437134,12.281150817871094,1,-0.0122579894959926,0.0078638494014739,0.0568813756108284,0,0.4799554646015167,-0.1940124928951263,5.406962394714356,1,0.0092733548954129,-0.0090314522385597,-0.023110594600439,0,0.0042697861790657,-0.0006869377102702,-0.0099201342090964,0,0.0048749675042927,0.0026586011517792,-0.0143128084018826,0,0.0174304358661174,-0.0224066637456417,0.0540241077542305,0,-0.0030425623990595,0.002564565744251,0.0006938484148122,0
-0.0215005371719598,-0.2942862808704376,9.400278091430664,0.5687152147293091,0.2209587097167968,0.8786629438400269,1,-0.9434249401092528,-0.3722735345363617,2.5124831199646,1,-0.003753830678761,0.0004225213779136,0.0098603488877415,0,1.2004226446151731,-0.0544832199811935,1.1928156614303589,1,-0.9408846497535706,0.0126862032338976,1.9038177728652956,1,-0.0016862367046996,0.0096399523317813,-0.0425734184682369,0,0.8440259099006653,-0.0663781315088272,0.9380425214767456,1,-0.7450498938560486,-0.0474316701292991,2.007455825805664,1,0.0001352339604636,0.0025729024782776,-0.0002864040725398,0
1.290700912475586,2.4911105632781982,17.493289947509766,-0.0074787675403058,0.003028551582247,-0.0031743908766657,0,0.0019535226747393,-0.002924908651039,-0.0113211134448647,0,-0.0004868655814789,-0.0053138178773224,-0.0245317853987216,0,-0.3394601941108703,1.1281698942184448,4.564946174621582,1,0.0054159215651452,-0.0003051918756682,-0.0800345540046691,0,0.0178208108991384,0.0115001956000924,-0.0312945395708084,0,0.9268975853919984,-0.9762724041938782,2.220999956130981,1,0.6912716031074524,2.316837310791016,10.85235595703125,1,-0.0052327243611216,0.0163907893002033,0.0053452947176992,0
2.839931011199951,2.546680450439453,15.18528175354004,-0.0052249035798013,0.0049636410549283,0.004290749784559,0,0.7383095026016235,0.9126919507980348,5.307883262634277,1,0.0019319533603265,0.007072047330439,-0.0437715426087379,0,-0.0007240943959914,0.0015857139369472,-0.0312715210020542,0,2.166229724884033,0.6117352247238159,5.41343355178833,1,-0.2489489614963531,0.2022310942411422,0.4573485553264618,0,0.004921939689666,0.0015208232216536,-0.0053211846388876,0,0.468257188796997,-0.0667419508099556,0.8471782803535461,1,-0.2848212420940399,0.8716219067573547,3.235511541366577,1
1.6380140781402588,1.9985285997390747,13.716415405273438,0.0649758651852607,0.0125706931576132,0.0967514663934707,0,0.4718360006809234,4.845602035522461,7.288591384887695,1,0.003617258509621,-0.0128062721341848,-0.0190508794039487,0,-0.0129661280661821,0.0054270913824439,-0.02076031640172,0,2.411190986633301,-4.805359363555908,0.7636401057243347,1,0.0219796057790517,0.0237760338932275,0.000835305545479,0,0.0015081608435139,0.0508729964494705,0.0058057373389601,0,-0.0153625914826989,-0.0583418123424053,-0.0105013595893979,0,-1.308765172958374,1.9367873668670652,5.611103057861328,1
-0.480640560388565,0.4718061089515686,7.046591758728027,0.7448263168334961,-0.0495626963675022,1.2429697513580322,1,-0.6373944878578186,0.4037773907184601,0.2272534817457199,0,0.0155892567709088,-0.012822120450437,-0.0138204358518123,0,0.3731335699558258,0.0587614998221397,0.4525196254253387,0,-0.3033153712749481,0.0923412814736366,3.3506009578704834,1,0.0546657033264637,0.0430958159267902,0.6147892475128174,1,-0.0093436380848288,-0.0611920580267906,-0.153730034828186,0,-0.7556860446929932,0.0117435827851295,1.330840229988098,1,0.0368841513991355,-0.0143365832045674,-0.0048308242112398,0
1.0061094760894775,-0.5477660298347473,11.964082717895508,0.6151092648506165,0.0603729002177715,0.8521483540534973,1,-0.3151750564575195,-0.2648146152496338,2.5746779441833496,1,0.0016212066402658,-0.0010163059923797,0.0047023436054587,0,0.8992850184440613,-0.4485189914703369,4.699762344360352,1,-0.4100805521011352,0.0280461609363555,1.0282386541366575,1,0.0058073704130947,0.0021566569339483,0.0092917149886488,0,0.2190313190221786,0.0713485553860664,2.7180538177490234,1,-0.0135423513129353,-0.0112045053392648,0.0662201792001724,0,0.0040530725382268,0.0158641245216131,0.0109882401302456,0
-0.2017972469329834,1.3773502111434937,15.41712474822998,0.0123947188258171,0.0051862290129065,0.0005184459732845,0,0.8172693252563477,-0.3130279779434204,0.8443478345870972,1,-0.9057419896125792,0.9276442527770996,3.563784599304199,1,-0.0018980579916387,0.0158204268664121,-0.0198585204780101,0,0.6826515197753906,0.8972642421722412,6.954663276672363,1,-0.0569393970072269,0.0620701648294925,0.2978268563747406,0,-0.0025851766113191,0.0178114771842956,-0.0380856618285179,0,-0.7533436417579651,-0.2930933535099029,3.852885246276856,1,0.0063954568468034,0.0576745979487896,-0.0389575213193893,0
-0.233253613114357,7.3736395835876465,17.53495216369629,1.12944233417511,0.5606600642204285,1.017052173614502,1,-0.7281427383422852,3.333383798599243,4.005119323730469,1,-6.75847040838562e-05,-0.0070213992148637,-0.0335853174328804,0,1.4910054206848145,0.3614659011363983,2.487976312637329,1,-0.8307428359985352,0.795642614364624,7.893722534179687,1,0.0152534255757927,0.0057318820618093,0.0003338926180731,0,0.6922228336334229,1.176527738571167,1.3927425146102903,1,-2.0328738689422607,1.0514960289001465,0.8229163885116577,1,0.0306494142860174,0.0957529097795486,-0.0513245686888694,0
-1.970109224319458,0.7024982571601868,9.161369323730469,-0.0180868599563837,-0.0019177045905962,0.0004205729928798,0,0.1043161004781723,0.1476006656885147,0.9574301242828368,1,-2.980543851852417,1.1135865449905396,2.095779657363892,1,0.0155371539294719,0.0242512188851833,0.2672919034957886,0,0.6777803897857666,0.2137796878814697,2.381111621856689,1,-1.181881546974182,-0.3030182421207428,2.6818301677703857,1,-0.0070884618908166,0.0842097997665405,-0.0644647181034088,0,1.648923397064209,-0.4167581796646118,0.3727137446403503,0,-0.229065865278244,-0.1592355221509933,0.4692557156085968,0
1.2098798751831057,-0.3888345956802368,14.990761756896973,0.6891392469406128,-0.2636836469173431,0.2471138536930084,0,-0.6589221358299255,-0.214902713894844,3.003604888916016,1,-0.019608698785305,0.024015748873353,0.9985752701759338,1,1.129927635192871,-0.2640718817710876,0.4812199771404266,0,-0.6181821227073669,0.2297446578741073,3.4781646728515625,1,-0.0404833368957042,0.293251484632492,2.734099864959717,1,1.0285909175872805,-0.2525035738945007,0.7412946820259094,1,-0.2578789889812469,0.0531541183590889,2.249721050262451,1,-0.0427026562392711,0.0061611728742718,1.0569661855697632,1
-0.172642707824707,0.9156941771507264,14.067503929138184,0.0317722931504249,-0.0166574604809284,-0.0369758792221546,0,1.7346271276474,0.0661908537149429,3.155540943145752,1,-0.0054702134802937,-0.0053588687442243,-0.0424826182425022,0,0.0028583516832441,-0.0005016317591071,-0.0296691711992025,0,1.3645399808883667,-0.3024926483631134,2.172261953353882,1,-1.0586785078048706,0.3441539406776428,2.621305227279663,1,0.0041668079793453,-0.0028949188999831,-0.0076516661792993,0,0.0337341800332069,-0.0028250396717339,0.0398010239005088,0,-2.280192852020264,0.8360799551010132,6.195374488830566,1
-0.2203450500965118,0.4744574129581451,6.415875434875488,-0.0013795973500236,-0.0064545231871306,0.0171404425054788,0,-2.530391216278076,-0.9732565879821776,3.447444200515747,1,4.050615825690329e-05,-0.0124350292608141,-0.0296299066394567,0,0.4341725409030914,0.3417060971260071,0.4872875511646271,0,-0.2243479192256927,-0.3320503532886505,0.9800958037376404,1,0.0108594726771116,-0.0009717342327348,0.0126843033358454,0,2.1126580238342285,1.451235055923462,1.5631424188613892,1,0.0178388934582471,0.0017573608784005,-0.0695564076304435,0,-0.0397960767149925,0.0049271695315837,0.0072669791989028,0
0.5012305974960327,-0.6553395986557007,6.02222204208374,0.0067946962080895,-0.0012304540723562,-0.0149138653650879,0,0.0277382880449295,-0.6341813206672668,3.9200515747070312,1,0.0005420697852969,0.0018176162848249,0.0207975432276725,0,0.2676956057548523,-0.0044557959772646,0.6072342991828918,1,-0.0585704334080219,-0.0725136324763298,0.4728166759014129,0,-0.0225177295506,-0.000517213193234,-0.003503281623125,0,0.2765960693359375,0.0474082380533218,1.0030394792556765,1,-0.0003048036014661,-0.0031597344204783,0.0110807865858078,0,0.0032568278256803,0.0114927450194954,0.0056189885362982,0
-0.1080675944685936,1.1798210144042969,9.341238975524902,0.0019568223506212,-0.0023490951862186,-0.001184107735753,0,0.0057078562676906,-0.0020252533722668,-0.0008403677493333,0,-0.6405184268951416,0.2167586684226989,5.120924472808838,1,-0.001156035461463,0.0038771419785916,-0.0043247640132904,0,0.6129992604255676,0.6923189759254456,1.085887432098389,1,-0.3391177654266357,-0.0090199150145053,1.474239945411682,1,-0.0051563321612775,0.0054114027880132,0.0049557671882212,0,0.2596902251243591,0.2743944227695465,1.6543564796447754,1,-0.0024731962475925,0.0004546379495877,0.007224194239825,0
1.3935534954071045,0.110537588596344,11.412803649902344,-0.0314366705715656,0.0351443067193031,0.0978130251169204,0,0.1333711892366409,1.3030351400375366,1.153492093086243,1,0.000403639889555,-0.0083155781030654,-0.005076399538666,0,0.0029164743609726,0.0017728706588968,0.0049229748547077,0,0.893622100353241,-0.7219592332839966,8.272075653076172,1,0.0135829309001564,0.0024109627120196,0.0213780663907527,0,0.0090986303985118,-0.0126589806750416,0.0554025582969188,0,0.5397642850875854,-0.9430744647979736,1.315455436706543,1,-0.1677690744400024,0.454182505607605,0.4973395764827728,0
-0.2936870157718658,0.2099381983280182,4.626457214355469,0.0026247522328048,-0.0054586175829172,-0.0173844378441572,0,-0.2318271398544311,0.1564764231443405,1.8021814823150637,1,-0.0006420740392059,-0.0100554171949625,-0.0121722146868705,0,-0.0063358298502862,0.0051927571184933,-0.0635825619101524,0,-0.0700725764036178,0.0590835362672805,2.94175386428833,1,-0.020203560590744,0.0027235886082053,-0.0182298887521028,0,0.0037730219773948,-0.000280097243376,-0.0024448747280985,0,0.0241890270262956,0.000987495528534,-0.0177510306239128,0,0.0048073553480207,0.0012685405090451,0.0140870902687311,0
2.3293981552124023,1.868435859680176,18.147485733032227,0.1760328412055969,-0.025718331336975,0.1661399751901626,0,-0.0519687198102474,1.7822757959365845,2.202937602996826,1,0.0024464365560561,-0.0131811713799834,-0.0115001648664474,0,0.0083288652822375,0.0058847242034971,-0.0111753745004534,0,0.8592978715896606,0.955874800682068,10.457098960876465,1,0.0149904154241085,0.0126810260117053,-0.0082863811403512,0,0.0010089192073792,-0.0911943688988685,-0.0035808249376714,0,1.3221179246902466,-0.7710161209106445,5.411090850830078,1,-0.0028563209343701,0.012829509563744,-0.0552379339933395,0
2.773575782775879,3.391295909881592,11.234293937683104,2.1037371158599854,0.652300238609314,2.150437593460083,1,-0.7476073503494263,0.2253950089216232,1.7172776460647583,1,-0.0007727998308837,0.005958592519164,0.0202258005738258,0,2.0545029640197754,0.501655101776123,1.7303916215896606,1,-1.5917584896087646,0.8358030319213867,1.8948599100112915,1,0.0106266513466835,0.0030157703440636,-0.0011513310018926,0,2.4474809169769287,0.4497596621513366,1.731589913368225,1,-1.4977140426635742,0.7270596027374268,2.019673109054565,1,-0.0049191322177648,-0.0096511803567409,-0.0290110893547534,0
1.7051726579666138,0.1503594517707824,14.017624855041504,-0.2208230197429657,0.0613361038267612,-0.2295785248279571,0,0.2871372103691101,5.047393798828125,8.558216094970703,1,0.0016342519083991,-0.0291248708963394,-0.0191582031548023,0,0.0041569657623767,-0.0041258423589169,0.0147914616391062,0,2.821373462677002,-4.440624713897705,3.6131608486175537,1,0.0266783479601144,0.0098400488495826,0.028916859999299,0,-0.0197336990386247,-0.1298368573188781,-0.0137858474627137,0,0.0106647452339529,0.0128890825435519,-0.073658749461174,0,-1.2059155702590942,-0.3773871660232544,2.138721227645874,1
-0.2768242657184601,-0.3928095698356628,6.087205410003662,-0.009698711335659,0.013448067009449,-0.0323341935873031,0,0.525117814540863,-1.0297472476959229,2.7613954544067383,1,-0.0028467222582548,0.0059865238144993,-0.0262334030121564,0,-0.0086197843775153,0.0024568145163357,-0.0200513452291488,0,0.1007736548781395,-0.3418501615524292,-0.0619245469570159,0,-0.214415356516838,0.121465116739273,0.9840916991233826,1,-0.0088604176416993,0.0895003527402877,-0.013732299208641,0,0.0026786164380609,-0.0438565388321876,-0.004932121373713,0,-0.6609533429145813,0.7897874712944031,2.500925779342652,1
-2.924664258956909,0.4382743835449219,17.784221649169922,0.0044647972099483,0.0071645081043243,-0.0026456692721694,0,1.0329381227493286,-1.2475227117538452,2.496259927749634,1,-1.9352837800979612,2.06253981590271,4.783466815948486,1,0.0031704960856586,-0.0078656254336237,0.005602543707937,0,0.7003093361854553,-0.6383852958679199,1.0683284997940063,1,-0.4778719544410705,0.1420620530843734,2.997908115386963,1,0.0059050028212368,0.106168046593666,0.013769494369626,0,0.122019812464714,-0.4103007316589355,0.6953637003898621,1,-2.3803160190582275,0.4244143366813659,5.726166725158691,1
0.8163636922836304,-0.6442033648490906,6.647555828094482,-0.0062151034362614,0.0065796738490462,0.0187572333961725,0,0.0106727387756109,-0.0121400319039821,0.0098870629444718,0,0.0015175950247794,0.0058000800199806,-0.0198893193155527,0,0.842011034488678,-0.5322863459587097,5.93100643157959,1,-0.0037246039137244,0.0049360035918653,0.0090393899008631,0,0.0038141624536365,-0.0027776195202022,0.0018458381528034,0,0.1125614941120147,-0.2432047873735427,0.3908075094223022,0,-0.143371894955635,0.1285353153944015,0.307365745306015,0,-0.0009017327101901,0.0003543456550687,-0.0012646438553929,0
1.0667071342468262,0.3988724946975708,10.494266510009766,0.4541994035243988,0.0837495028972625,0.6827124953269958,1,-0.1265043020248413,0.0334922596812248,1.0329035520553589,1,-0.0034942054189741,0.0089210188016295,0.3141193389892578,0,0.8019559383392334,-0.0050001754425466,0.8422772884368896,1,-0.5389217138290405,0.1040510758757591,2.7522823810577397,1,-0.0284235253930091,0.2268083542585373,1.8069530725479128,1,1.0298408269882202,-0.0034414953552186,0.2858933210372925,0,-0.5056977868080139,-0.0333644747734069,2.380659341812134,1,-0.0162474811077117,-0.01634356752038,0.396465003490448,0
-3.4132120609283447,-0.8418577909469604,15.937970161437988,0.0135186202824115,-0.0023178979754447,-0.0043284273706376,0,-0.1017910242080688,0.9770649671554564,3.1258795261383057,1,-0.0020918929949402,0.011847048997879,0.016442434862256,0,-0.0104853482916951,-0.0022541242651641,-0.0028795679099857,0,-3.314188241958618,-1.6597872972488403,11.396937370300291,1,-0.0039716609753668,-0.0074674906209111,-0.0079030822962522,0,0.3074285984039306,0.089625559747219,0.8221302032470703,1,-0.2988812625408172,-0.2394578605890274,0.6076582670211792,1,-0.0027498407289385,-0.0091106267645955,-0.0159662663936615,0
0.4077467918395996,3.384688377380371,15.46690273284912,0.0483618192374706,0.0045030605979263,0.0039286711253225,0,-0.0095332907512784,0.0596745759248733,-0.1873588114976883,0,-1.7250425815582275,0.5088804960250854,4.929324626922607,1,0.0074577424675226,0.0049927197396755,0.002509395359084,0,1.584835171699524,2.1610655784606934,9.777490615844728,1,0.0128945726901292,0.0102821104228496,0.0045064562000334,0,0.4827100932598114,0.960663378238678,0.2586078643798828,0,-0.0055363071151077,-0.3523054718971252,0.6877477765083313,1,0.0115996366366744,0.0269320122897624,-0.0098534459248185,0
0.7557422518730164,0.1962895691394806,10.136427879333496,0.6235658526420593,-0.0068169357255101,2.589882135391236,1,0.0995730236172676,-0.0926144942641258,-0.0341201573610305,0,0.0047460477799177,0.0119196819141507,0.0223009977489709,0,0.2104957997798919,-0.0333574190735816,0.3683080375194549,0,0.178566500544548,0.3003371357917785,1.8084259033203125,1,-0.0032356604933738,0.0078941667452454,0.0090455459430813,0,-0.0052058598957955,0.0892582461237907,-0.04761578515172,0,-0.3084674179553985,-0.0818031057715416,5.470505714416504,1,-0.0442959666252136,0.0014722879277542,-0.0503044724464416,0
-1.1031205654144287,0.6864088773727417,9.388943672180176,-0.3712636530399322,0.3248589038848877,-0.6147344708442688,0,1.700144648551941,-1.419458270072937,2.017559289932251,1,-2.8241214752197266,4.160349369049072,5.597543716430664,1,-0.0099974460899829,0.0064899702556431,-0.0139061659574508,0,0.8001212477684021,-1.4437655210494995,-0.0451127178966999,0,-0.383933424949646,-0.6901602745056152,1.7622679471969604,1,0.0066035776399075,0.1485429555177688,0.0200052633881568,0,0.1019303724169731,-0.1235870048403739,-0.0043880990706384,0,-0.1226045489311218,-0.2768613994121551,0.6697085499763489,1
-0.4154106080532074,0.4538372755050659,14.648736000061035,0.0054882196709513,0.0060358271002769,-0.0130067905411124,0,0.5000234842300415,0.4737120568752289,4.551422595977783,1,-0.0036539840511977,-0.0077118999324738,0.0246297623962163,0,0.0016171981114894,0.0001684445742284,-0.0009536016150377,0,-0.6247739195823669,0.1450548321008682,9.111830711364746,1,0.0007487676339223,0.0061289118602871,-0.0057340809144079,0,0.0018122753826901,-0.0014984626322984,-0.0070209959521889,0,-0.2991133034229278,-0.186656191945076,0.955816686153412,1,0.0024406930897384,0.0186037421226501,0.0317528285086154,0
1.9718053340911863,1.7675423622131348,11.301824569702148,0.01006312482059,-0.0014759412733837,0.0128122838214039,0,0.8035740852355957,0.5611793994903564,1.2281087636947632,1,-0.9646196961402892,0.0607824921607971,1.0050638914108276,1,0.0140546215698122,0.05486960709095,0.7679296731948853,1,1.6021323204040527,0.5016714930534363,3.410975694656372,1,-0.5411624908447266,0.319780945777893,2.742288827896118,1,0.0211267732083797,-0.0064258803613483,-0.0266784001141786,0,1.1102129220962524,0.1600695103406906,1.6379015445709229,1,-0.0835764855146408,0.1170907989144325,0.5234220027923584,1
1.7097578048706057,1.2041032314300537,13.098512649536133,-0.0038315348792821,0.0055896327830851,0.0035564680583775,0,2.0493712425231934,0.5025831460952759,2.6673381328582764,1,-0.0316781997680664,-0.0168335624039173,0.0429004393517971,0,0.0007367515936493,9.185884664475452e-06,-0.0152172436937689,0,2.492500305175781,-0.1216234862804412,2.794015407562256,1,-1.2033963203430176,0.2393728792667389,2.594482183456421,1,0.0012731918832287,-0.0042322808876633,-0.0123418625444173,0,0.9626927971839904,-0.2441926896572113,0.7003464102745056,1,-2.5579099655151367,0.8434304594993591,4.323432922363281,1
0.5405266284942627,-0.5709582567214966,7.163204669952393,0.032410230487585,-0.0038074275944381,-0.045917559415102,0,0.0009364142315462,-0.0050403946079313,0.0128643354400992,0,-1.4647725820541382,-0.7775493264198303,2.9207534790039062,1,0.006911679636687,0.0010976344347,0.0339882150292396,0,0.7388734221458435,0.2474934607744217,1.0129790306091309,1,-0.5952025651931763,-0.4066221415996551,1.2794586420059204,1,0.008189445361495,-0.0033255463931709,0.0029595014639198,0,1.8170154094696045,0.3793171346187591,1.9641072750091555,1,-0.0038347523659467,-0.002521643647924,-0.0179886240512132,0
-0.3154534101486206,-1.769678831100464,6.069305419921875,0.0511229671537876,-0.0134284067898988,0.0202778186649084,0,1.9328707456588743,-2.197049617767334,1.4055291414260864,1,-0.1500913649797439,0.1777952909469604,0.5653045177459717,1,0.0018206057138741,-0.0022695113439112,0.0174921099096536,0,0.3225093483924866,-1.0909953117370603,-0.9899494647979736,0,-0.2814378142356872,0.3310883939266205,1.7781250476837158,1,0.0097856568172574,-0.0655759274959564,0.0726296603679657,0,0.0012577464804053,0.0127675626426935,-0.0049561643972992,0,-2.203291177749634,1.077988862991333,3.204852819442749,1
0.1388481855392456,-3.458806276321411,6.174501895904541,-0.0095856329426169,0.0485317222774028,-0.0420949645340442,0,0.2366069108247757,-2.727017402648926,6.643599510192871,1,-0.0041993870399892,0.0030288759153336,-0.0473609678447246,0,-0.0038712909445166,-6.634323653997853e-05,0.0031699750106781,0,-0.0732547268271446,-0.6471601128578186,-0.4592591524124145,0,0.0129157174378633,0.0022870632819831,0.0163858253508806,0,-0.001037260168232,-0.02792913839221,-0.014243402518332,0,-0.0489209927618503,-0.094960518181324,0.094911940395832,0,0.0301948450505733,-0.01552090421319,-0.0206068810075521,0
0.0540624111890792,2.5870707035064697,16.62408447265625,1.24569833278656,-0.5156883597373962,2.3246896266937256,1,0.2463744580745697,1.3491548299789429,0.2206717729568481,0,0.0059223542921245,-0.0592693015933036,0.7288330793380737,1,1.2515320777893066,-0.6560560464859009,2.786382913589477,1,-0.111012764275074,0.6397905945777893,5.668444633483887,1,0.0083226822316646,0.0005787623231299,0.0320535413920879,0,0.0495335943996906,-0.0310575608164072,0.2562788426876068,0,-2.656263828277588,1.8585402965545652,4.605342388153076,1,0.0139554003253579,0.0010773751419037,0.0013874475844204,0
-0.0995373725891113,-0.3183319270610809,7.299633502960205,0.0105929104611277,-0.0021152873523533,-0.0249178428202867,0,0.0081512704491615,-0.0151594569906592,0.0007139106164686,0,0.0052144038490951,-0.0067382426932454,0.0397831127047538,0,0.0031964604277163,-0.0028509006369858,-0.0004566299612633,0,0.3564872741699219,0.2379280924797058,2.401228666305542,1,-0.0010850477265194,-0.0117533337324857,0.0250246301293373,0,0.0028088085819035,-0.0033624214120209,-0.0135124744847416,0,-0.4806032180786133,-0.5087044835090637,4.88634204864502,1,-0.0043002367019653,-0.0055759027600288,-0.0145719982683658,0
1.6967629194259644,1.802746295928955,13.564723014831545,-0.0004286098119337,-0.0038000524509698,0.0258554816246032,0,0.2897543013095855,0.6004875898361206,0.3715319335460663,0,-0.2400179505348205,0.347152978181839,0.7453866600990295,1,0.0007368737715296,0.0015552450204268,-0.0278713293373584,0,2.3225908279418945,0.8874439597129822,3.6001415252685547,1,-0.4410226941108703,0.2811650037765503,2.9385173320770264,1,-0.0048213615082204,0.0042381640523672,5.301408964442089e-05,0,0.9899017214775084,-0.1075028702616691,2.602170705795288,1,-1.2199300527572632,-0.2079935669898986,3.3089382648468018,1
0.4365848004817962,-0.6885017156600952,12.375349044799805,0.0068150595761835,0.0024613179266452,-0.0235341694205999,0,-0.4078545868396759,-0.6021847128868103,5.782200813293457,1,-0.0024955091066658,0.0071098986081779,0.0555118136107921,0,1.1505491733551023,0.5370040535926819,2.161099910736084,1,-0.0568052381277084,-0.0668931230902671,0.0461675412952899,0,0.0121074290946125,0.0053745843470096,-0.0131263034418225,0,-0.2633563876152038,-0.5704081058502197,4.407745838165283,1,0.0031405722256749,0.0071056429296731,-0.0304948259145021,0,-0.0055157262831926,-0.0080712726339697,-0.0102216191589832,0
0.6773837804794312,-0.7796788811683655,16.68829917907715,0.5897192358970642,0.6643155217170715,1.6908531188964844,1,-0.4120475649833679,-1.131427526473999,3.0038602352142334,1,-0.0015077836578711,-0.0086418520659208,-0.0224018804728984,0,0.4867376387119293,0.2809283435344696,5.229774951934815,1,0.0076379943639039,-0.0107213258743286,0.0552559755742549,0,0.0039479532279074,0.0045153945684432,-0.0057688625529408,0,0.0321702770888805,-0.5338568091392517,6.64019250869751,1,-0.0516256242990493,-0.0501591600477695,0.0982382595539093,0,0.0223515983670949,0.0053685032762587,-0.0017053128685802,0
0.9072460532188416,-0.2978069484233856,22.467153549194336,0.0035983750130981,-0.0028265486471354,-0.0060019684024155,0,0.0309965088963508,-0.0895324572920799,6.211670875549316,1,0.0046201129443943,0.0060447878204286,0.0055848211050033,0,0.0015879246639087,0.0028248622547835,-0.0012018531560897,0,0.3348434865474701,-0.036322683095932,8.36194896697998,1,0.0055126505903899,0.0044796159490942,-0.0377709902822971,0,-0.0020450139418244,-0.0038537315558642,-0.0114716365933418,0,0.5287683010101318,-0.1825015097856521,7.957149505615234,1,-0.000636275683064,0.0038806989323347,-0.0127547709271311,0
0.0942753255367279,0.4763500094413757,21.034582138061523,0.3518245816230774,0.1722970008850097,5.200740337371826,1,0.0059869899414479,0.0084072928875684,0.0148200783878564,0,0.0015511509263888,0.0038486749399453,-0.0545549802482128,0,-0.3076105415821075,0.0653673037886619,11.739081382751465,1,-0.0159317497164011,0.0117843253538012,0.026340052485466,0,0.0058895614929497,0.010473970323801,-0.0197786781936883,0,0.0549918748438358,0.2208441942930221,4.0628814697265625,1,0.0016044533113017,-0.0083156479522585,0.0653403103351593,0,-0.0040309964679181,-0.0083570824936032,-0.0002889020252041,0
1.205221176147461,-0.3832857310771942,7.716714382171631,0.1643837690353393,0.0079785156995058,0.0854718312621116,0,-0.4440484642982483,-0.3642293214797973,3.599916219711304,1,-0.0020968299359083,0.0029689539223909,0.0476398691534996,0,0.8855842351913452,-0.0275609642267227,0.487112820148468,0,-0.6758877635002136,-0.0177381336688995,2.185545921325684,1,-0.0001669623015914,-0.0056664962321519,0.0064069936051964,0,1.3657000064849854,0.0227307006716728,0.9224016666412354,1,-0.0886635556817054,-0.0057758064940571,0.3768549263477325,0,0.0004167539882473,0.0040067937225103,0.0053640510886907,0
0.277236670255661,-0.1517223715782165,16.57382583618164,0.2659809589385986,0.2106409817934036,0.7629753947257996,1,-0.1462506204843521,-0.321276992559433,0.9905303716659546,1,-0.0009863134473562,-0.0009748988086357,-0.0227142479270696,0,0.9617420434951782,0.2020316570997238,8.630956649780273,1,-0.012823105789721,0.0007174200145527,-0.0324695408344268,0,0.0049672564491629,0.0018064455362036,-0.0013678651303052,0,-0.833836555480957,-0.2680504322052002,6.2684245109558105,1,0.0344660840928554,0.0093002561479806,-0.0436118394136428,0,0.0039769825525581,0.0140831861644983,0.0211020093411207,0
0.4960893988609314,-1.7991938591003418,11.292557716369627,-0.0044190273620188,0.0053515098989009,-0.0136274313554167,0,0.0027999102603644,0.0020066138822585,-0.0313413105905056,0,1.0887119770050049,0.0823730006814003,5.155292987823486,1,0.0117301307618618,-0.0042491573840379,-0.0087015619501471,0,-0.0096612079069018,0.0524804145097732,-0.0202801972627639,0,-1.3050825595855713,-2.0570201873779297,4.473633289337158,1,-0.0032373631838709,-0.0370710492134094,-0.0170997940003871,0,0.6894132494926453,0.118160679936409,1.7798997163772583,1,0.025834321975708,0.0387742444872856,-0.0252178143709898,0
-3.9490749835968018,-7.150992393493652,14.288867950439451,0.0228287633508443,0.012125339359045,0.0322045609354972,0,1.0825364589691162,-0.7267055511474609,2.3157756328582764,1,-1.0794343948364258,0.3883702456951141,2.2956244945526123,1,0.0089530618861317,-0.0004463692894205,0.0099472887814044,0,0.7801145315170288,-0.540178120136261,0.5610730051994324,1,-1.3719984292984009,-0.2322287261486053,4.000598430633545,1,0.0097794970497488,0.1151983886957168,0.0260760355740785,0,0.823669970035553,-0.3367918729782104,0.7627530097961426,1,-4.225524425506592,-5.83033561706543,4.284814357757568,1
-0.7116658091545105,0.5434001684188843,12.629070281982422,-0.0063325394876301,-0.0006969814421609,0.0055315303616225,0,1.280221462249756,0.0144523279741406,0.7452845573425293,1,-0.0017214132240042,-0.0158247612416744,-0.0134243844076991,0,-0.0054108221083879,0.0061265868134796,-0.0237336624413728,0,0.3267461657524109,-0.0424643084406852,0.4943371117115021,0,-0.7065125703811646,0.0492421314120292,1.9980645179748533,1,0.003027347382158,0.0014165269676595,-0.0020428183488547,0,-0.022669592872262,0.0072252587415277,0.016439976170659,0,-1.5790139436721802,0.523923397064209,9.408613204956056,1
0.1939427107572555,0.4283041656017303,3.3314807415008545,0.0052674356848001,-0.0069784712977707,-0.0106978807598352,0,0.7142629623413086,0.4499274492263794,0.0163191389292478,0,-1.7687321901321411,-0.3030229210853576,0.4966566264629364,0,0.0052158189937472,0.0040801088325679,0.0320869609713554,0,0.982753336429596,0.1509957611560821,1.547588348388672,1,-0.2462392896413803,0.1167547404766082,0.6782143115997314,1,-0.0034705942962318,0.0008199125877581,0.005244399420917,0,0.5007132291793823,0.0046574352309107,0.5435258150100708,1,0.0041720140725374,0.0110701220110058,0.0225427169352769,0
2.168238878250122,0.9390012621879578,19.63725471496582,-0.0166282411664724,0.0144951166585087,0.0124245937913656,0,0.2968515455722809,0.6118766069412231,0.0236371140927076,0,-0.2590328156948089,-0.2905572056770324,0.8776689171791077,1,0.0068159704096615,0.0039923451840877,0.0284884870052337,0,1.4714984893798828,0.5927909016609192,17.054733276367188,1,0.007664403412491,-0.0074305678717792,-0.0150493998080492,0,0.8654968738555908,0.4234933257102966,0.4544683694839477,0,-0.2104819864034652,-0.4306980669498443,1.181088924407959,1,0.0060544521547853,0.0210388042032718,0.0197944398969411,0
-1.639973759651184,2.581895589828491,13.961837768554688,1.6597613096237185,-0.339754581451416,2.3052799701690674,1,-0.3045539557933807,1.1699552536010742,0.9534173607826232,1,-0.0028255658689886,-0.0056466409005224,1.905161298054736e-05,0,1.0883712768554688,-0.7828447818756104,3.3081510066986084,1,-0.2964302897453308,0.6045253276824951,4.118325233459473,1,0.0011962277349084,0.0080924900248646,0.0009983123745769,0,-0.022646527737379,-0.1037045419216156,0.2093872427940368,0,-3.737590312957764,2.014554500579834,3.0754408836364746,1,-0.0252558272331953,0.0167185757309198,-0.0091799516230821,0
0.5418899059295654,-0.4928480088710785,5.474876403808594,0.0462781600654125,0.0031396900303661,-0.0032308993395417,0,0.3235182166099548,-0.01960308291018,0.0932222008705139,0,0.0007218461250886,-0.0133316563442349,-0.0206388402730226,0,0.0026930219028145,-0.0030093581881374,-0.0146114099770784,0,0.2399488091468811,-0.1148931235074997,2.816796064376831,1,0.0080369906499981,8.069169416557997e-05,-0.0294761843979358,0,0.0028884676285088,0.1059842780232429,-0.0173098724335432,0,-0.0890525728464126,-0.5070855617523193,2.6782612800598145,1,0.0068570505827665,0.0558701418340206,-0.0281362924724817,0
-0.3859119415283203,-1.4005659818649292,8.701044082641602,-0.3522036075592041,-0.458212286233902,2.710155487060547,1,0.0023063498083502,0.0034847850911319,-0.0087169185280799,0,-0.001655502943322,-0.0006174389855004,0.0070088948123157,0,-0.1078562811017036,-0.6863376498222351,5.38353967666626,1,-0.012489371933043,0.0103267356753349,0.0232131648808717,0,0.0232871659100055,0.0055161821655929,-0.0066480194218456,0,0.061137817800045,-0.26297128200531,0.5020605325698853,1,0.0024421031121164,-0.0182928517460823,0.0674673691391944,0,-0.0008806180558167,0.0065379072912037,0.0229621566832065,0
-1.665910243988037,-5.149299621582031,1.8876547813415527,-0.0287535954266786,-0.0171343833208084,-0.0212032087147235,0,0.4753464460372925,-0.9694980382919312,0.5889214277267456,1,-0.5190029740333557,-0.0488208718597888,0.8150205016136169,1,0.0018911459483206,-0.0140981944277882,0.0055252653546631,0,0.3872898817062378,-1.1651068925857544,-1.3980759382247925,0,-1.2407320737838743,-1.548858642578125,0.3294966518878937,0,-0.0316012129187583,0.0468432642519474,-0.1661233454942703,0,0.2531645596027374,-0.6730456948280334,0.4326136112213135,0,-0.9635124206542968,-0.7595801949501038,1.3014798164367676,1
-1.2592085599899292,2.7484378814697266,6.434352397918701,0.0037226055283099,0.009433776140213,-0.0121017722412943,0,-0.0537362806499004,1.306445598602295,1.3751267194747925,1,-0.0044508213177323,-0.0008490929030813,0.0217254441231489,0,-0.1133749261498451,2.092936754226685,2.491652727127075,1,-0.666319727897644,-0.605329692363739,1.897634983062744,1,0.0128331836313009,-0.0085922349244356,-0.0105497259646654,0,-0.4360654652118683,-0.0636865645647049,0.6702916622161865,1,0.0007075956673361,0.0062512904405593,0.0010622756090015,0,-0.0025247021112591,0.011828064918518,-0.0004906833055429,0
-0.069764107465744,3.192089080810547,11.214995384216309,0.0702483281493187,-0.0104567045345902,-0.006815212778747,0,-0.9126739501953124,1.617766261100769,2.60819411277771,1,-0.0094066644087433,-0.0332781448960304,0.0189279839396476,0,0.4804441630840301,0.0221275072544813,0.6934573650360107,1,-0.2854777574539184,0.3404395580291748,5.83953332901001,1,0.1382207870483398,0.1227265372872352,1.9437825679779053,1,0.5291139483451843,1.21868634223938,-0.796714186668396,0,-0.1047075763344764,-0.1090626046061515,0.8574011325836182,1,0.024474686011672,0.0231403969228267,0.0572278313338756,0
0.5349870920181274,-0.2621602714061737,7.442046165466309,0.0391114205121994,0.2766989171504974,0.9044229984283448,1,-0.1852658689022064,0.803602933883667,-0.5474110841751099,0,0.1614381074905395,0.0784431621432304,-0.579001247882843,0,0.4173049926757812,-0.947672963142395,3.377418041229248,1,-0.0072593330405652,0.1600231379270553,0.4279006421566009,0,0.0368745289742946,0.06160768866539,-0.0393869504332542,0,0.0056571727618575,-0.0042453277856111,-0.0330289304256439,0,0.0506326854228973,-0.6739532947540283,3.9200279712677,1,0.0164934527128934,-0.0166645683348178,0.0111044542863965,0
0.3092830181121826,0.5891879200935364,13.768115997314451,0.0218892991542816,-0.0114396922290325,-0.021719129756093,0,1.98897397518158,0.16611348092556,2.7295517921447754,1,-0.0587231144309043,0.0120256319642066,0.1236929818987846,0,0.013733897358179,-0.0010814894922077,0.0637072026729583,0,1.8595777750015257,-0.2589570581912994,2.5489113330841064,1,-1.3733848333358765,0.264654278755188,3.011763572692871,1,0.0004177996597718,-0.0018818265525624,0.0009562379564158,0,0.6076856851577759,-0.1209733560681343,0.5434184670448303,1,-2.750887155532837,0.540727972984314,4.767833232879639,1
-0.3412086367607116,-0.785790205001831,9.99550724029541,0.0136498278006911,0.00051642768085,-0.0131598263978958,0,-2.592413663864136,-1.381188988685608,4.424633502960205,1,-0.0006472679669968,-0.0083515057340264,-0.0227930229157209,0,0.5588030219078064,0.3294811546802521,1.6633832454681396,1,-0.0372339226305484,-0.0295585859566926,0.0139718446880579,0,0.0193213019520044,0.0271630976349115,-0.0587802417576313,0,1.6894307136535645,0.269169420003891,4.010903358459473,1,-0.0035266885533928,-0.0040778568945825,-0.0134608773514628,0,0.011407901532948,0.0110566224902868,-0.0091905565932393,0
0.0414239354431629,-0.0786339119076728,17.227609634399414,0.097222663462162,-0.0372039899230003,4.365896224975586,1,0.0016701351851224,0.0026300372555851,0.0013039420591667,0,-0.0055797197856009,0.0041375900618731,0.0194570608437061,0,0.2185451835393905,-0.1023377925157547,6.997378349304199,1,0.0030103852041065,-0.0002057955280179,-0.0450625009834766,0,-0.0117518734186887,-0.0031408006325364,0.00353977503255,0,-0.2526487708091736,0.0573683008551597,5.957278728485107,1,0.0013654970098286,0.0059310654178261,-0.0596261769533157,0,-0.010409589856863,-0.0058125075884163,-0.012556561268866,0
-0.5045155882835388,-1.917271971702576,16.16965103149414,0.0842371135950088,0.0043240040540695,-0.0347110778093338,0,-2.0406289100646973,-3.867770195007324,8.35883903503418,1,-0.0049407100304961,-0.0118226716294884,-0.0152481375262141,0,0.1784211248159408,0.2901948690414428,0.6499353647232056,1,0.1182863637804985,-0.0688841864466667,5.235819816589356,1,0.0141856782138347,0.0094837956130504,0.0112064955756068,0,1.1943234205245972,1.6791083812713623,2.0802972316741943,1,-0.0642942860722541,0.0283290799707174,-0.0784802287817001,0,0.0158946793526411,0.0197648201137781,-0.0380076244473457,0
